0.000 2.760
3.870 5.220
5.940 9.030
9.300 10.200
11.910 12.540
14.340 16.710
16.800 18.630
21.120 22.170
22.890 23.490
24.660 25.830
26.640 27.630
28.950 30.210
30.930 32.250
32.250 32.970
33.180 35.130
35.520 37.050
40.530 42.840
44.550 45.240
45.240 45.840
46.350 47.460
48.000 48.930
49.050 49.650
49.890 50.520
51.690 52.800
53.040 53.760
53.760 54.780
55.380 56.280
59.910 61.710
61.740 63.240
63.750 67.320
67.320 71.280
72.480 75.510
75.510 78.360
78.600 79.650
79.980 85.080
85.440 86.490
86.490 87.090
88.590 92.010
92.190 93.540
94.860 96.210
96.750 97.770
98.490 101.220
101.640 102.390
102.690 104.880
105.270 107.790
108.450 109.800
109.890 110.610
110.880 112.260
113.100 114.660
115.230 116.250
117.810 121.560
122.700 124.980
125.220 125.970
126.030 127.440
127.800 129.480
129.750 130.620
130.620 131.640
132.510 139.620
141.810 143.310
144.630 148.080
148.560 149.760
150.960 152.520
153.510 156.480
157.290 160.500
162.270 163.680
164.520 167.430
167.550 168.450
168.780 171.000
172.470 175.980
176.880 178.080
178.440 179.100
179.130 181.620
181.740 182.640
182.850 184.230
184.560 185.820
186.330 187.080
188.040 191.490
191.880 194.190
194.610 196.020
197.370 197.970
198.330 201.540
201.750 205.260
205.650 207.330
208.230 209.940
210.240 211.680
212.790 215.790
216.330 220.500
220.680 221.280
222.600 224.880
224.910 225.990
226.380 228.210
228.720 229.590
229.620 231.060
231.540 233.280
234.600 235.680
235.890 238.800
239.640 240.630
240.930 241.860
242.610 243.780
246.390 247.590
248.340 249.180
249.240 250.830
252.300 254.910
254.910 256.710
256.710 257.370
257.400 258.480
259.830 261.690
261.750 262.410
262.440 264.990
265.050 265.650
266.190 267.210
267.390 269.040
269.790 270.600
271.020 271.830
271.830 272.970
273.060 274.470
274.470 275.190
276.570 277.290
278.190 279.510
279.600 283.350
283.500 285.660
286.170 288.180
289.080 289.710
290.160 291.210
291.210 292.320
292.320 293.490
294.900 298.590
299.460 300.990
301.380 302.340
302.610 303.510
305.940 309.000
309.360 311.040
312.000 312.600
313.380 314.520
314.760 316.290
316.890 318.240
319.230 321.870
322.500 326.310
326.580 327.930
328.710 329.940
332.310 334.350
334.740 335.490
335.670 336.900
337.320 339.720
339.870 341.370
341.490 342.210
343.710 344.820
344.820 345.690
345.870 347.430
347.910 349.260
349.260 350.130
350.220 351.150
351.960 353.070
353.340 355.500
355.770 357.120
357.390 357.990
358.380 359.730
359.940 362.310
362.520 363.390
364.350 365.880
367.290 368.730
368.820 369.690
370.380 371.610
374.400 376.590
376.650 379.740
381.090 381.780
381.780 383.460
383.460 384.480
385.080 387.090
387.570 388.620
388.680 389.280
390.870 392.040
393.630 395.190
396.750 397.740
399.330 400.650
400.830 401.910
403.650 405.600
405.600 407.850
408.510 409.260
410.460 411.930
412.110 412.830
413.670 414.600
414.810 415.680
416.520 417.420
419.580 420.210
420.540 421.710
421.830 422.640
424.770 425.370
425.700 426.660
428.310 429.600
