0.000 5.610
5.610 6.420
6.480 52.800
52.800 73.800
73.800 80.880
80.880 93.900
94.230 95.130
95.280 100.020
100.020 107.910
108.120 132.240
132.270 133.590
133.650 142.440
142.530 144.840
145.080 158.370
158.400 178.560
178.560 232.500
232.560 234.180
234.330 264.030
264.030 273.990
274.020 279.270
279.270 305.820
305.820 318.510
318.540 323.130
323.130 331.170
331.260 335.610
335.610 341.550
341.610 360.480
360.510 372.030
372.210 375.930
375.930 403.530
403.800 405.450
405.540 419.970
419.970 451.170
451.170 462.840
462.900 476.220
476.220 483.900
483.900 487.470
487.500 489.000
489.120 490.500
490.710 492.810
492.900 504.150
504.150 507.420
507.420 510.300
510.360 516.780
516.780 520.980
520.980 525.060
525.330 526.200
526.890 528.030
528.060 530.760
530.940 531.900
535.020 535.710
538.230 538.980
541.470 542.070
