0.000 11.580
12.030 12.630
16.020 18.210
18.780 23.070
24.120 26.820
26.820 29.670
31.110 31.710
31.800 36.030
37.230 38.820
38.940 43.050
45.120 46.560
48.870 51.540
53.730 55.860
56.070 61.590
63.870 66.300
68.010 72.840
75.540 78.360
78.360 79.950
82.140 84.480
85.710 86.640
86.640 88.170
88.410 89.580
89.580 91.140
92.670 95.550
96.690 98.130
100.710 102.180
104.760 106.200
106.860 108.510
110.700 113.760
120.870 122.340
122.970 124.920
124.920 127.320
129.060 131.100
132.990 134.430
137.520 139.920
141.420 142.020
143.430 146.040
148.950 152.220
153.150 154.620
157.170 158.640
161.220 162.660
165.240 166.710
169.290 170.730
172.770 176.190
177.360 179.610
181.380 183.750
184.710 186.360
189.450 190.920
193.470 196.800
197.520 200.340
201.540 203.010
205.590 207.030
209.610 211.080
213.660 215.100
215.340 218.640
218.640 220.740
222.240 224.730
224.730 226.710
229.770 231.240
233.460 236.670
237.840 239.310
239.850 240.960
240.990 242.280
243.000 246.330
246.840 247.830
247.860 250.890
252.120 254.940
255.150 257.490
257.700 261.210
261.210 263.010
263.580 265.230
265.230 267.120
267.120 268.530
270.120 273.360
274.020 277.320
278.190 279.630
279.630 283.170
283.170 286.050
286.410 292.260
293.910 297.660
298.350 299.820
301.980 305.700
306.420 307.860
310.440 311.910
314.490 318.450
318.480 320.610
320.850 323.520
323.850 325.440
326.490 328.650
330.690 332.610
332.820 335.610
338.670 340.140
342.720 344.160
344.460 345.870
346.740 348.210
350.790 352.230
354.810 362.220
362.880 368.640
368.640 372.570
373.380 378.630
379.020 381.360
381.420 384.630
385.860 388.050
391.110 392.580
393.990 398.220
398.700 402.600
402.750 403.650
