0.000 11.580
16.800 18.330
18.780 21.750
22.890 23.700
23.880 25.140
25.140 27.390
27.630 28.410
28.650 30.630
31.200 33.540
33.570 35.760
36.780 40.830
41.940 44.070
44.250 45.780
45.780 47.940
47.940 49.020
56.580 59.490
64.410 68.340
68.490 70.710
74.820 76.710
96.030 97.740
97.950 100.140
115.500 117.090
117.300 119.580
128.250 129.810
129.810 131.700
140.880 142.980
144.330 146.610
146.610 149.970
150.750 153.960
155.160 157.980
157.980 160.230
160.320 161.370
161.490 163.050
163.050 164.460
164.460 165.390
172.290 175.500
176.820 177.990
181.740 184.050
185.550 187.140
187.920 192.660
195.030 198.660
198.660 199.890
199.890 201.060
201.060 202.680
203.040 205.080
207.780 209.640
209.640 212.130
212.760 216.750
216.750 219.300
222.180 224.850
225.180 227.700
229.170 232.950
234.360 237.420
237.420 240.120
241.830 244.140
244.650 249.210
249.390 250.680
252.690 254.850
255.390 257.610
257.700 258.930
259.050 261.720
263.550 266.220
266.400 271.230
272.580 277.710
279.060 283.170
283.200 284.670
286.350 287.130
287.130 288.840
288.960 290.220
290.580 292.350
292.560 294.300
295.680 296.460
296.460 300.900
303.150 304.560
304.890 306.540
309.390 311.610
311.700 312.720
313.980 320.040
321.300 322.800
323.910 327.300
328.080 331.800
332.520 335.100
335.130 336.240
337.590 340.200
341.700 344.400
344.400 345.870
348.120 350.430
350.430 351.990
354.810 358.800
361.110 364.800
365.040 365.820
366.060 368.160
368.160 369.840
372.810 377.370
379.050 382.530
382.530 383.970
388.890 390.630
390.750 393.090
404.130 405.720
405.720 407.040
408.600 412.050
413.400 415.920
416.460 417.870
417.870 421.710
424.590 428.880
428.880 429.540
430.950 431.880
431.880 434.700
434.970 435.810
435.960 438.750
440.910 443.850
445.200 448.770
449.490 452.970
460.170 463.440
465.780 467.040
468.060 469.020
469.710 470.730
470.880 473.040
474.000 474.750
474.780 478.260
479.010 482.220
483.270 484.860
485.460 488.160
488.730 493.440
494.190 498.660
498.900 500.160
500.160 502.650
503.610 506.040
506.130 508.620
519.450 522.300
522.600 524.010
534.570 539.430
540.750 544.980
545.490 546.330
546.570 548.400
548.430 550.830
552.540 555.750
564.000 568.350
570.870 573.960
574.500 579.930
580.440 583.350
583.590 584.370
