0.000 11.580
16.590 18.060
18.330 20.940
20.940 23.460
24.180 26.550
26.670 27.270
27.420 28.620
28.620 31.350
32.100 34.320
34.350 36.150
36.990 38.430
38.970 41.010
46.950 49.560
52.080 54.180
54.360 59.700
61.470 63.150
66.030 67.290
67.320 68.400
68.580 70.710
72.660 74.460
74.460 75.060
83.550 84.780
84.780 86.160
94.800 97.230
102.630 104.910
107.160 110.730
111.660 113.250
113.880 114.870
115.380 116.160
116.190 120.390
120.840 123.150
123.870 125.040
125.550 127.590
127.920 129.420
130.050 131.040
131.430 134.340
134.850 137.760
138.360 142.110
142.860 143.970
144.450 147.330
147.960 148.890
149.220 151.860
152.160 153.510
153.510 155.520
156.270 157.290
157.290 161.190
162.120 164.700
164.790 166.770
168.270 170.520
170.790 173.070
175.200 176.880
179.490 183.930
185.640 189.060
190.440 193.050
193.380 195.690
199.650 202.140
202.710 205.290
208.500 209.550
212.490 215.130
215.190 217.980
217.980 221.790
222.960 225.120
225.210 226.710
226.710 228.360
228.840 232.830
232.860 234.660
235.680 237.810
238.680 241.140
241.140 243.270
243.630 249.150
250.050 253.530
254.580 257.130
257.370 258.900
259.020 261.840
262.230 265.020
266.430 267.270
267.810 268.770
268.770 270.240
271.470 273.630
275.370 278.430
278.430 280.110
281.730 286.230
288.090 291.030
291.120 291.960
292.140 294.600
296.370 298.440
298.440 299.460
299.610 300.390
300.390 302.610
304.320 307.380
313.500 317.940
318.390 321.360
321.510 323.850
325.320 326.700
326.700 327.810
328.260 329.730
331.680 333.390
333.390 336.810
354.360 359.520
366.630 370.350
370.470 371.280
