0.000 11.580
16.680 18.090
18.330 23.850
23.850 25.710
25.710 27.420
27.720 31.590
31.920 33.390
33.480 35.580
43.350 45.600
48.450 49.650
55.350 57.150
57.960 58.950
59.070 60.570
74.730 76.710
82.440 83.880
84.000 87.180
88.830 90.060
90.120 94.020
94.170 97.500
97.980 100.440
100.500 103.560
104.220 107.220
108.150 110.820
123.720 126.390
139.470 140.940
144.510 146.190
148.590 149.940
154.410 156.840
158.070 160.110
161.520 162.930
164.730 169.470
169.950 173.310
173.340 176.490
176.730 177.990
178.230 179.940
180.240 181.440
181.800 184.200
185.010 187.920
188.010 190.890
190.890 192.210
192.420 194.280
194.340 195.210
195.210 197.040
197.370 200.400
200.640 203.520
203.940 205.950
205.950 207.300
207.570 209.640
209.640 211.320
211.320 212.100
212.100 214.560
216.630 218.580
218.580 222.360
222.960 227.520
227.850 231.870
232.650 237.540
237.570 239.340
239.880 244.710
249.030 252.300
252.510 255.360
255.360 259.260
260.280 261.750
261.840 262.650
262.650 264.840
265.170 268.740
269.040 274.680
275.610 277.740
277.740 281.100
282.480 285.210
285.210 286.950
287.040 290.250
290.640 292.170
293.850 296.700
296.700 297.660
307.440 311.190
314.040 316.410
334.830 338.550
338.820 339.600
