0.000 11.580
12.030 12.630
16.050 17.610
17.610 20.520
20.820 23.640
23.790 25.770
25.920 28.590
28.590 32.790
32.850 34.350
34.380 36.900
37.590 40.500
41.010 42.870
42.960 43.830
44.580 45.780
46.380 48.210
48.210 49.260
49.950 52.650
53.550 54.660
54.780 56.700
57.120 58.320
58.920 60.000
60.870 63.810
63.810 68.970
69.480 72.540
73.380 74.340
75.030 76.230
76.830 90.240
91.500 92.250
92.940 94.050
94.740 95.850
96.540 97.530
98.310 99.480
100.110 101.460
101.490 104.370
104.370 108.420
109.230 110.940
110.940 112.110
112.650 118.560
119.820 122.820
123.390 124.500
124.950 126.000
126.990 128.010
128.010 132.180
132.180 133.140
133.140 138.690
138.870 141.480
141.480 144.210
144.900 145.890
146.670 147.780
148.470 149.580
150.270 151.320
152.040 153.150
153.840 155.040
155.640 161.070
161.070 162.150
162.360 165.030
165.210 168.330
168.330 172.020
172.020 175.230
175.410 177.390
177.510 181.200
181.320 186.240
186.240 188.880
189.000 192.510
192.780 193.470
