0.000 2.760
3.870 5.220
5.850 7.950
7.950 9.870
10.080 12.210
12.540 19.140
19.740 26.610
26.670 29.610
30.090 35.610
35.640 36.540
36.780 37.470
37.470 40.650
41.220 45.720
45.960 47.670
48.240 53.340
53.430 55.680
56.010 60.030
60.330 62.730
62.820 67.170
67.650 69.300
69.870 72.360
72.360 75.600
75.660 79.440
79.500 85.080
85.830 90.120
90.510 92.520
92.760 97.650
98.460 100.830
100.830 102.750
102.750 103.800
103.800 108.180
108.480 109.950
110.190 112.890
113.190 115.830
116.370 120.240
120.420 122.880
123.090 127.050
127.110 128.250
128.760 132.510
132.930 135.990
136.170 138.840
139.590 140.370
140.370 142.530
143.280 145.950
146.610 150.360
150.750 151.950
153.060 155.910
156.360 160.650
160.830 163.770
164.280 168.360
169.080 169.860
170.790 173.250
173.250 174.390
174.660 178.620
179.490 181.170
181.320 182.370
182.460 183.300
184.020 186.510
186.840 187.680
188.130 189.870
190.140 191.910
192.330 193.440
193.500 195.150
195.150 195.870
196.080 197.040
197.250 198.300
198.660 202.170
203.550 206.040
206.280 207.210
210.150 211.470
212.910 214.260
215.490 216.390
216.870 218.190
218.670 219.690
221.130 222.810
225.240 227.100
227.790 229.050
229.170 230.790
231.360 232.770
232.860 234.150
234.720 237.030
237.600 239.370
239.940 240.540
240.540 242.130
242.160 243.600
243.600 244.200
245.070 248.340
249.210 250.500
250.800 252.210
253.770 255.060
256.860 258.390
258.450 259.620
260.490 261.090
261.090 262.230
264.000 264.750
