0.000 11.580
12.030 12.630
15.990 17.280
17.280 18.630
19.350 24.060
24.660 27.240
27.240 30.510
31.320 35.160
35.820 37.530
37.620 39.690
41.400 43.710
47.760 51.330
56.880 58.980
65.940 69.510
71.220 72.450
76.260 79.140
80.670 83.310
92.040 94.710
96.210 97.290
98.670 99.570
102.840 105.180
106.710 107.910
108.300 110.580
114.870 117.390
117.960 119.730
120.750 122.490
127.980 130.110
130.950 133.020
143.520 145.140
145.170 147.840
148.260 150.750
151.710 155.100
155.430 156.750
157.350 159.420
160.260 162.150
162.660 163.920
164.430 166.110
166.110 168.750
169.350 170.790
172.170 175.440
181.860 183.330
191.520 193.530
196.110 200.220
202.290 204.960
209.820 211.410
212.070 214.410
214.410 216.450
216.600 219.570
219.930 221.040
221.100 222.990
223.140 225.630
226.380 227.790
227.940 229.590
229.590 232.620
233.130 238.050
238.050 238.980
239.010 240.810
241.050 244.170
244.290 246.480
246.900 250.680
251.430 253.710
254.580 257.610
262.230 264.150
264.810 266.700
267.390 268.440
268.440 270.180
271.470 272.400
272.400 273.750
274.680 276.180
279.060 282.120
285.450 290.370
290.370 291.870
292.890 294.900
297.660 299.880
303.330 305.280
307.230 312.000
312.300 314.610
315.090 317.100
317.460 320.760
321.150 322.890
325.500 326.970
327.420 329.820
333.570 335.880
336.420 337.560
341.970 343.890
344.370 345.630
348.150 349.260
350.310 352.230
353.790 354.870
354.870 357.360
358.020 360.600
362.040 364.320
365.250 366.090
366.240 372.390
372.990 378.300
379.110 384.000
387.300 391.410
392.460 397.200
398.010 399.630
399.720 403.410
404.730 409.410
410.310 414.540
415.770 419.730
419.730 422.670
427.470 431.700
432.420 442.020
442.500 447.240
447.930 451.680
452.340 454.890
455.970 461.280
461.940 464.880
465.090 467.850
468.270 469.860
469.860 471.990
473.220 475.260
475.530 478.470
479.130 483.240
487.440 490.500
490.770 494.580
494.730 496.800
497.820 501.630
502.410 506.130
506.130 507.780
507.780 510.030
510.660 516.480
518.760 522.450
534.870 535.950
535.950 540.720
541.380 543.240
562.140 564.270
565.260 568.530
568.830 569.640
