0.000 11.580
17.160 18.570
18.810 23.160
23.760 26.520
26.610 31.830
32.070 35.940
36.120 37.560
37.740 39.810
42.750 44.940
47.190 50.010
55.470 56.550
66.450 67.800
67.860 70.290
70.560 71.730
72.030 73.080
74.460 77.190
77.460 80.010
80.610 82.500
82.500 84.090
90.870 92.790
96.540 99.600
99.840 101.640
102.870 105.780
106.980 109.020
109.500 110.580
110.880 111.750
114.390 116.430
116.850 118.410
118.770 119.790
120.480 121.380
123.300 125.310
125.910 127.410
128.700 130.650
130.680 131.640
132.030 133.080
133.500 134.790
135.330 136.350
136.530 138.000
138.570 141.210
145.530 146.580
146.670 147.900
148.260 150.030
150.570 152.310
153.870 156.180
156.870 158.160
160.260 161.670
164.040 165.030
168.180 169.170
170.940 171.870
174.660 176.220
176.940 177.990
189.360 192.750
194.520 195.420
199.800 200.730
204.300 205.200
205.200 207.720
208.320 210.540
212.220 214.470
214.470 216.780
217.470 218.370
218.550 219.390
219.600 220.440
220.710 221.400
221.520 222.360
223.140 225.720
228.570 231.720
232.200 234.060
234.720 235.800
236.160 237.750
238.350 239.490
239.610 242.130
242.490 243.660
244.200 246.390
248.310 251.970
253.050 255.270
258.690 261.900
262.410 266.820
267.540 272.460
272.940 276.450
276.720 279.450
279.600 280.410
280.500 282.690
282.750 285.330
285.960 290.430
290.940 292.110
292.980 294.330
295.230 296.340
299.010 302.040
302.250 303.660
303.750 304.890
305.220 308.760
309.660 311.550
322.380 324.780
324.810 326.190
327.660 330.030
350.100 353.520
353.820 354.510
