0.000 11.580
12.030 12.630
16.020 17.160
17.160 18.480
18.600 21.720
22.950 26.280
27.150 29.700
29.790 30.750
31.650 33.510
33.630 35.550
36.000 37.260
37.440 39.870
39.960 41.400
42.090 45.930
49.680 51.180
51.240 54.510
54.720 56.580
60.120 64.680
65.490 67.650
67.740 68.820
68.880 70.500
71.520 72.840
73.020 74.820
75.150 77.970
79.320 81.690
83.580 85.170
85.230 89.220
89.250 91.500
92.970 96.480
97.860 100.560
103.920 109.620
110.100 111.720
112.770 115.860
116.520 119.280
119.940 121.800
123.060 127.590
128.220 129.600
129.960 133.890
134.700 137.910
139.860 144.300
144.990 146.550
146.550 148.740
149.940 154.020
155.790 157.890
158.610 160.260
161.550 163.620
168.000 170.670
171.270 172.500
174.360 175.560
177.870 178.800
178.980 184.950
185.070 188.040
188.490 191.130
193.740 195.870
197.640 201.870
203.010 206.400
206.700 207.240
