0.000 11.580
12.030 12.630
15.990 18.000
18.090 20.880
21.300 25.620
26.310 30.060
30.510 32.820
32.820 34.260
36.840 39.090
41.520 42.780
47.070 48.570
53.310 54.780
71.820 75.690
75.900 77.280
77.280 78.030
79.290 80.820
83.970 85.170
85.800 86.550
87.300 88.260
108.690 110.430
114.420 116.010
118.890 120.390
126.540 127.770
130.320 131.130
134.310 136.170
137.880 139.080
140.400 142.410
146.880 147.960
150.240 152.310
152.310 153.930
153.930 155.130
156.690 158.340
160.110 162.360
162.360 164.070
164.340 167.220
168.840 171.810
171.810 172.950
172.950 174.900
176.430 177.630
189.090 192.030
192.480 195.690
197.340 199.140
203.040 205.860
206.430 208.470
209.250 211.080
212.130 214.350
214.350 216.930
220.020 222.870
233.430 235.050
235.050 237.780
242.160 243.630
249.480 253.290
255.180 258.480
258.630 260.520
260.640 261.600
