0.000 11.040
11.670 13.980
14.940 16.770
16.770 18.030
18.030 18.630
21.210 22.500
23.130 24.750
27.180 28.890
29.010 29.700
30.450 31.260
31.770 32.400
32.520 33.390
33.510 34.200
34.200 35.010
35.070 35.820
37.290 38.040
38.190 38.790
39.540 40.320
41.640 42.240
42.240 42.930
43.140 43.860
43.920 45.060
45.720 47.070
47.370 48.030
48.360 49.080
49.170 50.220
51.180 52.440
52.710 53.370
53.550 54.750
55.650 56.670
56.670 57.630
59.820 60.510
60.510 61.110
61.620 63.210
63.780 64.410
65.250 66.210
66.300 67.140
67.170 67.770
67.920 68.790
69.060 70.380
70.380 71.190
71.190 72.180
73.410 74.430
75.060 77.340
78.240 78.930
79.020 80.280
81.720 82.980
83.520 84.150
84.870 85.470
86.250 87.180
88.290 89.160
90.660 91.320
91.410 94.350
96.450 98.280
98.340 100.110
101.340 102.090
102.480 103.830
105.330 106.680
106.680 109.140
109.710 110.520
110.520 111.930
111.930 113.700
113.700 114.300
114.750 116.040
116.460 118.080
118.320 118.920
119.490 120.180
120.390 121.110
122.070 123.210
124.080 125.070
125.370 126.930
127.830 128.760
131.160 132.090
132.180 133.470
133.470 135.000
135.390 135.990
135.990 137.370
138.510 140.370
140.610 141.540
141.630 144.210
144.600 146.010
146.430 147.780
149.190 150.750
151.620 153.270
153.270 155.580
157.920 158.520
158.700 159.330
159.720 160.890
160.890 161.670
161.670 162.750
163.080 163.680
163.800 164.400
165.120 166.080
166.440 167.070
169.200 169.800
172.140 173.430
173.610 174.960
174.960 175.770
178.440 180.000
180.000 180.600
180.600 181.560
181.830 182.430
182.670 184.350
184.560 185.790
186.660 187.470
187.470 188.160
188.160 188.820
188.820 189.660
190.470 191.670
191.880 193.320
193.320 193.950
194.790 195.690
196.110 196.980
196.980 197.580
199.770 200.790
201.570 203.250
204.240 205.050
205.650 206.520
209.610 210.900
210.900 211.620
211.980 213.180
213.810 214.680
216.270 216.870
218.370 219.960
220.320 222.000
224.340 225.930
226.320 227.370
227.400 229.260
230.520 231.540
231.930 233.520
233.880 234.540
234.540 236.490
238.020 239.340
239.370 240.060
240.510 241.200
241.890 243.000
244.740 245.580
246.240 247.680
247.890 248.700
248.730 250.170
250.200 251.040
251.610 253.080
253.260 254.130
254.640 255.450
255.570 256.170
257.670 259.200
259.230 259.830
261.600 262.440
264.510 265.260
265.890 268.020
268.140 269.040
269.100 270.060
270.480 271.530
271.950 272.700
272.700 273.390
273.510 274.290
275.130 275.730
276.480 278.580
278.580 282.300
282.930 284.670
284.790 285.900
286.620 289.620
291.210 291.990
292.530 294.660
294.660 295.320
296.310 296.970
298.560 299.700
300.300 301.500
302.310 302.910
303.000 303.930
304.080 305.070
305.610 306.420
306.450 309.000
309.330 310.680
310.710 311.460
311.460 312.450
312.780 315.240
315.240 315.840
316.080 318.360
318.750 320.370
320.970 323.250
323.250 324.840
325.890 326.610
326.610 327.210
327.450 330.300
330.630 331.470
332.130 333.120
333.150 334.290
334.350 335.130
335.970 337.080
337.080 338.190
338.190 339.540
339.780 343.350
343.470 344.070
344.100 344.730
345.510 346.830
348.300 349.140
349.290 351.120
351.210 353.400
354.660 358.740
360.270 361.920
364.230 365.550
365.880 367.020
367.350 368.070
368.430 370.200
370.710 371.490
372.150 372.930
372.930 373.530
373.530 374.220
374.370 375.240
375.240 376.020
376.200 376.890
377.490 378.660
379.110 380.160
380.790 382.290
382.950 383.820
384.210 385.710
386.100 387.000
387.720 388.680
389.070 391.770
391.920 392.520
393.000 393.900
394.590 395.190
395.580 397.260
397.350 398.550
399.600 400.530
401.040 401.940
402.240 404.100
405.030 406.530
407.880 409.530
410.010 411.930
414.060 417.270
417.810 419.340
419.880 421.080
423.000 423.870
423.870 425.340
425.970 426.750
426.750 427.860
428.730 429.330
429.570 430.980
431.640 433.080
433.320 434.880
435.150 435.750
436.620 437.220
437.580 438.360
439.200 440.460
440.550 441.360
442.170 443.640
444.180 445.320
446.940 448.890
448.980 450.240
450.540 451.230
451.440 452.850
453.990 456.090
456.090 458.700
459.270 461.400
461.400 462.240
462.510 463.200
464.880 466.470
466.950 467.820
468.270 469.830
470.130 471.630
471.630 472.440
474.960 476.370
476.400 477.270
477.450 478.920
478.920 480.840
481.020 483.780
484.050 495.840
496.050 498.000
498.870 499.710
499.710 500.430
501.870 502.950
503.370 504.990
505.440 507.450
508.650 510.690
511.620 513.870
514.230 515.550
515.610 516.420
516.660 517.620
518.220 519.090
519.270 521.250
523.320 524.370
524.940 526.380
526.380 527.520
527.820 529.650
529.740 530.340
530.940 532.680
533.070 534.000
534.000 534.690
535.320 537.450
537.630 538.830
538.830 539.820
540.150 541.500
541.500 542.970
543.210 545.070
545.550 546.810
546.810 547.710
548.070 548.730
548.730 549.330
549.630 550.560
550.560 551.190
551.370 553.320
554.580 555.810
555.870 557.070
557.100 557.700
558.690 561.450
561.810 566.400
567.030 567.630
568.440 569.670
569.670 570.630
571.380 572.220
572.520 574.680
575.040 578.340
578.340 579.000
579.750 581.220
582.240 583.110
583.260 584.490
584.490 585.120
585.120 585.720
586.080 587.910
588.270 589.980
590.310 592.440
592.740 594.390
595.320 596.970
597.510 602.100
602.430 604.860
605.550 606.420
606.630 607.500
609.810 611.580
611.790 612.660
613.260 614.160
615.060 615.840
616.320 618.060
618.060 619.530
620.280 621.360
622.170 623.550
623.550 624.450
624.510 625.410
625.500 626.430
627.270 628.080
628.110 628.710
630.360 631.110
631.260 633.270
633.510 635.850
635.880 636.540
636.540 638.850
639.750 642.630
642.900 643.860
644.070 645.480
645.630 647.160
650.310 650.910
650.910 654.630
655.620 656.280
656.880 658.020
660.390 661.110
662.430 663.120
665.280 665.910
666.510 668.730
669.330 672.390
672.390 673.590
673.620 676.980
676.980 677.580
678.180 678.780
678.870 680.010
680.100 680.730
681.330 682.680
683.340 683.940
684.360 685.740
687.600 690.990
691.950 692.640
693.540 694.620
697.350 698.040
698.040 699.090
703.650 706.440
706.440 707.070
707.070 707.730
708.330 709.590
709.890 710.820
711.630 712.680
712.830 714.030
714.330 716.250
716.820 718.020
718.140 719.280
720.090 721.410
721.410 722.040
722.310 722.940
725.160 726.780
726.930 734.130
734.220 734.910
734.910 735.810
736.530 737.130
739.200 739.920
739.920 740.520
742.200 743.790
744.390 745.440
745.680 746.340
746.490 747.270
747.270 748.500
748.500 749.760
750.420 751.230
752.820 753.900
754.110 754.890
756.450 757.200
758.310 759.150
760.290 761.580
761.640 764.460
764.640 765.240
765.690 766.590
766.680 767.640
768.120 768.960
770.520 776.520
777.840 785.040
