0.000 11.580
16.680 18.120
18.420 21.750
22.650 26.280
27.030 29.340
29.340 31.860
33.090 36.540
37.320 38.850
39.300 40.950
44.640 46.740
48.330 52.200
52.260 53.940
55.200 57.060
63.480 64.710
69.570 70.710
80.910 83.940
85.230 86.070
86.250 87.540
88.470 89.880
90.120 91.140
92.040 96.120
96.540 98.490
98.490 99.780
100.830 102.420
103.320 104.430
104.490 105.510
106.800 109.260
110.850 111.990
113.430 114.480
114.660 116.280
116.370 117.600
118.980 122.070
139.410 141.270
146.220 147.300
165.930 167.640
167.820 169.200
176.580 177.810
199.260 202.020
236.580 238.530
243.120 244.500
245.880 246.870
252.120 253.950
255.630 256.860
259.920 261.900
265.260 267.120
273.930 274.920
281.430 283.290
283.350 287.490
287.550 289.290
291.240 294.720
294.720 296.280
298.110 301.470
304.140 306.000
309.180 310.740
321.120 323.910
328.770 331.350
331.530 332.310
