0.000 11.580
12.030 12.630
16.050 18.060
18.330 22.320
22.320 26.100
26.670 30.240
31.020 32.550
33.150 34.800
34.800 36.030
36.450 37.290
37.890 39.180
39.450 41.970
42.600 43.890
44.100 50.160
50.430 54.090
55.140 56.430
56.700 57.990
58.260 59.070
59.850 61.140
61.410 62.700
62.700 65.370
66.120 67.410
67.680 68.970
69.240 70.230
70.830 72.030
72.390 73.680
73.950 75.240
75.510 79.560
80.220 81.360
81.930 82.710
83.370 84.540
84.930 86.310
86.910 88.860
89.730 92.430
92.880 93.750
94.350 95.640
95.910 97.200
97.470 98.610
99.180 99.990
100.620 101.910
102.180 103.410
103.740 105.720
106.080 107.460
108.390 110.850
111.600 112.890
113.160 117.150
117.870 119.160
119.430 120.660
120.990 121.860
122.580 123.750
124.140 125.430
125.700 126.870
127.410 128.160
128.850 130.020
130.410 131.670
131.760 133.200
133.620 134.730
134.730 136.680
137.220 138.450
139.830 145.860
146.100 147.240
147.660 148.950
149.220 150.450
150.810 151.950
152.370 155.550
155.550 158.610
158.640 163.290
163.350 165.990
165.990 169.140
169.710 171.180
171.180 174.150
174.240 176.850
176.850 180.450
180.600 183.060
183.390 184.890
185.130 189.480
190.140 190.920
191.580 195.570
195.810 198.330
198.600 203.310
203.310 205.080
205.680 207.840
208.080 210.540
210.540 212.910
212.910 215.550
216.720 220.740
221.130 225.030
225.360 226.890
227.640 228.930
229.200 230.190
230.790 232.080
232.350 233.640
233.910 235.170
235.470 236.280
237.060 239.040
239.040 241.170
241.890 242.670
243.330 244.590
244.890 249.120
249.600 250.740
251.160 255.030
255.120 255.930
