0.030 1.020
1.080 2.700
3.060 9.600
10.110 12.450
12.540 14.340
15.210 16.710
16.860 21.030
21.570 25.860
26.580 28.920
28.920 33.420
33.420 35.520
35.580 38.520
38.970 42.300
42.360 44.760
44.760 46.410
47.160 51.720
51.840 53.250
53.310 54.870
54.960 56.250
56.490 58.110
58.320 59.820
59.940 61.530
62.730 64.950
65.400 68.280
68.550 70.440
71.520 75.060
75.270 80.280
80.280 82.440
83.100 84.390
84.480 87.930
88.200 89.490
89.910 90.930
91.590 92.850
93.300 94.410
94.980 96.090
96.690 97.830
98.400 99.270
100.080 101.310
101.790 102.900
103.470 104.550
105.180 106.290
107.160 109.230
109.230 110.670
111.690 113.280
113.310 114.630
115.020 116.010
116.010 117.600
117.840 119.670
119.760 120.960
122.160 127.830
128.940 132.750
133.080 136.320
137.430 138.720
139.170 147.450
147.630 150.600
151.020 152.310
152.730 153.630
154.350 157.080
157.950 159.840
159.840 162.930
162.930 169.590
170.520 172.500
172.500 174.570
174.780 176.070
176.490 177.780
178.170 180.210
181.590 182.520
183.270 184.560
184.980 186.210
186.210 188.280
188.370 195.060
195.060 202.590
202.890 203.640
