0.000 1.170
1.170 2.700
3.210 8.880
9.570 12.120
12.120 13.950
13.950 16.590
17.070 19.680
20.460 22.170
22.440 25.050
25.230 28.170
28.920 30.900
31.260 32.580
32.820 33.840
34.110 38.940
39.420 42.330
42.330 44.640
46.380 47.760
48.120 49.560
50.070 51.840
53.010 54.720
55.950 58.110
58.230 59.040
59.310 61.020
61.170 63.090
63.090 64.170
65.130 67.290
68.700 72.120
73.050 75.180
75.330 76.140
76.410 78.090
78.270 80.160
80.160 81.270
81.900 85.890
86.940 88.080
88.410 89.430
90.690 92.700
92.700 95.490
96.720 98.340
99.810 102.960
104.520 105.960
106.110 107.820
108.210 109.440
109.980 110.970
111.330 112.350
114.270 116.280
116.280 120.420
122.070 123.990
126.090 128.820
128.820 130.170
140.220 142.230
145.050 147.690
148.440 149.400
150.690 153.540
154.290 155.460
156.750 158.730
159.630 161.820
169.650 170.880
170.880 172.020
172.140 173.190
188.940 192.780
194.040 198.390
198.390 201.420
201.720 205.080
205.170 207.750
207.870 212.460
213.030 219.330
219.330 224.520
225.510 226.590
