0.000 10.230
10.290 13.290
13.320 14.640
14.640 19.830
19.830 24.240
24.270 25.740
25.740 30.630
30.630 33.360
33.420 40.650
41.250 43.830
43.830 47.490
48.570 52.110
52.170 56.070
56.370 58.560
58.890 59.910
60.480 63.060
63.120 65.160
65.160 67.770
67.950 72.120
72.390 75.630
75.780 76.800
77.850 79.470
79.800 80.760
81.030 84.120
84.390 91.950
92.370 102.270
102.450 103.380
103.380 106.260
106.290 114.990
115.590 117.690
117.810 122.490
122.520 128.370
128.820 132.060
132.840 135.960
136.020 137.910
137.910 139.260
139.260 145.320
146.010 149.220
149.340 152.430
152.730 156.180
156.360 162.900
163.350 165.150
165.180 169.020
169.170 171.990
172.470 177.750
177.750 180.360
180.630 182.040
182.550 184.170
184.320 187.440
188.580 189.660
189.750 193.920
194.820 201.390
201.390 205.830
206.040 209.550
209.790 211.680
211.950 215.790
216.450 218.910
219.000 222.150
222.150 223.290
223.680 229.290
229.860 232.890
234.300 238.230
238.350 243.330
243.330 246.900
247.170 247.770
248.040 249.900
252.150 256.140
256.140 258.300
259.530 260.400
260.850 262.500
262.980 266.100
267.240 269.220
269.580 274.500
274.500 275.490
275.670 276.720
277.080 279.870
280.050 282.480
282.540 283.350
283.620 285.060
285.810 286.530
287.310 288.750
288.750 291.300
291.330 292.380
292.470 293.580
294.480 296.670
297.480 301.560
301.590 303.330
303.720 306.180
306.450 307.590
307.920 308.760
309.570 311.340
311.400 313.020
313.440 315.270
316.020 316.890
317.160 318.000
318.000 318.810
319.530 323.010
323.760 324.840
325.020 326.610
326.790 328.230
328.770 331.800
334.050 337.920
338.340 340.710
341.190 343.470
345.210 346.410
347.280 351.870
351.930 352.920
353.220 354.060
354.360 355.500
355.950 356.550
357.360 360.180
360.840 362.340
362.880 364.950
365.160 366.810
367.590 368.730
368.940 370.290
370.590 371.190
372.030 372.720
373.110 374.250
375.390 376.260
377.130 378.210
379.230 380.310
380.670 382.290
382.650 386.130
386.310 387.720
389.460 391.410
391.410 392.850
