0.000 12.060
12.390 14.250
14.280 20.010
20.010 23.130
23.220 24.570
24.570 29.790
30.060 36.300
37.110 45.120
45.660 46.830
47.430 50.250
50.250 51.150
51.810 54.450
54.450 57.960
58.170 59.940
59.940 60.780
61.080 63.810
63.960 67.560
67.770 72.240
72.330 76.980
76.980 78.120
78.360 79.290
79.290 81.060
83.970 86.520
87.150 96.780
97.170 97.980
98.250 101.850
102.090 102.840
102.870 104.430
104.640 106.890
107.430 110.190
110.220 111.480
111.630 112.380
112.740 115.170
115.980 120.780
121.110 122.580
122.910 124.170
124.620 125.610
126.300 129.420
129.900 131.070
132.120 133.290
133.620 134.520
135.420 136.470
136.650 138.780
138.900 140.460
140.460 141.780
142.380 143.820
144.330 146.430
146.430 149.040
149.220 151.680
152.100 153.480
153.870 155.730
155.910 157.620
157.680 158.820
159.630 163.260
163.620 165.390
166.980 167.880
169.980 170.580
170.940 172.500
172.830 173.730
174.420 175.470
176.220 178.800
178.860 179.550
179.820 180.930
181.770 183.960
184.350 186.600
187.170 188.370
188.490 189.720
189.810 190.770
190.770 192.510
192.690 194.490
194.730 195.480
195.480 196.740
198.540 200.370
200.850 201.750
202.740 204.150
207.150 208.290
208.860 210.420
214.200 215.820
218.790 220.410
220.950 222.330
223.110 224.520
226.260 227.310
229.890 231.150
232.500 233.370
237.480 239.070
239.100 239.970
241.470 242.430
244.320 244.950
244.950 247.620
248.880 250.590
250.770 253.260
253.560 255.300
256.350 257.910
258.720 259.440
259.860 261.810
264.600 265.500
265.590 266.850
268.170 269.820
270.510 273.840
274.470 275.160
276.030 277.080
278.460 280.110
280.590 281.760
282.930 284.580
284.790 285.930
286.230 287.640
287.640 288.240
288.480 290.220
290.640 291.630
294.270 295.380
295.650 297.990
298.230 299.910
299.910 302.070
302.070 302.880
306.270 307.830
308.970 310.230
311.220 314.640
314.790 315.780
316.650 317.370
317.610 318.540
318.540 319.170
319.350 320.670
321.420 322.710
323.580 325.530
327.840 328.980
330.150 331.080
331.680 332.730
332.760 333.630
334.080 335.130
335.160 336.090
336.330 337.860
338.040 340.290
340.650 341.520
342.480 344.280
345.060 346.260
347.400 348.240
348.270 349.680
349.890 351.030
352.320 353.370
354.150 357.570
357.570 359.430
359.460 360.450
360.570 361.590
362.040 363.480
364.200 364.980
364.980 365.880
365.910 366.810
370.230 372.870
374.370 375.390
376.020 377.070
378.780 380.430
380.490 381.090
381.240 382.290
383.040 383.880
383.880 385.020
385.830 386.820
387.510 388.620
391.680 393.510
394.170 394.890
394.890 396.030
397.380 399.870
400.410 401.130
401.160 403.200
403.860 404.670
404.760 406.050
406.950 407.940
408.660 409.290
409.380 413.490
413.640 414.780
415.800 416.850
419.130 420.060
420.450 422.250
422.820 423.900
426.000 426.960
427.050 427.950
427.980 428.760
428.850 429.930
430.890 431.610
432.270 433.800
434.190 436.140
436.860 437.940
439.860 441.570
441.630 442.680
443.580 445.920
446.070 447.510
447.750 448.380
448.410 450.600
450.630 451.830
452.130 453.450
454.530 455.700
456.090 457.110
457.530 458.430
461.010 462.540
463.560 464.520
466.380 467.730
468.030 468.960
469.800 470.700
471.060 472.140
472.530 473.550
475.020 475.620
475.620 476.610
481.500 482.490
485.010 486.090
488.550 489.780
490.830 492.090
492.330 493.440
494.100 495.270
496.020 497.070
498.510 499.560
499.860 500.790
501.930 502.710
503.010 503.880
503.940 505.500
506.640 507.870
510.450 511.410
512.130 513.240
513.630 514.320
514.560 515.160
515.160 516.600
518.040 519.150
520.200 521.310
521.670 522.960
524.010 524.610
524.700 525.930
526.650 527.580
528.000 529.200
529.440 531.030
531.480 532.650
532.650 533.730
534.060 535.080
535.200 536.040
536.070 537.870
538.050 538.950
539.370 540.540
546.450 547.410
548.640 549.660
550.740 551.880
552.630 554.130
554.760 555.600
555.630 556.620
557.430 558.990
559.170 560.820
560.820 561.600
561.600 562.620
563.820 565.260
566.310 567.150
567.240 567.930
568.680 569.490
