0.000 17.190
17.190 25.050
25.050 28.650
28.950 35.010
35.070 37.590
37.710 41.130
41.310 42.060
42.240 46.260
46.290 54.000
54.480 56.880
56.880 59.850
60.150 61.140
61.950 67.680
68.040 69.510
69.780 73.470
73.530 79.020
79.350 81.420
81.480 86.580
86.640 87.840
88.170 92.550
92.760 95.910
96.540 99.870
100.080 106.500
107.460 110.640
110.700 112.260
112.260 114.750
114.870 116.880
117.240 118.200
118.260 119.880
120.330 121.440
122.610 126.360
126.660 127.710
128.100 130.680
130.710 132.540
133.530 135.210
135.330 136.170
136.320 137.760
138.210 139.110
139.500 140.430
141.450 145.380
146.880 151.410
152.190 153.150
153.390 156.870
157.650 161.310
161.760 163.650
163.920 164.520
164.850 166.050
168.180 169.260
169.260 172.710
173.250 174.180
174.510 175.980
177.330 178.080
178.830 179.610
179.790 181.320
181.440 183.300
183.960 188.700
188.940 190.110
190.170 191.130
191.310 192.270
192.780 193.740
193.740 194.520
194.520 196.290
196.500 197.430
198.270 199.230
201.390 204.090
205.020 207.150
207.330 208.050
211.290 213.030
213.030 214.200
215.910 217.500
218.940 219.990
220.050 221.490
224.400 225.750
229.650 231.150
232.710 233.460
234.780 235.680
237.000 238.080
238.200 239.040
240.210 240.990
242.250 243.060
243.990 245.730
249.030 249.930
251.820 252.750
253.410 254.190
255.810 256.800
257.010 257.940
258.390 259.230
259.320 259.920
260.820 262.290
262.320 263.190
263.400 264.210
265.020 265.980
265.980 266.880
266.970 267.570
268.470 269.070
270.630 271.470
272.190 272.970
278.760 279.780
280.740 281.700
282.810 283.500
285.330 286.140
287.700 288.510
291.840 292.440
294.510 295.500
299.070 300.330
302.700 303.330
304.200 305.010
305.460 307.020
308.670 309.750
314.190 315.150
317.070 317.940
318.150 318.990
319.140 319.830
323.250 324.180
324.990 326.010
328.470 329.400
330.450 331.050
333.540 334.860
339.960 340.800
342.870 343.650
346.740 347.550
348.660 349.860
350.490 351.330
352.140 352.980
354.840 356.760
358.710 359.700
359.850 360.630
361.710 362.520
362.820 363.570
364.410 365.400
367.140 367.860
371.460 372.270
373.470 374.070
375.000 376.410
379.800 380.490
380.850 381.600
383.310 384.120
384.180 385.290
385.650 386.610
387.450 388.410
391.650 392.550
393.810 394.470
394.620 395.580
398.820 399.450
399.450 400.200
400.230 401.220
404.460 405.780
408.330 409.560
411.180 412.980
414.090 414.990
419.580 420.570
421.440 422.490
424.380 425.250
425.760 426.480
426.540 428.070
428.310 429.870
431.790 432.390
432.390 433.260
434.280 434.880
435.030 435.720
436.980 437.940
441.300 442.020
442.260 443.070
445.260 447.090
447.120 447.960
451.350 452.280
