0.000 31.020
31.020 33.840
34.500 37.680
37.980 52.140
52.170 59.550
59.700 60.720
60.720 70.650
71.010 73.380
73.380 75.810
76.080 82.020
82.410 93.450
93.630 96.120
96.150 97.020
97.050 98.100
98.850 103.260
103.260 113.250
113.610 123.330
123.330 124.740
125.790 127.620
127.620 132.030
132.030 137.880
137.910 141.390
141.810 143.670
144.090 145.620
145.740 149.640
149.700 161.160
161.220 165.060
165.240 166.200
166.770 177.540
177.630 181.320
181.590 186.360
186.360 190.290
190.320 198.540
198.690 203.490
203.490 206.130
206.310 210.000
210.000 214.020
214.770 215.910
217.200 227.670
227.850 232.590
233.070 238.140
239.910 240.540
240.870 245.010
245.370 253.050
253.170 258.900
259.020 260.250
260.280 268.470
268.500 272.940
272.940 277.620
278.010 285.540
285.540 290.850
290.880 292.830
293.040 294.720
294.780 297.540
297.570 302.250
302.250 305.190
305.190 307.290
307.320 309.480
309.480 314.100
314.640 318.870
319.050 320.220
320.220 324.960
325.020 326.760
326.940 337.140
337.590 343.620
344.580 345.630
345.660 352.080
352.230 355.080
355.170 359.430
359.580 361.740
361.830 364.380
365.010 366.510
366.510 369.570
369.660 378.570
378.570 385.410
385.410 393.600
393.600 404.340
404.340 405.480
405.480 407.760
407.850 418.830
419.340 420.930
420.960 422.250
422.250 427.890
427.890 431.700
433.470 438.690
438.960 441.450
442.080 443.310
443.340 444.540
444.600 446.910
446.910 452.220
452.220 457.470
457.560 461.640
461.670 468.450
468.540 469.320
469.470 471.990
471.990 473.760
473.760 476.670
476.790 477.870
477.900 483.600
483.600 488.520
