0.000 19.710
19.710 26.190
26.190 31.650
31.650 33.120
33.120 44.100
44.100 52.620
53.130 54.990
54.990 66.030
66.030 72.600
72.600 82.920
82.920 87.270
87.300 94.020
94.020 95.130
95.130 97.890
97.890 98.490
98.640 100.350
101.970 104.400
104.820 119.340
119.340 120.210
120.210 122.130
122.790 123.510
124.140 126.360
126.360 133.350
133.380 141.210
141.240 144.690
144.690 148.920
148.920 160.650
160.650 162.540
162.540 168.660
169.410 174.930
175.560 192.540
192.540 193.140
193.320 200.070
200.070 201.660
201.930 202.680
203.520 210.750
210.750 213.210
213.630 218.340
218.520 224.670
224.670 227.970
228.750 231.510
231.690 243.960
243.960 254.790
254.820 262.260
262.530 263.490
263.490 279.060
279.060 280.770
280.920 289.050
289.050 290.640
290.640 292.560
292.650 298.710
298.830 301.710
301.710 309.030
309.300 325.920
325.920 338.910
338.910 344.130
344.250 349.980
349.980 353.340
353.370 354.510
354.510 356.580
356.580 373.170
373.440 398.220
398.220 402.240
402.240 423.450
423.600 424.470
424.470 427.050
427.350 430.380
430.620 434.190
434.370 444.390
444.390 463.170
463.170 468.030
