0.000 2.760
3.870 5.220
5.700 11.430
11.820 13.410
13.860 15.510
16.020 19.650
19.740 23.550
24.630 28.470
28.860 31.050
31.110 32.310
32.430 33.990
34.230 36.090
36.540 39.150
39.540 42.120
42.900 45.000
45.180 45.840
46.890 50.910
51.420 53.910
54.810 61.860
61.950 62.850
63.270 64.950
65.400 68.550
69.030 70.410
70.710 71.940
80.880 82.140
82.560 84.360
85.560 86.520
87.360 88.080
89.550 90.240
90.540 91.590
91.590 92.490
92.760 93.960
93.960 94.560
95.100 95.970
98.370 99.630
100.050 100.980
102.300 103.140
103.260 104.790
104.940 108.180
108.420 109.050
109.530 113.760
114.060 116.790
117.090 118.020
118.260 120.120
120.960 123.930
124.080 125.880
125.910 128.190
128.490 134.250
134.460 136.830
137.970 139.020
