0.000 29.250
29.490 34.530
34.530 40.110
40.110 49.950
50.400 54.930
54.930 65.910
65.910 68.040
68.040 86.160
86.310 103.260
103.320 107.130
107.130 127.620
127.980 136.740
136.860 141.060
141.060 148.440
148.710 156.240
156.480 160.530
160.620 165.270
165.270 177.720
177.720 179.220
179.220 197.670
198.060 199.950
200.010 201.660
201.660 217.980
217.980 223.800
223.800 225.690
225.690 230.610
230.670 232.260
232.260 234.210
234.780 238.140
238.170 239.700
239.790 246.420
246.420 263.280
263.280 273.330
273.540 274.500
274.500 331.320
331.320 331.920
332.130 346.350
346.350 350.430
350.700 353.250
353.490 379.470
379.590 386.820
386.820 387.930
388.740 394.830
394.830 413.520
413.520 420.900
420.990 422.430
422.460 430.920
430.920 452.220
452.310 453.030
453.150 454.830
454.830 476.010
476.010 477.510
477.570 481.140
481.680 482.370
482.670 490.710
490.770 499.350
499.410 502.380
502.560 514.170
514.740 519.120
519.120 523.560
524.040 529.920
530.220 534.420
534.960 547.050
547.050 557.850
557.850 558.960
558.960 570.090
570.090 582.450
582.870 585.750
585.840 597.510
597.510 600.870
601.260 605.010
605.010 606.210
606.210 615.300
615.300 637.320
