0.420 1.230
1.920 4.080
4.590 6.720
7.260 9.420
9.930 12.060
12.900 15.660
17.040 19.680
19.980 21.240
22.170 24.870
26.070 28.200
28.200 28.860
29.010 31.080
32.220 34.350
35.160 37.740
38.820 40.170
40.170 42.450
42.960 44.880
49.980 51.090
52.890 54.900
54.900 55.650
57.930 60.840
60.870 61.740
65.220 68.430
69.270 71.700
72.390 73.200
74.520 76.260
76.290 78.000
79.050 81.930
83.580 84.960
85.680 86.820
87.000 88.740
91.170 93.270
93.960 94.560
96.150 97.140
107.610 108.210
124.950 125.550
127.380 128.850
129.960 131.310
134.130 135.570
137.280 138.690
139.080 139.680
142.830 145.770
147.870 148.650
150.330 151.080
152.370 154.230
156.960 158.670
163.140 164.040
164.940 165.540
168.570 169.890
171.930 172.530
173.040 173.910
175.500 176.340
176.910 177.510
178.020 178.890
183.540 184.650
187.170 187.920
188.550 190.050
191.220 192.720
193.830 195.900
200.160 201.030
