0.990 2.340
2.850 5.370
5.520 7.710
8.190 10.380
10.860 13.050
13.890 17.970
19.170 22.500
23.460 25.050
25.350 26.580
27.690 29.160
29.700 30.450
31.470 32.280
32.640 33.780
36.120 37.200
38.130 39.060
40.080 41.910
42.480 44.130
45.060 45.960
46.440 48.930
49.680 51.000
51.300 51.900
51.930 53.250
54.330 55.230
55.230 55.950
56.460 57.330
57.420 58.170
58.740 60.150
60.930 63.690
65.010 67.380
68.310 71.370
73.680 74.850
76.680 77.910
78.570 80.310
81.210 81.810
83.640 84.840
88.890 89.910
94.320 94.980
95.400 96.960
99.270 100.320
101.880 103.140
105.210 105.810
107.820 108.660
110.070 110.700
111.030 112.080
114.330 115.140
116.880 117.540
120.180 121.080
126.720 127.470
129.150 130.020
132.030 133.080
137.100 137.700
138.420 139.110
140.580 141.570
142.830 144.360
145.110 145.710
146.220 147.120
147.420 149.130
149.880 151.350
152.250 152.850
153.930 154.710
155.520 156.570
157.050 157.800
158.160 159.060
160.710 161.610
161.880 163.410
163.590 164.490
167.490 169.500
171.600 172.380
175.890 176.820
177.720 178.680
179.700 180.630
182.250 183.270
183.420 184.290
188.250 189.270
189.300 190.080
194.340 195.150
195.510 197.040
198.510 199.260
199.260 201.720
202.950 203.970
204.420 205.320
206.550 207.330
207.870 209.100
209.370 211.050
212.040 212.700
213.120 214.260
214.260 215.340
218.430 219.330
219.570 220.920
221.910 225.990
226.170 227.610
228.690 230.610
231.030 231.840
232.140 233.760
234.030 234.930
235.140 235.740
238.410 239.700
240.420 241.770
245.370 246.150
246.180 246.780
247.140 248.340
250.050 250.950
251.040 251.730
252.030 252.840
253.770 254.370
254.730 255.510
255.660 256.590
258.030 259.170
259.980 261.570
