1.140 15.390
15.630 19.230
19.950 23.640
24.420 28.950
29.250 33.450
34.200 37.560
38.370 41.400
41.580 43.440
43.950 47.640
48.030 49.860
50.190 52.200
52.860 55.740
55.740 58.890
59.460 64.680
64.740 66.300
66.300 68.550
69.390 72.210
72.330 75.600
76.230 78.840
79.110 81.330
81.330 83.850
84.060 86.550
87.030 90.600
90.600 92.970
93.600 97.590
97.650 99.990
100.230 106.080
106.320 107.880
107.880 110.790
110.880 112.710
112.830 114.360
115.020 120.720
121.050 124.110
124.140 126.150
126.750 130.950
131.310 134.670
134.700 135.840
136.620 139.980
139.980 145.080
145.410 146.730
146.730 151.770
152.070 154.620
154.740 156.510
156.510 160.500
161.040 164.580
164.580 168.060
168.600 171.000
171.480 174.900
174.900 178.560
178.920 182.610
183.000 187.530
187.980 191.280
191.400 194.160
194.160 198.930
199.290 201.900
201.960 205.200
205.950 209.970
210.030 212.070
212.220 214.650
215.190 216.990
216.990 219.180
219.660 223.170
223.170 224.070
224.280 226.950
226.950 230.610
230.700 233.310
233.430 236.190
236.340 241.140
241.590 244.140
244.170 246.600
246.600 252.570
253.920 257.280
257.580 260.040
260.880 264.630
265.080 280.590
