0.120 12.000
12.000 32.130
32.220 35.310
35.310 36.390
36.480 38.040
38.070 43.920
44.220 47.850
47.850 50.010
50.190 53.850
54.180 61.320
61.920 66.900
67.140 70.260
70.260 87.090
87.090 89.850
89.850 93.090
93.090 97.470
97.830 100.770
100.980 103.140
103.590 110.520
110.700 116.310
116.850 121.410
121.410 123.360
124.080 126.750
126.930 133.350
133.560 139.770
139.950 142.710
142.980 149.730
149.790 154.290
154.290 160.500
160.740 167.130
167.610 172.950
173.010 175.470
175.470 182.880
183.810 184.920
184.920 186.420
186.420 194.970
