0.000 1.170
1.860 4.350
4.530 6.720
7.200 9.420
9.870 12.000
12.330 14.190
14.340 15.240
15.270 18.150
18.810 19.920
20.430 22.020
22.890 26.790
26.880 31.470
31.830 33.240
33.720 35.190
36.570 38.370
38.850 39.450
39.450 40.050
51.810 52.740
53.610 54.210
54.210 56.640
57.600 58.830
59.430 60.570
60.990 61.980
62.760 66.000
66.900 71.280
72.300 74.130
74.340 77.280
77.400 79.440
79.860 80.820
80.820 81.480
81.510 82.980
83.010 85.800
86.190 87.630
88.440 89.250
90.180 91.560
92.760 96.540
97.590 99.120
100.560 102.180
102.660 104.460
105.240 107.130
107.310 108.420
109.230 109.890
109.950 112.200
113.430 115.650
115.650 120.930
120.930 122.730
123.810 125.400
125.400 126.240
127.140 128.460
128.520 129.660
129.660 131.820
132.900 133.500
133.890 135.720
135.960 138.030
138.060 138.690
139.200 140.160
141.600 143.010
143.700 144.420
144.420 145.860
147.720 148.980
149.520 150.600
153.240 153.840
153.840 155.490
157.950 159.180
172.560 173.580
174.570 175.350
179.160 179.970
180.120 181.890
182.850 183.630
183.660 184.560
185.910 188.670
190.290 190.890
191.910 192.780
193.860 194.940
198.900 200.100
201.060 202.530
203.610 205.860
206.460 208.170
210.750 211.350
211.350 211.950
212.700 213.750
214.470 215.550
217.140 217.800
220.920 221.820
223.860 227.160
227.610 228.300
229.890 231.000
234.060 234.720
236.610 237.300
240.990 241.590
246.000 247.200
247.950 248.550
249.630 250.410
251.160 251.760
255.870 256.560
256.680 257.280
258.450 260.250
262.860 263.880
266.040 266.640
267.570 268.170
270.000 270.660
270.870 271.860
273.900 274.620
274.620 275.280
275.520 276.390
276.390 276.990
278.550 279.360
280.830 282.360
284.520 285.750
286.230 286.950
289.230 289.830
290.310 292.230
293.370 295.020
296.820 297.660
297.960 298.560
299.190 300.840
302.820 303.540
305.850 306.480
310.860 311.640
313.680 314.460
315.360 315.960
315.960 316.560
316.710 318.240
320.100 321.390
321.720 323.040
323.670 324.630
325.050 325.980
329.430 332.040
332.430 333.210
333.990 334.590
335.520 336.120
337.500 338.700
338.850 339.450
347.700 348.780
349.200 349.920
353.100 353.700
357.840 358.680
359.070 359.760
359.760 360.720
361.680 362.280
363.090 363.690
368.940 369.690
370.380 371.160
377.970 379.410
380.250 381.090
382.770 383.370
383.640 385.320
386.430 387.090
388.260 389.370
391.080 391.710
398.460 399.060
399.450 400.260
403.530 404.460
407.730 408.540
409.770 410.670
410.730 411.720
413.130 414.000
414.000 414.720
417.450 418.380
418.710 419.790
420.360 421.980
424.920 426.240
427.830 428.790
429.810 430.800
431.040 431.640
432.270 433.350
434.070 435.240
437.340 438.390
443.820 444.660
445.260 445.860
446.880 448.050
448.050 448.680
449.040 449.880
451.980 453.060
454.200 454.980
455.880 456.540
456.660 457.320
461.040 462.030
462.030 462.810
463.860 465.420
466.290 467.400
469.050 469.980
470.760 471.660
472.200 472.860
473.070 473.880
475.410 476.520
476.700 477.870
479.580 481.320
483.150 483.780
484.410 485.010
488.100 488.760
490.920 492.240
492.900 493.740
493.950 494.700
495.810 497.490
499.260 499.950
501.120 501.750
503.850 504.690
504.810 505.770
508.140 508.920
511.140 511.890
512.130 512.730
514.200 514.830
516.990 517.650
519.090 519.900
522.990 524.130
524.670 525.270
526.140 526.770
528.720 529.920
530.250 531.090
537.270 538.020
538.110 539.130
540.870 541.590
542.520 544.020
545.070 545.760
545.820 546.900
548.610 549.450
555.150 555.930
559.110 560.280
560.280 561.450
562.230 563.130
563.910 564.750
566.640 567.420
567.840 569.160
571.920 573.000
575.250 575.850
576.210 577.500
578.340 579.330
580.440 581.310
583.410 584.310
588.390 589.140
591.210 591.990
593.280 594.150
594.960 595.620
603.240 604.200
609.450 610.170
612.420 613.500
