0.000 1.170
1.860 4.080
4.530 6.720
7.200 9.420
9.870 12.000
12.330 19.920
20.550 24.960
25.020 26.790
27.030 29.910
30.240 30.840
30.840 32.370
32.460 33.390
34.560 36.510
36.540 38.670
39.900 44.130
44.130 45.600
46.410 47.820
47.850 48.450
48.720 49.470
49.860 52.410
53.760 54.990
55.200 55.950
57.870 60.060
60.630 61.800
62.760 63.570
65.550 67.620
69.630 70.440
70.950 71.880
73.770 76.410
77.130 77.820
78.300 79.170
80.820 81.420
82.920 83.640
84.030 85.440
86.550 87.630
87.900 88.830
89.700 90.900
91.140 92.460
93.990 95.760
96.150 98.160
98.610 99.780
100.170 101.430
103.020 107.610
108.150 109.710
110.160 110.910
111.210 112.170
112.170 113.490
115.410 116.100
117.030 118.260
120.390 121.320
121.920 123.210
123.900 125.280
127.560 128.850
129.270 131.550
131.550 132.330
137.100 138.600
138.600 139.200
139.830 141.150
146.970 148.080
154.260 156.390
156.900 157.980
158.730 159.480
161.460 162.360
163.170 164.100
166.050 166.650
169.830 170.610
172.350 172.950
173.340 173.940
174.600 175.290
175.560 176.460
177.930 178.650
179.040 179.640
180.330 182.970
183.270 183.960
185.610 186.660
186.960 187.740
187.830 189.180
190.830 192.480
193.770 194.670
194.730 196.590
197.100 197.730
198.150 199.140
199.140 199.740
201.480 203.670
204.030 204.630
204.630 205.350
207.030 208.050
210.240 210.840
211.110 213.510
214.800 216.030
216.420 217.980
218.640 219.720
220.110 220.890
220.950 221.550
222.810 223.650
235.590 236.880
237.510 238.860
239.460 240.480
240.600 241.950
242.010 243.150
246.840 247.440
248.160 248.760
251.760 252.870
252.870 253.770
255.690 257.280
258.060 259.110
259.620 260.220
260.850 261.900
262.440 263.310
264.360 265.680
265.860 266.910
267.390 268.200
269.160 269.910
274.110 274.710
274.800 275.940
277.200 277.800
278.940 280.350
282.480 283.290
284.460 286.440
287.430 289.680
290.250 291.090
294.480 295.620
296.310 297.930
300.810 302.250
304.170 304.980
305.820 306.810
308.310 309.720
309.900 310.680
311.730 312.390
313.230 314.550
317.820 318.780
322.650 323.760
327.210 328.080
335.220 335.940
339.030 339.660
341.700 342.810
348.450 349.110
350.880 351.840
352.800 354.330
356.130 356.970
357.150 357.960
358.170 359.580
361.380 362.280
363.390 364.260
364.620 365.370
368.670 369.390
371.790 372.480
373.710 375.090
375.420 376.170
377.580 378.420
380.220 380.820
381.840 382.470
389.460 390.060
390.300 391.260
395.670 396.270
397.830 399.090
400.320 400.920
402.480 404.490
406.620 407.310
407.310 407.910
411.300 412.440
413.880 414.720
415.080 415.830
418.410 419.370
420.480 421.500
421.680 422.550
423.900 424.770
426.450 427.650
430.650 431.940
434.190 434.880
435.180 436.050
436.920 437.520
439.050 439.980
441.570 443.040
447.480 448.260
451.440 452.040
457.500 458.520
463.560 464.490
471.450 472.680
483.510 484.260
486.660 488.340
488.490 489.180
496.320 497.280
498.300 499.290
499.980 501.000
502.200 502.980
509.490 510.840
511.050 512.100
513.780 514.560
516.090 517.590
518.070 518.730
519.720 520.530
523.110 523.710
526.050 527.310
530.250 531.660
532.800 534.000
534.180 534.990
535.080 535.680
538.020 539.340
540.450 541.050
541.050 542.340
543.240 543.840
546.240 547.410
548.130 548.760
552.780 554.010
555.360 556.380
556.590 557.340
560.430 561.060
569.760 571.050
571.620 572.340
577.260 578.040
578.940 579.540
583.530 584.220
584.520 585.540
594.570 595.350
599.430 600.810
600.930 602.040
