0.480 1.530
2.010 4.500
4.650 6.840
7.320 9.510
9.990 12.180
12.690 16.110
16.110 18.420
19.200 24.720
24.840 27.420
27.990 30.630
31.350 33.120
33.480 35.850
36.150 36.930
37.410 38.340
38.910 41.220
41.580 43.590
43.680 44.280
44.520 47.130
47.220 49.200
51.930 53.370
53.670 56.010
56.880 58.050
59.130 60.060
60.270 62.670
63.810 64.710
65.670 66.780
66.780 68.190
69.840 70.680
72.870 75.270
76.110 77.040
77.970 79.470
79.680 82.350
82.980 84.240
85.860 86.610
86.940 88.650
88.710 90.120
91.140 93.240
93.780 94.710
95.190 96.360
99.030 100.890
103.710 104.760
105.960 106.920
107.880 108.480
111.210 111.990
114.540 115.770
118.230 120.420
121.380 123.210
124.350 126.210
126.450 127.200
127.590 128.190
129.180 129.780
130.320 131.580
132.810 134.070
136.380 139.950
140.100 140.940
147.420 148.080
148.260 149.160
151.980 152.640
152.700 153.720
154.410 155.010
155.070 155.700
156.510 157.110
160.110 161.520
163.680 164.430
169.770 173.190
176.910 179.700
179.910 181.140
181.650 182.280
182.370 183.120
183.210 184.020
184.200 184.980
185.430 186.210
187.590 190.410
192.930 193.530
194.310 196.530
197.130 197.730
198.000 198.630
198.840 200.160
200.910 201.690
202.410 204.840
206.130 207.210
210.780 211.680
212.130 213.150
213.300 214.320
214.950 216.120
217.800 219.300
219.450 221.340
224.730 225.420
234.960 235.590
237.030 238.020
240.150 240.750
241.920 243.420
246.450 247.920
248.160 249.210
249.660 250.830
251.820 253.770
255.240 255.840
257.250 258.570
260.100 261.270
262.320 263.310
263.310 264.840
265.350 266.070
267.780 268.710
268.830 269.760
270.600 271.980
272.790 274.500
275.460 276.090
278.100 278.820
278.940 279.540
281.010 281.850
284.280 285.030
286.170 287.520
