0.420 18.840
18.840 23.430
23.430 26.460
26.730 31.650
31.650 33.750
33.750 37.740
37.890 42.060
42.390 48.270
48.300 53.070
53.190 82.740
83.370 86.400
86.400 88.710
88.710 91.260
92.010 97.200
97.590 102.180
102.420 106.110
106.740 108.240
108.720 112.860
112.860 114.540
114.630 115.740
116.370 119.730
119.820 123.330
123.360 127.020
127.020 129.060
129.240 131.970
132.090 136.650
137.100 141.750
141.810 146.670
146.670 148.380
148.440 150.090
150.090 154.200
154.650 156.210
156.210 161.340
161.340 164.490
164.670 181.950
181.950 189.780
189.780 193.230
193.440 195.930
195.930 198.420
198.660 202.980
203.430 206.730
206.730 207.930
208.620 214.080
214.590 219.810
220.470 224.640
224.730 226.140
226.920 229.860
229.860 232.770
232.770 237.480
237.960 242.280
243.180 244.950
245.040 247.530
247.740 263.250
