0.390 1.230
1.860 4.350
4.560 6.690
7.200 9.360
9.870 12.000
12.600 17.250
17.880 22.050
23.280 25.290
25.560 27.840
28.680 30.450
30.450 34.260
34.380 36.480
36.870 37.530
37.650 38.940
39.000 40.020
41.040 43.380
44.070 45.510
47.280 48.000
48.600 49.740
49.740 51.990
51.990 54.990
55.740 57.300
58.290 59.370
60.210 62.310
62.850 64.830
65.220 67.320
67.320 68.130
69.450 71.610
72.090 73.500
74.850 76.110
78.420 81.120
81.870 83.820
84.030 85.290
86.490 87.480
92.430 93.870
94.830 96.150
96.540 97.230
97.230 98.010
98.010 98.700
99.540 101.580
102.900 105.270
110.160 111.270
112.470 115.170
116.190 117.990
119.520 122.640
123.330 125.700
126.780 129.480
129.480 131.700
133.170 134.400
137.550 140.100
141.180 142.590
144.600 145.200
146.130 147.720
148.050 148.770
148.980 150.240
163.140 165.840
167.550 169.290
170.190 171.000
172.530 173.250
174.630 175.860
176.160 177.780
179.550 180.360
182.310 183.660
184.800 186.510
186.510 187.830
188.460 189.150
190.710 192.720
192.720 193.920
193.950 195.150
195.150 195.750
196.590 197.760
198.300 199.620
200.520 201.720
203.940 204.630
206.280 206.880
207.780 209.910
213.690 214.890
218.760 220.230
220.590 222.330
223.290 224.850
228.420 229.170
231.900 232.770
232.770 234.900
236.760 238.200
239.310 239.910
240.720 241.830
244.170 245.400
246.600 247.440
248.280 249.390
251.040 251.640
252.000 253.530
253.770 254.700
254.970 256.980
257.820 258.660
260.550 262.620
278.730 279.150
