1.110 1.980
2.610 5.100
5.280 7.440
7.920 10.080
10.590 12.750
13.320 17.790
18.780 23.730
24.540 27.420
27.750 31.530
32.670 37.050
37.950 43.620
43.920 45.240
46.020 48.120
48.720 50.580
51.360 53.940
54.570 57.000
57.000 57.600
58.530 59.910
60.930 65.280
66.420 68.010
68.280 69.930
71.550 74.160
74.970 77.490
78.720 79.710
79.740 81.240
81.270 82.020
83.610 84.780
84.960 86.640
86.820 89.100
89.850 91.350
91.380 94.080
95.160 96.510
96.720 98.580
98.730 100.200
102.570 105.000
105.150 108.330
108.960 111.450
112.410 114.840
115.500 117.810
118.380 118.980
120.120 121.350
122.730 124.440
125.520 126.900
128.100 129.390
129.900 130.950
130.950 131.580
134.460 135.570
136.110 137.160
138.630 142.020
142.650 144.600
146.700 148.680
150.360 152.250
152.490 155.100
156.480 158.580
158.820 159.960
160.140 161.220
161.460 162.690
163.140 163.980
165.090 166.170
166.650 167.580
169.050 169.860
170.550 171.330
171.360 172.260
173.490 175.020
177.330 178.170
178.290 180.870
182.700 183.960
184.830 185.490
185.760 186.570
186.630 188.490
190.470 191.790
192.180 193.470
194.190 197.100
197.160 197.970
199.320 201.060
201.840 203.100
203.190 204.780
205.440 206.790
210.420 211.740
211.740 213.270
217.710 219.090
219.900 221.340
222.450 224.220
224.430 225.450
226.680 227.310
227.760 228.360
228.510 229.530
232.110 233.100
234.450 235.380
236.850 238.260
240.480 241.080
241.170 243.060
243.570 244.500
255.270 256.710
257.910 260.250
261.660 263.130
263.160 266.130
266.220 267.180
268.800 270.930
272.970 274.290
