0.420 1.290
1.890 4.410
4.560 6.720
7.230 9.390
9.900 12.060
12.630 19.500
20.130 24.690
25.110 29.760
29.760 30.960
31.830 36.120
36.300 37.890
38.670 42.240
42.900 44.580
45.480 47.670
48.000 50.190
50.850 52.410
52.470 53.220
53.310 56.250
57.390 59.790
59.790 61.110
61.800 63.150
63.870 66.000
66.030 66.630
67.350 70.080
70.200 73.770
91.770 93.210
93.540 95.400
95.490 98.040
98.640 100.860
101.520 103.380
104.160 106.710
107.760 109.650
109.650 111.180
112.440 115.830
116.460 120.810
122.310 125.190
125.220 126.150
126.450 127.110
127.620 132.990
133.470 135.990
136.950 138.090
138.210 140.010
141.420 143.700
143.700 144.570
144.690 149.010
149.670 152.700
152.760 154.530
155.250 159.540
161.070 162.600
162.930 166.920
166.980 168.960
170.490 171.180
179.250 182.820
183.090 186.480
187.110 188.160
188.430 190.890
193.320 198.420
198.810 203.370
203.940 208.980
210.660 213.390
213.390 213.990
214.890 215.820
215.820 218.040
218.310 219.060
220.290 222.450
223.380 226.950
227.610 229.680
230.190 231.120
231.390 232.830
233.550 236.220
236.220 236.910
239.850 240.480
240.600 242.100
242.670 243.360
243.360 246.930
