0.000 17.970
18.450 24.120
24.150 25.560
26.280 28.500
28.500 31.470
32.250 35.700
35.700 37.260
37.650 42.000
42.120 47.760
48.060 51.240
51.240 53.370
53.490 55.680
55.920 58.530
59.070 64.620
64.620 67.200
67.350 71.850
71.850 76.080
76.140 79.500
79.500 93.240
93.570 97.110
97.110 97.710
98.190 102.810
103.380 104.010
104.160 108.240
108.390 110.250
110.940 114.480
114.480 116.550
117.750 122.670
122.700 126.240
126.540 133.230
133.710 141.000
141.180 144.210
144.630 146.460
146.460 150.510
150.510 155.220
156.030 158.910
159.090 162.450
162.690 166.380
166.380 169.530
169.680 174.240
174.240 176.280
177.120 181.050
181.350 183.480
183.480 188.070
188.310 191.310
191.340 193.350
193.590 195.510
195.510 197.670
197.790 200.220
200.220 205.470
205.950 208.290
208.380 212.340
212.700 215.520
215.520 218.370
218.850 223.050
224.190 228.570
229.320 232.620
232.620 234.570
234.570 237.120
237.240 243.360
243.750 246.570
246.660 249.810
249.990 251.370
251.550 255.120
255.870 259.230
259.230 262.710
263.370 265.620
265.620 270.480
270.480 272.550
272.790 274.140
274.860 292.230
292.230 297.810
