0.870 7.470
7.470 9.840
9.840 12.150
12.150 13.230
14.250 16.380
16.380 18.720
19.230 21.300
21.300 22.770
22.770 26.760
27.540 30.630
30.900 34.080
35.190 38.490
38.970 41.400
41.790 43.350
43.950 44.790
44.820 46.050
48.630 49.620
49.770 50.460
50.970 51.570
52.140 52.800
53.340 54.300
54.480 55.560
55.680 56.280
57.210 58.830
58.830 61.050
61.200 64.770
65.730 67.560
68.100 69.030
69.270 71.160
71.550 73.830
74.070 77.220
77.220 79.110
79.200 79.890
80.190 81.630
81.840 82.470
82.590 83.670
83.820 85.620
85.680 86.580
86.670 89.100
89.190 90.180
93.270 95.250
95.520 97.320
97.830 98.430
98.670 100.800
103.500 108.600
109.260 110.730
112.140 113.100
114.450 115.380
117.990 118.620
119.460 120.360
122.670 124.560
125.730 127.020
128.010 131.820
132.090 134.490
134.880 136.290
136.290 138.270
138.270 138.960
139.830 141.900
141.960 142.560
142.560 144.690
146.190 149.040
150.480 153.420
154.020 155.910
155.910 158.040
158.370 160.290
160.560 162.000
164.190 165.120
166.710 167.940
167.940 169.020
170.640 171.900
172.110 173.640
174.240 175.800
176.970 178.830
179.040 181.410
182.010 184.620
185.250 186.210
188.910 189.540
189.720 190.800
191.730 192.720
193.470 195.180
199.080 199.980
200.820 202.290
203.160 204.540
205.530 206.700
207.900 209.490
