0.000 17.730
18.450 20.940
20.940 23.160
23.340 26.970
27.570 31.260
31.380 35.880
36.390 37.980
38.580 40.710
40.740 45.510
45.810 56.940
56.940 60.690
60.690 63.180
63.480 69.930
70.140 71.160
71.160 74.790
75.150 80.040
80.430 85.950
86.220 89.730
89.820 91.980
92.640 96.090
96.210 99.540
99.690 102.240
102.330 105.240
105.270 107.400
107.400 109.770
109.770 110.430
111.180 114.840
114.840 119.820
119.850 121.410
121.890 127.890
128.040 132.570
133.170 136.080
136.170 141.480
141.840 146.730
147.420 150.210
150.210 151.440
151.440 154.770
155.010 157.740
158.550 161.580
161.790 165.870
165.930 167.070
167.850 172.380
172.380 176.940
177.180 180.270
180.600 183.930
183.960 186.000
186.000 187.740
187.800 189.930
190.260 191.970
192.240 195.630
195.630 197.400
197.400 198.750
198.840 200.250
201.510 205.950
206.160 209.160
209.310 212.340
212.340 216.120
216.390 218.100
218.910 225.570
225.570 229.680
229.740 232.530
232.530 234.330
235.140 237.930
237.930 240.840
240.930 243.000
243.240 245.370
245.370 248.130
248.520 250.860
250.980 255.390
255.930 259.980
260.220 264.000
264.510 265.440
265.440 268.080
268.440 271.500
271.500 273.810
273.810 290.700
