0.000 1.950
1.950 3.060
3.090 4.230
4.230 6.510
6.600 8.940
8.940 11.220
11.280 12.360
13.170 17.640
17.640 18.930
19.140 25.020
25.440 26.640
26.730 27.360
27.420 28.380
28.560 29.250
29.520 33.390
34.110 37.470
37.470 39.960
40.950 44.700
44.790 47.250
47.760 48.810
48.930 49.590
51.270 51.960
52.440 53.460
53.610 54.690
55.470 57.090
57.330 57.930
58.320 62.280
62.970 66.240
66.570 67.770
67.770 69.630
70.200 74.220
74.490 78.240
78.750 81.330
81.660 83.490
83.520 85.530
85.740 87.090
87.570 89.610
91.500 92.700
92.700 94.230
94.230 97.230
97.530 101.160
101.280 102.120
102.180 103.830
104.640 106.620
106.620 107.760
107.880 110.160
112.140 112.740
113.430 116.550
116.610 118.890
119.220 119.820
120.300 121.620
122.790 124.980
125.370 128.490
128.760 130.440
131.550 132.420
132.420 133.020
133.620 135.600
136.590 138.810
138.810 140.700
140.700 141.720
142.050 145.080
146.010 150.510
152.430 155.220
156.360 162.120
162.450 163.740
164.760 169.320
169.800 171.180
171.660 172.260
174.180 174.840
175.020 175.620
175.830 178.080
178.140 179.670
180.630 181.920
182.670 183.810
184.710 185.880
186.480 188.070
189.150 190.920
191.010 191.610
191.730 192.330
192.330 193.290
193.650 195.750
196.050 196.710
197.730 199.140
199.830 202.410
203.130 204.840
206.310 208.170
209.280 211.260
212.130 213.660
215.010 217.650
218.940 219.900
220.170 222.900
223.440 224.040
224.970 226.440
227.970 231.150
234.450 235.200
235.530 237.840
238.620 239.280
240.660 242.250
243.240 245.490
245.760 246.720
246.840 248.520
248.640 250.170
250.800 252.240
252.990 253.710
256.170 258.510
258.780 259.440
261.900 263.160
263.340 264.000
264.630 267.270
267.660 269.130
270.450 271.950
272.130 272.730
274.650 275.280
275.910 279.210
280.290 282.090
283.320 285.990
286.350 287.580
289.830 290.640
291.660 292.260
299.550 300.150
