0.150 10.920
10.920 16.020
16.170 22.110
22.650 24.150
24.180 24.900
25.830 28.980
29.640 31.620
31.860 36.960
37.380 40.470
40.470 41.520
41.850 44.580
45.120 48.510
48.990 49.920
50.070 52.110
52.140 54.420
54.540 56.970
57.300 60.270
60.270 61.710
62.400 65.160
65.250 68.520
68.580 69.600
69.600 74.730
74.880 76.650
77.310 80.160
80.730 81.330
81.330 83.070
85.080 87.060
87.060 89.130
89.520 91.620
91.620 92.670
92.670 95.400
95.790 98.430
98.520 99.570
99.570 101.340
102.060 103.080
105.660 107.220
107.850 109.200
109.200 110.910
112.200 112.950
113.820 116.010
116.010 119.550
120.060 121.980
121.980 123.150
123.300 124.110
124.110 129.270
131.190 133.050
133.050 134.910
134.910 135.750
136.410 138.300
138.330 139.770
140.940 144.330
144.600 146.730
146.730 148.080
148.110 149.190
149.850 151.290
151.290 152.310
152.310 153.630
154.200 155.700
155.700 156.660
156.900 158.130
158.460 160.950
161.070 162.480
163.350 163.980
164.130 165.210
165.390 166.080
166.500 167.700
168.780 169.590
170.670 172.800
172.800 174.570
175.770 176.520
176.550 178.710
179.700 183.300
183.300 184.020
184.500 191.160
191.280 194.820
195.420 196.740
196.740 197.700
198.240 199.620
199.620 200.580
200.580 201.750
203.160 203.880
204.210 205.470
206.370 207.510
208.680 209.940
210.300 211.530
211.980 213.120
213.210 216.480
216.480 217.080
217.290 218.280
218.280 219.660
220.050 223.110
223.140 223.980
224.130 225.360
225.510 226.800
227.670 230.400
230.400 232.320
233.040 234.780
235.680 236.580
237.090 238.680
239.130 241.770
243.570 244.830
245.790 247.140
247.740 248.730
248.730 249.570
250.170 251.790
252.900 253.650
254.070 254.850
254.940 255.840
255.960 256.890
257.400 258.000
258.840 260.640
260.940 263.220
263.400 264.300
264.540 266.070
266.220 269.100
269.130 270.750
270.810 271.740
273.150 273.930
274.230 276.630
277.260 277.950
278.010 280.830
281.190 282.450
282.720 284.550
284.700 285.780
286.890 287.760
288.150 290.040
290.040 290.640
290.820 292.170
293.790 294.900
295.140 296.340
297.000 298.500
298.500 299.820
301.710 302.520
302.700 303.810
307.590 308.670
309.150 309.930
310.050 311.760
313.620 314.370
314.820 316.170
316.770 317.790
318.090 319.320
319.710 320.820
321.270 322.050
325.230 326.820
327.600 329.130
329.310 331.080
332.040 332.790
332.790 333.570
333.570 334.440
334.440 335.460
335.700 336.750
336.900 337.680
337.740 340.260
340.530 341.820
342.000 342.750
342.930 343.680
345.030 348.420
349.980 351.900
352.080 352.710
353.310 354.330
354.600 355.770
355.770 356.490
357.150 357.750
358.380 360.930
365.010 366.510
366.540 367.560
368.220 368.820
369.060 370.740
372.150 372.750
372.990 375.720
375.720 376.560
377.400 378.900
380.520 382.440
382.830 384.390
385.650 386.670
387.210 388.020
388.770 389.880
390.150 391.170
391.170 391.770
391.830 392.910
393.330 394.380
396.540 397.440
397.440 398.190
399.930 401.460
401.460 402.180
405.510 406.110
406.110 409.140
409.920 411.270
411.300 412.110
413.790 415.320
416.190 417.720
418.050 418.860
420.150 421.770
424.320 425.640
426.360 430.230
431.730 432.900
433.230 434.070
434.070 436.230
437.070 440.220
440.250 441.720
442.140 443.310
443.640 446.250
447.510 448.530
448.530 449.220
451.440 452.460
453.900 454.500
454.590 455.700
456.330 457.410
457.590 459.600
459.900 461.310
461.430 462.330
462.330 464.280
464.880 466.320
468.420 469.110
470.490 471.690
471.690 472.770
473.580 474.600
475.380 478.170
479.220 480.840
482.670 483.720
483.720 484.590
485.010 486.210
487.470 488.280
488.580 489.600
490.530 492.420
492.420 493.680
494.040 495.240
498.030 498.660
499.290 501.630
502.500 504.120
506.130 507.150
508.110 508.890
509.490 510.510
510.510 511.860
511.860 512.610
513.330 513.990
514.230 515.490
515.490 517.620
518.670 520.050
521.370 522.300
525.390 526.650
530.940 531.930
531.930 532.770
537.540 538.950
539.730 541.050
541.530 542.550
543.090 543.750
543.780 544.980
548.700 549.870
550.260 551.490
554.400 555.150
555.150 556.170
556.620 558.030
559.170 560.160
561.660 563.280
563.940 565.050
567.330 569.460
571.650 573.060
573.240 574.680
576.960 578.700
581.610 582.300
582.630 584.040
584.040 585.180
585.360 586.410
587.250 588.300
589.020 590.430
590.430 591.990
592.350 594.240
594.300 595.860
596.070 597.000
597.300 598.290
598.560 599.220
599.400 600.210
600.330 602.580
603.450 606.480
607.800 608.580
