0.000 3.390
3.660 4.590
8.190 9.720
9.990 14.400
15.090 19.110
23.610 25.680
29.550 31.080
31.530 34.020
34.080 36.000
43.170 45.330
46.290 51.360
52.620 56.400
56.490 59.550
60.060 66.810
67.620 69.660
71.400 74.040
74.100 76.710
76.830 79.950
80.670 82.950
82.950 85.560
86.160 89.190
89.490 93.390
93.630 96.390
97.050 100.020
100.050 101.310
102.030 104.520
104.610 106.560
106.560 108.870
110.520 112.950
112.950 117.480
117.630 122.490
123.690 127.890
130.110 132.900
133.470 138.870
139.440 142.020
142.020 144.780
144.960 149.340
150.060 155.400
156.000 158.130
158.130 161.550
162.870 166.350
166.350 168.810
174.210 175.980
177.270 178.380
179.490 180.660
181.680 186.360
188.280 190.770
190.980 193.110
194.970 198.930
199.290 200.490
200.490 202.830
203.250 207.450
207.900 210.810
212.790 217.230
218.370 222.150
222.570 224.940
225.480 231.750
233.850 237.240
245.280 247.500
247.680 249.450
249.600 251.370
252.900 255.690
257.400 260.310
260.520 264.030
264.030 266.340
268.110 271.140
271.470 272.070
