0.000 4.680
8.730 10.320
10.410 19.260
19.470 24.810
25.380 28.110
28.980 31.620
31.860 34.950
35.370 37.680
37.680 39.090
39.090 42.570
42.720 44.370
44.430 49.020
49.020 52.980
53.220 56.610
57.570 62.130
63.480 72.540
72.540 76.950
77.640 83.130
83.310 86.550
87.180 91.200
91.470 94.830
95.700 96.720
96.720 99.030
99.210 101.640
102.180 104.040
104.280 108.060
108.210 111.660
112.800 116.250
116.340 118.680
119.400 125.430
125.520 130.140
137.610 142.590
144.570 145.800
152.430 153.510
159.420 160.740
166.650 168.540
170.250 174.960
