0.000 3.330
8.580 10.080
10.230 13.800
14.490 18.690
18.750 24.180
24.210 27.990
28.560 32.610
32.910 36.660
38.850 41.820
46.800 50.250
50.430 52.410
52.530 54.180
55.080 58.800
59.370 64.320
65.610 68.310
68.880 71.910
76.140 78.930
80.190 83.880
84.780 88.170
98.640 99.690
108.450 111.810
112.470 116.850
117.390 121.320
127.530 131.760
131.850 138.720
139.320 146.130
148.110 152.160
152.880 156.720
159.900 162.660
163.200 168.930
169.110 172.890
173.970 179.490
180.240 183.720
183.720 187.740
188.130 190.140
190.560 192.240
192.240 194.040
195.150 203.250
205.770 210.270
210.750 215.640
216.390 221.310
226.290 232.140
232.980 235.530
235.530 240.450
240.600 241.260
241.350 243.720
243.720 245.190
245.700 248.460
249.000 255.030
256.020 259.590
260.430 261.660
262.260 267.960
269.640 270.270
270.270 275.880
276.870 280.740
281.490 285.510
286.170 289.050
289.050 291.030
291.630 293.340
293.340 294.060
294.360 294.960
295.350 297.420
297.420 299.490
300.780 305.310
307.950 310.080
312.960 316.320
316.410 318.240
319.380 321.750
322.890 323.670
