0.000 3.330
8.760 10.230
10.320 13.740
14.250 17.400
18.420 22.230
56.940 60.360
61.530 66.780
68.070 71.550
72.060 78.360
78.570 81.270
83.430 88.230
88.410 92.430
94.050 97.710
99.840 102.090
103.140 105.960
106.170 109.770
110.370 112.140
112.230 114.930
115.140 118.560
121.680 125.550
125.700 129.030
129.720 134.730
135.840 139.860
140.610 144.900
145.230 148.140
150.810 152.340
153.450 157.200
168.900 172.560
173.550 178.860
179.550 183.390
184.080 187.260
188.880 192.750
193.590 194.970
195.030 196.650
196.770 198.510
198.660 201.930
202.710 205.320
205.860 208.740
208.830 211.050
212.670 217.350
219.540 221.370
221.370 225.480
225.960 228.090
228.390 230.340
230.580 235.440
236.100 237.480
237.690 241.530
241.980 243.420
243.510 246.030
246.450 247.740
247.800 254.070
254.070 257.700
258.990 264.690
265.710 267.870
270.030 273.930
273.930 274.950
275.910 282.030
282.270 284.910
285.960 288.330
288.810 289.620
289.830 290.490
290.490 291.240
