0.000 5.610
5.610 33.450
33.450 41.490
41.580 51.900
51.900 91.680
91.740 105.600
105.690 116.160
116.310 119.580
119.580 123.060
123.120 126.570
126.570 131.640
131.760 143.760
143.760 151.590
151.620 154.290
154.350 170.640
170.820 172.650
172.650 175.890
175.890 180.870
180.870 184.710
184.950 187.140
187.140 188.280
188.520 192.750
193.020 207.390
207.390 209.370
209.430 210.690
210.690 222.510
222.510 225.690
225.840 232.140
232.590 239.640
239.640 243.840
243.840 246.000
246.000 253.110
253.110 269.970
270.060 283.800
283.830 289.680
289.680 299.940
299.940 320.910
320.940 329.280
329.280 332.130
332.130 346.170
346.410 355.020
355.020 367.260
367.260 377.850
377.880 391.080
391.080 415.050
415.050 416.550
416.550 422.310
422.310 442.710
442.710 453.270
453.450 454.650
454.650 465.810
465.810 472.770
472.770 484.230
484.230 490.410
490.620 505.290
505.290 511.650
511.680 542.550
542.550 550.380
550.380 556.680
556.680 557.700
558.000 559.350
560.520 562.230
563.730 564.510
564.540 565.770
566.940 567.750
568.530 569.340
569.340 570.810
570.930 572.190
572.550 574.020
574.770 575.370
