0.000 3.330
8.850 10.380
10.560 14.640
15.720 19.350
19.500 21.840
23.460 29.670
30.270 35.520
35.820 40.260
41.910 45.420
47.430 50.310
50.760 52.980
53.730 58.860
60.150 64.680
64.710 67.920
68.070 71.100
71.880 75.300
75.780 81.330
82.800 87.750
88.950 96.480
97.350 101.190
101.310 107.940
108.180 109.530
110.160 114.780
114.930 119.550
119.910 125.250
125.340 128.940
130.170 136.290
136.530 139.380
140.640 144.660
145.170 146.010
146.040 148.320
150.540 153.360
153.600 156.420
158.190 161.940
168.900 173.610
173.910 174.720
