0.000 3.330
8.340 9.750
9.750 14.790
16.530 21.330
22.080 28.980
29.760 32.700
32.790 34.170
34.230 39.210
41.220 44.160
44.160 48.450
49.170 51.480
51.570 54.180
55.020 59.280
60.030 65.490
66.600 68.880
71.520 76.020
76.440 79.380
79.770 82.290
84.750 88.830
91.080 94.590
100.620 104.640
110.010 112.620
112.800 114.900
115.410 119.640
120.390 124.170
125.280 132.780
133.560 137.940
138.000 140.190
140.820 145.470
145.470 146.550
146.550 149.190
150.000 155.340
155.970 158.580
158.790 162.240
162.750 165.960
166.050 168.750
168.750 169.770
170.010 171.240
172.050 176.310
176.760 179.400
179.970 184.890
185.790 191.880
192.510 194.100
194.610 195.270
195.270 197.460
197.460 198.840
198.840 202.290
202.650 207.780
209.070 211.350
218.760 219.420
220.740 221.430
225.930 226.590
227.790 228.450
229.260 230.640
231.510 234.330
234.450 235.260
