0.000 3.330
8.190 9.690
9.780 17.160
18.390 21.090
21.360 24.480
24.480 25.470
33.570 37.740
43.260 49.890
55.320 59.040
60.510 64.380
72.960 78.450
78.690 81.960
82.020 84.300
85.020 88.890
90.270 92.730
92.730 94.980
96.720 99.270
99.600 102.780
103.050 106.320
106.320 108.450
128.700 130.470
134.850 136.470
136.740 139.890
146.910 150.780
155.670 159.150
159.150 162.000
170.070 174.330
174.330 176.250
176.520 182.490
182.610 185.370
185.370 187.110
188.400 191.790
192.030 194.280
194.460 196.980
197.460 199.230
199.290 201.810
201.930 205.290
205.530 207.870
208.290 210.690
212.340 213.630
227.430 230.040
230.130 233.130
233.520 234.330
