0.000 4.680
8.700 10.290
10.770 16.980
17.640 20.700
22.860 25.320
25.710 27.930
28.440 31.800
51.570 54.750
54.840 60.840
60.840 62.670
62.910 66.390
66.930 68.970
69.030 73.830
73.830 78.960
84.150 93.360
94.440 101.760
102.120 104.520
104.520 110.010
110.010 111.990
112.020 114.570
114.630 115.410
115.710 124.890
124.890 130.920
131.370 135.210
135.570 138.390
138.390 147.960
148.260 153.180
159.930 167.730
178.560 182.250
183.750 188.670
188.730 192.990
193.080 209.040
209.610 216.270
216.270 218.820
219.330 230.880
233.910 241.530
241.980 246.720
246.720 249.270
249.570 254.550
256.620 264.450
264.450 269.880
270.660 277.260
277.260 281.040
282.300 288.390
288.480 292.380
292.710 295.890
301.650 304.020
309.090 312.720
313.410 316.710
316.770 320.280
320.280 323.790
324.270 324.870
325.020 328.560
328.560 329.520
