0.000 5.610
5.790 16.560
16.560 28.140
28.140 30.360
30.420 32.430
32.820 35.430
35.640 38.010
38.010 40.200
40.530 49.890
49.890 52.170
52.410 55.650
55.860 58.650
58.650 61.680
62.100 66.330
66.390 68.910
68.910 72.570
72.930 74.760
74.760 76.530
76.710 79.380
79.410 81.900
82.380 84.180
84.450 90.390
90.390 94.710
95.160 96.360
96.360 98.220
98.220 99.300
99.300 100.650
100.650 110.160
110.160 118.500
118.620 119.940
119.940 122.130
122.370 125.550
125.880 127.350
127.380 129.570
129.570 135.120
135.510 138.300
138.600 142.380
142.650 144.330
144.330 145.560
145.590 147.660
148.170 151.500
151.620 155.280
155.280 159.450
159.780 162.600
162.930 164.610
164.730 166.380
166.500 172.710
172.710 177.240
177.360 179.550
179.820 181.980
181.980 183.330
183.510 186.180
186.180 189.570
189.720 195.990
196.410 197.580
198.000 200.370
200.370 202.470
202.770 205.770
206.100 208.650
209.010 211.320
211.590 214.020
214.170 215.340
215.340 216.900
216.990 229.050
229.080 232.260
232.410 240.450
240.450 244.200
244.200 247.020
247.350 248.790
248.880 250.680
250.770 253.590
253.680 257.670
258.030 261.390
261.600 263.250
263.310 266.280
266.430 268.920
269.040 271.440
271.440 274.830
274.830 279.240
279.240 290.430
290.610 296.670
296.790 302.190
302.400 307.680
307.830 309.150
309.150 311.250
311.400 312.720
312.780 316.080
316.110 319.080
319.260 323.760
323.790 330.750
330.750 337.140
337.200 341.730
341.820 342.660
342.750 354.900
354.990 359.670
359.670 366.630
366.630 374.610
374.610 378.810
378.810 380.940
380.940 383.760
383.790 390.960
390.960 392.310
392.460 393.420
393.420 402.630
402.630 407.580
407.910 413.910
413.910 420.630
420.840 429.210
430.500 436.410
