0.000 3.330
8.340 13.380
14.160 18.990
19.170 23.220
23.310 24.360
24.480 25.380
25.500 26.640
26.760 27.630
27.630 28.590
29.700 34.800
35.100 39.690
39.810 42.570
43.170 46.200
46.230 50.040
51.270 55.500
55.530 62.070
62.070 64.410
76.590 81.930
82.320 87.060
88.050 91.470
92.190 102.270
102.930 105.180
109.080 112.350
112.350 115.500
122.850 126.390
126.600 131.220
132.060 136.770
136.890 139.590
140.310 145.230
145.440 147.390
147.420 152.940
152.940 154.620
155.130 159.090
159.090 162.540
163.410 168.120
168.300 171.060
171.390 174.120
174.540 178.080
178.380 180.750
181.710 187.890
188.130 191.520
191.670 195.420
195.510 198.390
198.840 202.410
202.500 206.460
206.460 210.870
211.860 214.260
216.990 220.680
220.770 224.880
224.970 227.490
228.600 232.470
232.680 233.340
