0.000 3.330
8.250 9.750
9.870 13.260
13.470 18.540
19.650 23.850
30.720 38.550
38.820 41.670
44.220 49.800
55.410 57.690
62.760 65.760
66.210 70.230
77.130 80.550
81.000 83.910
83.910 88.560
88.830 91.980
92.040 95.160
95.160 99.480
99.510 102.510
102.630 107.190
107.340 110.280
111.120 115.650
116.070 118.680
120.780 124.740
124.830 127.650
127.650 131.130
132.210 137.610
138.240 142.410
142.530 147.060
155.370 163.650
163.680 165.750
165.750 168.000
178.350 181.470
183.060 185.670
185.940 191.070
191.280 193.770
193.800 197.670
200.730 204.240
204.480 210.090
210.180 215.010
215.730 218.760
218.760 221.370
221.430 225.120
225.870 229.440
230.490 235.230
235.800 241.740
242.910 245.220
248.550 255.480
257.550 260.340
273.570 277.140
277.140 278.730
278.820 281.100
