0.000 4.680
8.370 9.960
10.020 15.630
16.740 23.640
23.670 28.020
31.590 33.630
33.630 36.030
36.180 37.590
37.890 40.200
46.290 47.880
49.950 53.700
56.700 62.190
66.570 69.330
76.590 79.260
80.040 82.110
83.040 86.730
86.880 91.620
95.370 97.470
124.500 129.030
130.890 133.860
141.780 143.490
149.910 152.130
188.040 191.430
229.830 233.250
234.300 237.960
238.890 240.870
241.200 249.450
249.930 255.150
256.110 261.990
261.990 267.000
267.840 270.270
270.270 273.570
273.600 275.310
275.640 279.060
279.540 283.830
284.520 293.550
295.260 297.660
300.270 306.690
307.800 312.600
313.200 316.530
316.560 317.550
