0.000 3.330
8.010 9.540
9.540 12.960
13.440 16.140
16.410 19.530
19.530 20.520
25.110 29.280
36.810 39.960
43.410 48.270
57.420 62.910
72.000 74.970
76.800 78.870
88.500 90.630
90.990 94.380
95.040 96.990
97.080 100.590
100.860 102.150
102.240 104.520
104.880 108.750
109.590 114.240
114.360 116.460
117.150 120.000
120.960 123.300
123.330 126.420
126.720 128.340
128.460 131.940
132.990 135.240
138.060 139.980
141.120 144.210
146.160 149.160
154.560 156.030
159.360 162.810
162.960 164.850
170.760 173.550
173.820 175.920
176.100 177.750
187.800 189.390
190.770 192.030
192.180 194.520
200.070 202.770
204.180 206.550
222.780 228.690
229.380 233.910
233.910 235.440
235.740 241.440
243.060 246.540
246.540 248.640
249.210 250.500
250.650 252.540
252.540 254.250
254.250 256.980
258.210 260.100
260.100 263.040
263.310 265.740
265.890 267.450
267.690 272.730
272.730 274.860
274.860 276.090
276.600 279.420
280.380 282.120
282.120 285.060
285.150 290.970
292.230 294.030
294.570 296.760
296.760 299.280
299.400 301.500
301.860 311.040
311.940 316.440
317.640 322.110
326.700 333.630
350.520 351.870
352.200 354.840
355.800 358.050
376.290 383.100
384.780 386.310
386.400 389.520
389.820 396.900
397.260 398.550
398.550 400.800
400.920 401.580
