0.000 5.610
5.850 14.190
14.190 28.260
28.320 31.440
31.440 48.120
48.120 49.110
49.110 59.820
59.820 63.120
63.120 64.140
64.290 71.850
72.030 78.570
78.570 85.860
85.950 92.670
92.670 95.460
95.730 101.580
101.910 106.080
106.080 107.400
107.670 120.090
120.090 129.750
129.750 136.110
136.110 143.250
143.250 146.580
146.610 150.180
150.180 174.990
174.990 179.520
179.520 204.300
204.300 207.930
207.930 219.690
219.720 222.780
222.810 227.550
227.730 236.250
236.250 238.830
238.830 263.790
263.850 271.410
271.590 280.650
280.650 293.160
293.160 304.920
304.920 306.210
306.210 311.280
311.400 314.490
314.490 316.920
317.130 327.450
327.450 336.240
336.240 340.890
340.890 347.820
347.820 356.820
356.820 361.920
361.920 375.030
375.030 385.050
385.050 394.830
394.830 396.210
396.210 397.980
397.980 409.260
409.350 413.070
413.160 422.970
422.970 424.560
424.680 428.730
428.730 434.820
435.990 436.980
439.770 441.120
441.870 442.560
442.800 444.030
444.030 444.780
447.210 447.930
449.100 450.030
