0.000 4.680
8.010 13.500
13.680 16.500
16.590 20.880
24.900 29.700
33.600 38.520
47.790 53.580
57.810 61.920
67.320 69.990
72.300 74.400
74.490 76.440
79.710 81.720
82.020 84.690
92.220 95.460
96.090 101.760
103.620 110.880
112.530 116.910
117.540 121.650
122.880 127.350
128.190 134.490
134.490 138.390
138.930 144.630
144.630 145.770
146.220 147.990
148.770 156.870
157.680 164.670
165.330 173.430
173.970 177.060
177.300 184.980
186.630 189.090
195.840 199.680
199.830 203.820
215.160 219.660
220.320 223.230
223.320 227.190
227.190 230.850
234.120 239.130
239.970 243.660
244.950 252.630
277.440 286.020
287.280 291.240
291.300 292.320
