0.000 4.680
8.490 10.080
10.200 13.410
13.950 17.430
17.610 21.120
21.120 26.760
26.970 33.240
33.900 36.300
37.620 39.780
44.610 52.020
52.800 57.420
63.030 65.220
75.180 76.740
87.510 89.010
95.340 98.730
100.890 103.350
105.150 106.230
106.230 113.250
113.430 116.040
116.550 118.410
123.480 128.370
132.720 136.770
136.770 139.110
142.350 146.370
146.610 148.770
152.400 154.500
160.830 163.470
168.570 171.660
173.820 177.780
178.320 181.830
187.380 189.930
190.320 194.250
198.090 203.220
211.710 213.900
215.790 221.160
228.000 230.430
236.610 240.750
246.660 250.470
250.470 251.460
