0.000 4.680
7.920 9.540
9.870 18.480
18.570 21.330
21.540 28.230
28.260 30.150
30.780 38.520
39.090 42.600
45.000 49.620
51.810 54.570
55.740 59.490
61.020 63.900
63.900 65.520
66.930 70.050
76.080 77.970
77.970 80.580
84.600 87.810
91.410 92.940
95.580 96.810
99.420 100.350
101.190 103.620
106.860 109.050
109.440 112.770
113.790 115.680
117.810 120.570
125.040 127.290
130.980 132.780
134.010 136.860
137.790 139.590
139.590 141.270
145.710 148.710
150.090 152.310
154.440 162.510
162.900 168.060
168.630 172.560
178.290 180.690
181.170 182.970
184.920 187.230
188.580 190.740
191.970 194.430
194.580 196.680
197.550 199.560
200.550 204.540
210.090 211.710
213.990 215.670
216.420 218.910
220.410 223.590
225.210 228.180
228.870 230.370
230.910 233.550
234.870 237.060
238.710 240.930
245.220 248.010
248.550 250.560
251.820 256.470
257.340 258.750
260.160 262.530
262.620 264.990
265.860 267.660
268.020 270.030
270.630 272.640
278.160 281.280
282.240 285.330
286.680 289.080
289.350 292.080
293.190 297.180
297.690 300.330
311.880 313.860
314.820 316.920
317.460 319.200
323.970 325.770
326.280 327.720
329.520 331.170
333.390 334.950
335.490 337.980
338.250 340.740
341.160 342.600
344.070 346.050
349.290 352.020
353.040 357.960
358.260 362.280
368.910 372.330
374.460 376.410
380.400 382.950
385.290 388.470
388.800 390.120
390.810 396.180
396.180 400.500
400.590 401.550
