0.000 2.760
3.870 5.220
6.150 8.880
9.450 11.310
11.520 13.440
13.740 16.140
16.260 18.750
19.500 20.700
20.730 23.130
24.270 28.710
29.100 30.750
30.810 32.520
33.150 34.530
34.740 36.720
37.680 39.210
39.630 40.650
40.740 43.050
43.920 45.960
46.230 47.850
48.000 50.460
51.330 52.470
52.560 54.060
54.150 55.200
55.320 57.210
57.210 58.230
58.320 61.140
61.230 62.130
62.130 63.120
63.330 65.160
65.460 68.520
68.880 70.590
70.590 71.820
71.970 73.110
73.170 74.700
75.150 76.200
76.350 78.030
78.060 80.370
80.400 81.390
81.390 82.710
82.860 84.030
84.060 87.090
87.510 91.290
91.920 93.120
93.330 95.370
95.580 96.720
96.930 99.720
100.020 101.010
101.430 103.080
104.040 106.440
106.710 107.820
108.390 109.110
109.350 110.880
110.910 112.500
113.490 116.700
116.790 117.780
118.230 119.970
119.970 120.810
120.900 123.000
124.380 125.370
125.370 128.880
128.970 130.530
130.620 132.090
132.480 133.380
133.980 134.790
134.880 138.120
138.270 139.320
139.830 141.630
141.840 142.920
143.190 144.870
145.170 147.570
148.050 149.490
150.120 152.790
153.090 154.110
154.380 155.340
155.400 156.390
156.390 157.110
157.770 160.800
161.520 164.880
165.330 166.500
166.770 168.510
168.930 170.010
170.640 172.440
172.590 174.120
174.690 175.590
175.920 179.280
179.790 180.900
182.100 185.430
185.460 186.780
187.440 188.550
188.610 190.170
190.260 192.150
192.840 195.780
196.530 198.540
198.660 201.120
201.780 203.700
203.730 209.010
209.700 210.300
210.510 212.190
212.400 214.260
214.440 215.670
216.120 217.770
217.980 219.300
219.300 221.040
221.280 222.030
223.320 224.940
226.890 227.490
228.030 229.770
229.890 230.970
231.450 233.250
233.820 235.560
236.220 236.970
237.390 239.400
240.780 242.370
242.370 245.100
245.730 248.130
249.690 251.640
251.910 253.170
253.560 255.450
255.450 257.010
258.450 259.230
259.230 261.210
261.210 262.020
262.020 263.130
263.520 264.210
264.600 265.380
265.380 266.400
266.880 267.540
268.230 269.370
269.490 271.710
272.430 273.600
275.370 276.270
276.300 277.890
277.980 280.500
280.920 281.790
282.900 283.650
283.860 286.380
286.380 286.980
287.130 287.970
288.300 290.730
291.330 292.350
292.920 294.060
294.990 295.980
296.010 296.790
297.630 299.040
299.040 300.540
301.260 302.820
303.660 304.260
304.440 305.040
305.580 306.270
306.810 307.890
308.220 309.750
310.740 311.880
314.040 316.020
316.440 317.880
318.750 320.280
320.580 321.210
321.330 322.590
322.740 324.000
324.660 325.290
325.320 326.040
326.340 327.510
329.220 332.100
332.280 333.090
333.480 334.560
335.070 336.660
337.350 339.720
339.960 340.860
341.190 342.150
342.630 343.530
344.040 345.330
346.110 346.920
347.400 348.330
348.480 349.320
349.530 350.130
350.430 351.120
351.420 352.080
352.230 353.010
353.220 353.880
354.060 354.840
354.900 355.590
355.860 357.930
358.020 359.010
360.060 361.020
361.350 362.850
363.720 365.850
367.590 368.760
369.120 370.020
370.170 371.340
372.000 373.260
373.380 375.090
375.180 376.620
377.160 378.780
379.530 381.030
381.450 382.320
382.680 384.000
384.180 385.770
386.400 388.110
388.140 388.800
389.010 390.930
393.060 396.180
396.300 398.670
398.850 399.990
401.490 404.220
404.760 405.870
406.470 408.450
410.010 411.960
413.610 414.750
415.050 415.740
416.040 417.630
417.930 418.650
418.980 419.970
420.360 421.440
421.620 423.120
423.660 424.770
424.950 426.030
426.270 427.410
427.440 428.340
428.760 430.170
430.770 432.360
434.730 436.200
436.800 438.390
438.900 440.040
440.220 441.150
442.020 443.310
445.410 446.580
447.000 447.990
448.080 449.070
449.760 450.960
451.740 453.630
454.380 455.970
457.470 458.640
460.020 460.950
460.950 462.570
465.270 466.530
466.950 468.510
469.020 471.090
471.660 472.590
472.590 473.190
473.280 474.240
474.360 476.460
477.000 478.410
479.010 479.790
479.940 481.560
481.770 483.210
484.800 485.550
485.610 486.900
487.110 489.840
491.010 492.210
492.480 493.740
494.430 495.960
496.710 498.120
499.170 501.180
501.300 502.230
502.440 504.090
504.510 505.530
505.620 506.790
506.790 508.590
508.980 510.150
510.450 511.710
512.190 513.150
513.450 514.290
514.710 516.000
516.150 517.140
518.070 519.210
519.870 520.890
522.120 523.320
524.310 524.970
525.390 525.990
526.170 527.310
527.640 529.110
529.860 530.670
530.670 532.770
532.770 533.370
533.700 534.780
535.530 536.820
537.570 538.170
538.800 539.670
539.880 541.230
541.530 543.360
543.900 544.710
545.430 547.020
547.380 549.180
549.360 550.260
550.380 551.370
551.700 552.840
553.260 555.030
555.150 556.200
556.410 557.310
557.310 558.960
559.410 560.580
560.640 563.760
565.110 565.710
565.950 567.450
568.410 569.910
570.990 572.910
573.000 574.560
574.800 575.940
576.060 577.320
578.400 579.960
580.170 581.400
582.720 583.800
585.270 586.500
586.530 587.640
587.970 588.570
588.750 590.100
590.370 591.510
592.560 593.670
594.030 594.690
595.110 596.520
597.690 598.800
599.520 600.780
600.840 602.760
603.570 604.590
604.770 605.790
606.390 607.290
607.320 608.730
611.160 612.210
612.300 613.380
613.500 614.580
615.630 617.610
618.180 619.590
621.150 622.410
622.980 623.760
623.880 625.740
625.860 626.490
627.480 629.130
629.730 632.100
632.100 633.180
633.930 635.580
635.850 637.890
639.180 640.560
641.040 642.450
642.510 643.950
644.130 645.210
645.540 646.740
648.060 648.780
648.990 650.580
651.000 653.970
654.090 655.590
656.070 656.970
657.360 659.580
659.610 660.360
660.480 661.350
662.490 663.630
664.200 665.130
665.280 666.180
666.270 667.410
667.830 668.790
669.240 670.500
671.190 672.390
672.630 674.730
674.730 675.330
675.450 676.560
676.980 678.210
678.420 679.560
679.860 680.610
681.120 683.160
684.840 685.500
685.830 686.640
687.030 688.230
688.230 690.600
690.990 692.490
692.580 693.450
693.600 695.010
695.820 697.260
698.340 699.690
700.740 702.210
702.390 703.500
703.530 704.490
704.670 705.450
705.720 706.890
706.890 707.700
707.910 709.110
709.110 709.830
710.100 711.420
711.420 712.110
712.530 713.670
713.760 714.810
715.170 716.280
716.790 717.540
717.600 718.380
719.280 720.030
720.690 721.440
721.740 722.400
722.760 723.600
724.410 725.400
725.790 726.930
727.320 728.070
728.220 729.090
730.080 730.980
731.250 732.480
732.510 733.260
733.380 734.430
735.210 735.810
736.140 737.310
737.490 738.240
738.240 738.960
740.400 741.000
741.600 742.350
742.560 743.730
744.030 744.960
745.740 746.610
746.700 747.810
748.230 749.310
749.880 750.750
751.440 752.670
752.700 753.840
753.990 754.770
754.770 755.580
755.910 757.020
757.470 759.420
759.420 760.320
760.770 761.520
761.730 764.340
764.430 765.180
765.510 766.230
766.440 767.310
767.400 768.180
768.180 768.930
768.990 770.910
771.090 771.810
773.160 773.910
774.150 775.410
776.040 776.880
777.720 779.220
780.360 781.200
781.290 782.640
782.640 783.360
784.200 785.430
785.490 787.080
787.410 789.180
789.210 789.900
790.260 791.070
792.480 793.770
794.490 795.480
797.640 798.930
799.410 800.340
802.080 803.190
804.390 805.500
806.220 807.570
807.990 808.890
810.390 811.350
