0.000 3.060
9.300 10.830
11.220 15.780
16.320 19.740
20.250 21.600
21.600 22.620
22.740 24.780
25.260 30.510
31.110 35.580
35.580 37.410
38.010 40.170
40.200 43.500
43.740 46.650
47.580 57.240
57.240 62.310
62.580 65.040
65.640 68.610
68.640 72.750
72.810 74.250
74.400 79.560
79.890 83.940
84.060 88.200
88.500 91.500
91.500 93.060
93.330 94.680
94.740 99.030
99.030 101.520
101.520 104.190
104.310 105.720
105.750 106.800
106.800 108.540
108.570 110.370
111.750 114.090
115.290 119.310
119.610 123.240
123.540 127.350
127.500 129.180
129.330 132.210
132.450 135.540
135.570 139.830
140.070 142.410
142.500 145.920
145.980 147.360
147.480 149.250
149.850 153.510
153.660 156.240
156.390 157.290
162.750 164.610
165.570 169.830
172.260 174.990
176.520 180.180
180.390 183.960
184.440 186.660
186.810 189.510
189.750 192.090
192.240 197.190
197.370 203.460
203.490 207.960
207.960 209.640
212.700 217.200
217.200 221.070
221.520 225.450
225.510 227.640
227.640 230.040
230.220 234.120
234.120 239.250
239.250 242.490
242.520 245.850
245.910 249.570
249.690 256.680
256.740 259.890
260.040 262.770
262.770 265.050
265.140 272.250
272.250 276.540
276.570 278.760
279.060 281.130
281.970 285.300
285.360 287.070
289.950 293.220
293.490 294.930
294.960 297.540
297.570 299.520
299.670 301.230
303.990 306.660
307.020 309.960
314.190 316.500
318.930 322.920
323.160 326.340
326.340 328.680
328.890 331.590
331.830 333.660
333.780 338.550
338.670 342.660
342.660 346.740
347.100 348.630
348.780 350.820
350.850 351.570
