0.000 3.060
8.880 10.410
10.800 14.670
14.730 19.050
19.560 22.890
22.890 25.650
25.860 28.980
28.980 36.330
36.330 39.000
39.420 42.510
42.900 45.420
45.420 48.510
48.690 50.910
51.000 53.280
55.560 58.140
58.260 59.520
59.970 61.140
61.260 63.420
63.810 67.200
67.320 69.870
71.100 71.970
72.150 74.430
74.790 75.840
76.890 78.900
78.900 81.780
81.780 85.230
85.590 88.320
88.800 91.260
91.380 95.130
95.340 96.720
96.870 98.280
98.370 102.060
102.810 107.910
109.200 111.690
111.690 114.180
123.420 126.690
130.830 133.620
134.640 137.760
138.660 141.660
143.430 146.670
146.760 149.160
156.600 158.910
159.150 160.620
161.640 166.110
166.230 169.440
169.650 173.520
173.580 174.600
174.720 175.680
175.800 181.050
181.830 184.740
186.900 190.890
190.950 193.860
194.400 197.880
198.150 199.170
200.430 202.080
202.290 205.320
205.590 208.320
208.470 210.090
210.090 212.070
212.100 214.320
214.350 219.900
220.080 224.760
228.570 230.640
230.670 231.930
232.290 233.130
233.400 235.050
235.140 237.300
238.290 240.630
240.900 242.130
242.340 243.510
243.690 244.710
245.520 246.780
246.840 248.730
249.000 251.670
251.670 252.840
255.120 258.780
258.810 261.030
261.090 264.240
264.360 266.670
266.940 269.430
269.520 270.960
271.050 272.400
272.460 274.530
274.680 277.650
278.550 283.560
283.650 286.680
286.680 291.180
291.180 297.330
297.480 299.460
299.520 302.250
302.430 305.130
305.190 308.340
308.370 309.240
310.020 311.670
312.000 313.320
313.380 316.200
316.470 317.760
318.660 321.510
323.100 328.380
328.500 332.250
332.250 336.120
336.120 338.310
338.310 340.710
340.710 343.980
344.100 349.830
349.830 353.040
353.130 356.640
357.600 359.670
359.670 361.560
361.620 366.750
367.890 371.340
371.340 374.700
374.820 380.670
380.760 383.460
383.490 388.080
392.340 397.290
397.740 403.650
404.010 407.850
410.850 415.920
416.670 418.080
418.110 419.340
419.340 424.770
425.040 427.440
427.470 429.870
429.930 432.990
432.990 433.710
