0.000 2.760
3.870 5.220
6.030 8.790
8.850 11.130
11.220 14.790
15.030 16.590
17.160 21.060
21.270 23.430
24.180 26.340
26.850 31.080
31.080 34.020
34.560 36.240
36.420 37.860
38.100 40.440
41.550 42.630
42.780 44.370
44.550 46.140
46.200 47.490
48.270 49.410
49.620 50.970
51.510 52.260
53.130 54.240
54.720 56.820
57.180 61.380
61.740 63.420
63.630 65.100
65.220 67.170
67.800 69.060
69.270 71.580
71.640 74.790
75.030 76.380
76.470 79.020
79.320 80.250
80.250 81.540
81.780 84.600
84.870 86.100
86.310 87.960
87.960 89.190
89.940 91.770
92.100 93.450
93.870 95.610
95.640 97.350
97.440 101.400
101.610 102.930
103.440 104.370
104.520 105.990
106.380 109.110
109.350 111.720
111.870 113.250
113.310 115.230
115.230 115.830
115.860 117.210
117.870 118.530
118.530 120.510
120.510 122.640
123.030 127.290
127.530 130.590
130.950 132.060
132.540 135.180
135.600 136.590
136.980 138.150
138.150 138.750
139.170 140.370
140.880 141.690
141.720 142.920
143.460 145.440
145.680 147.030
147.660 149.130
150.060 151.290
152.010 155.040
155.550 158.010
158.760 160.230
160.740 162.480
163.680 166.830
167.130 168.090
168.270 169.830
170.880 171.780
172.320 173.460
173.520 174.450
175.110 175.950
175.950 176.730
177.030 179.100
179.400 181.500
181.590 183.810
185.430 187.590
188.100 189.780
189.900 191.610
192.420 193.470
193.680 195.750
196.140 197.160
197.520 199.890
200.010 202.410
203.190 204.630
204.630 206.190
206.760 207.750
208.980 212.010
212.280 213.330
213.600 214.620
214.890 217.680
217.860 219.000
219.000 220.560
220.980 221.970
222.180 223.020
223.410 225.420
226.020 227.430
227.850 229.920
230.340 231.720
232.200 233.070
233.070 234.630
234.990 236.700
236.940 239.790
240.690 241.710
241.710 242.970
243.060 244.200
244.200 247.170
248.460 249.810
250.170 251.370
251.370 253.110
253.110 254.430
254.970 256.050
256.080 258.720
258.720 260.130
260.670 261.900
261.900 262.500
262.650 264.600
264.960 266.100
266.880 273.570
273.570 274.230
274.530 276.330
276.540 277.410
277.500 278.250
278.490 279.780
280.320 281.790
282.150 284.040
284.490 285.390
285.660 290.010
290.640 292.380
292.380 295.260
296.010 298.290
298.680 300.300
300.480 301.680
301.920 302.910
303.180 303.930
304.170 305.430
306.180 307.830
308.070 309.180
309.330 310.230
310.290 311.760
312.120 313.140
313.860 315.150
315.450 316.530
316.830 322.350
322.740 324.720
326.580 328.590
329.190 330.750
331.740 333.210
333.750 334.920
335.550 337.230
337.650 338.700
339.300 340.830
340.980 342.390
342.780 344.160
344.850 346.050
346.620 347.280
347.460 348.780
348.900 350.040
350.550 353.310
354.090 356.820
357.510 358.530
358.590 360.270
361.350 364.350
365.010 365.910
365.970 367.200
368.010 368.970
369.210 369.840
369.840 371.460
371.970 375.600
375.600 377.280
378.240 380.160
380.370 382.080
382.650 384.630
385.470 386.460
386.910 387.990
388.320 389.790
389.790 390.840
391.020 392.700
392.700 393.450
393.840 395.040
395.100 396.210
397.410 398.310
399.060 399.690
400.290 401.220
401.790 402.990
403.410 405.960
406.050 409.080
409.680 410.550
410.760 412.830
412.980 415.710
415.710 417.450
417.900 419.100
420.600 422.220
422.910 425.790
426.390 427.920
428.250 429.780
429.960 433.050
433.620 434.520
434.790 437.250
437.580 441.090
441.360 442.620
443.130 444.420
444.420 446.010
446.130 447.540
448.350 451.170
451.380 452.340
452.670 456.300
456.690 458.430
458.760 461.550
461.610 462.540
463.110 465.600
465.600 467.610
468.240 469.290
469.440 470.400
470.610 471.210
471.480 472.110
472.470 474.150
474.450 475.980
475.980 477.000
477.390 478.320
478.980 479.970
480.240 481.710
481.710 482.940
483.870 485.640
486.000 489.330
489.330 490.710
490.920 492.780
493.380 494.250
496.380 498.450
498.900 500.340
501.510 502.260
502.620 503.490
503.520 504.450
506.010 507.300
508.860 510.150
510.150 512.250
512.310 513.240
513.840 514.950
516.270 517.740
518.280 520.290
520.890 522.390
523.020 524.190
524.940 526.230
527.010 528.210
528.450 529.710
530.730 532.980
533.190 535.770
536.670 538.470
539.430 540.510
541.470 542.700
543.060 544.620
545.340 546.630
548.070 549.030
549.420 550.170
552.480 553.650
554.130 556.470
556.950 558.270
558.780 560.070
561.210 562.200
562.380 563.220
563.220 565.140
565.320 566.670
567.030 568.470
568.950 570.990
571.740 572.970
574.410 575.610
575.790 577.500
578.100 579.930
580.500 582.420
582.780 584.310
584.520 585.240
585.480 586.950
586.950 588.180
588.390 589.680
590.160 591.210
591.210 592.320
592.380 593.670
594.750 596.370
596.520 597.600
597.720 598.590
599.130 600.540
601.740 602.520
604.050 605.550
605.910 607.770
608.400 609.030
610.560 612.870
613.500 615.990
616.350 618.390
618.810 619.590
619.830 621.660
622.170 624.300
624.360 625.950
626.730 627.570
627.750 629.190
629.190 630.750
631.440 633.060
633.660 634.800
635.130 637.590
638.550 640.500
641.130 644.280
644.670 646.110
646.770 647.700
647.730 649.680
650.550 651.570
652.950 654.330
655.230 657.000
657.150 658.830
659.430 660.570
663.390 664.020
664.440 665.400
665.610 666.360
666.900 668.310
668.550 669.660
670.260 671.370
671.640 674.070
674.400 675.450
676.230 678.000
678.510 679.500
679.620 680.760
681.360 682.530
682.980 685.110
686.280 687.960
688.320 690.390
690.570 692.580
692.910 694.620
698.280 700.020
700.620 701.580
701.640 702.390
703.260 704.670
704.670 706.470
706.470 707.310
707.820 708.930
709.890 712.050
712.320 712.920
713.370 715.770
717.000 717.600
717.780 718.410
718.410 720.840
721.140 722.850
723.180 725.940
726.210 727.320
727.350 728.760
729.540 730.350
730.410 733.050
733.980 735.990
736.770 738.000
738.390 739.950
740.100 741.150
741.870 743.370
743.430 744.690
745.050 747.690
749.760 750.900
751.590 752.910
754.200 755.280
756.210 757.170
757.800 758.490
758.550 759.210
759.600 761.130
