0.000 11.670
12.120 13.080
13.380 17.670
17.670 18.510
18.570 22.410
22.440 24.300
24.330 26.400
26.850 32.670
32.670 34.710
35.160 37.440
37.440 40.680
40.770 43.200
44.130 45.000
45.000 53.790
53.790 55.050
55.050 58.050
58.050 60.450
60.540 66.180
66.480 70.020
70.020 71.100
71.100 72.600
72.810 73.980
73.980 77.340
77.340 78.030
78.090 82.530
82.710 83.520
84.060 85.950
86.100 89.190
90.120 91.950
91.950 96.180
96.750 97.650
97.740 99.690
99.780 104.370
104.490 105.690
105.690 107.820
108.000 108.630
108.630 109.650
110.040 112.620
112.740 114.390
114.390 116.610
116.640 119.040
119.190 120.540
120.540 121.440
121.440 122.700
123.120 124.290
124.440 126.300
126.330 129.420
129.450 131.010
131.070 134.880
135.090 137.370
137.370 141.660
141.870 146.850
146.850 148.470
148.590 149.400
149.430 152.700
153.120 155.850
155.910 158.310
158.310 159.360
159.990 167.820
168.030 171.450
171.540 174.900
175.800 179.340
179.370 180.060
180.060 183.900
184.170 185.700
185.700 187.230
187.890 188.520
189.030 189.930
189.930 190.860
190.920 193.260
193.260 194.040
194.040 195.420
195.420 198.090
198.150 201.900
201.900 204.450
206.490 210.150
210.150 213.120
213.330 219.240
219.810 224.010
224.010 224.760
225.000 233.910
233.910 235.860
235.950 241.440
241.500 243.240
243.330 246.420
246.900 247.890
248.160 248.880
249.060 249.810
250.110 252.270
252.270 255.330
255.330 256.590
256.590 258.960
259.050 261.960
262.050 265.830
265.920 267.630
267.630 271.230
271.230 273.060
273.060 274.110
274.110 276.990
277.080 279.420
279.600 283.710
283.710 285.630
285.690 287.400
287.430 293.520
293.520 294.990
294.990 297.210
297.240 301.500
301.500 308.790
309.240 313.230
313.350 317.340
317.340 318.270
318.270 320.430
320.430 321.870
322.380 324.930
324.930 326.490
326.490 328.590
328.590 332.370
332.370 333.870
334.260 339.390
339.660 344.070
344.310 349.620
349.620 352.440
352.530 353.460
353.460 356.220
356.220 360.720
361.230 361.860
361.980 362.610
362.910 365.490
365.490 369.750
369.900 372.510
372.750 375.930
375.930 378.150
378.450 382.140
382.740 388.080
388.440 391.140
391.230 393.060
393.060 396.660
396.720 400.860
400.860 402.600
402.600 405.720
406.140 407.880
408.870 415.890
416.220 418.290
418.950 420.030
420.630 424.470
424.470 428.670
428.730 429.750
429.930 432.570
432.570 434.190
434.190 435.510
435.600 437.700
437.700 439.680
439.680 440.670
440.760 442.710
442.710 443.310
443.310 443.970
443.970 448.740
448.860 451.620
451.650 454.320
454.500 459.300
459.300 462.240
462.240 465.840
466.230 470.550
470.610 472.740
472.740 475.260
475.260 478.110
478.140 480.000
480.120 483.750
484.050 485.040
485.040 488.190
488.340 489.990
489.990 493.530
493.560 496.980
496.980 501.240
501.240 503.670
503.940 510.540
510.750 512.700
512.700 520.710
520.710 522.000
522.060 522.900
522.900 525.090
525.090 532.110
532.110 536.610
536.610 541.020
541.050 545.910
545.910 547.380
547.410 550.560
550.890 553.770
553.830 555.210
555.690 559.230
559.470 561.570
561.720 563.640
564.150 567.030
567.030 568.500
568.500 569.280
569.340 584.220
584.280 587.430
587.430 588.030
588.030 592.620
592.620 593.940
593.970 596.400
596.760 598.020
598.110 598.920
598.950 603.480
603.480 604.800
604.800 608.820
608.850 610.500
611.100 615.300
615.300 619.950
620.580 623.040
623.040 624.600
624.600 626.610
626.610 629.400
629.400 630.060
630.180 632.340
632.820 634.830
634.890 636.480
636.480 638.010
638.190 640.110
640.740 642.840
642.840 643.440
643.650 646.140
646.260 650.520
650.940 652.740
652.740 654.990
654.990 662.250
662.250 663.180
663.180 666.120
666.120 669.750
669.870 673.740
673.770 675.150
675.300 676.140
676.170 677.160
677.160 678.600
679.080 680.010
680.010 682.560
683.010 684.750
684.750 688.050
688.050 689.460
689.580 693.090
693.120 695.130
695.190 700.890
701.460 703.890
703.890 705.300
705.420 706.080
706.590 708.930
709.050 716.100
716.100 717.240
717.390 718.950
719.040 720.180
720.390 726.570
726.570 727.770
728.070 729.990
729.990 733.380
734.340 738.690
738.750 743.280
743.280 747.030
747.030 748.350
748.410 755.400
755.400 760.830
760.830 765.390
765.570 768.450
768.450 774.600
774.600 777.450
777.810 779.010
779.010 782.130
782.160 785.640
785.760 786.990
786.990 789.270
789.570 790.170
790.410 791.010
791.190 794.190
794.190 797.640
797.790 799.170
799.170 800.730
800.730 804.540
804.600 806.610
806.610 807.630
807.720 811.650
811.770 813.810
813.810 815.040
815.070 816.180
816.270 819.630
819.720 823.410
823.410 825.780
826.080 827.490
828.270 830.310
830.400 834.870
834.930 837.750
837.750 840.930
840.990 844.500
845.400 847.620
848.220 849.240
849.360 851.430
852.240 854.190
854.460 855.420
855.510 857.550
857.640 861.690
862.110 866.670
866.790 871.170
871.320 872.580
873.300 877.140
877.290 879.150
879.300 883.080
883.080 884.730
884.730 885.930
885.930 888.390
888.480 891.600
891.600 893.190
893.190 893.790
893.790 897.840
898.650 900.270
900.960 902.790
902.790 907.740
907.740 908.460
908.700 915.960
915.960 921.120
921.360 925.920
925.920 926.520
926.520 929.730
929.730 930.330
930.720 931.950
932.010 935.790
936.480 937.620
937.620 941.640
941.760 942.360
942.420 945.690
946.080 947.070
947.280 951.720
952.020 955.020
955.440 956.280
956.790 960.840
960.840 965.130
965.130 966.240
966.240 967.770
967.770 971.760
971.760 975.270
975.870 978.150
978.330 979.890
979.950 982.950
982.980 983.580
983.610 986.130
986.130 987.540
987.720 992.790
992.940 998.880
998.880 1000.590
1000.740 1003.740
1005.090 1010.790
1010.790 1015.410
1015.410 1016.640
1016.790 1017.990
1017.990 1019.280
1019.280 1020.780
1020.900 1023.990
1024.080 1026.870
1027.290 1031.010
1031.070 1033.500
1033.740 1034.790
1034.790 1035.960
1035.960 1037.190
1037.190 1039.080
1039.410 1040.550
1040.970 1042.770
1042.800 1043.760
1044.090 1047.450
1047.450 1049.040
1049.040 1049.940
1049.970 1053.270
1053.330 1054.320
1054.350 1056.150
1056.270 1057.050
1057.350 1058.580
1059.030 1060.470
1060.470 1061.100
1062.210 1070.160
1070.160 1072.140
1072.320 1073.610
1073.640 1077.990
1078.050 1080.000
1080.000 1083.390
1083.720 1084.380
1084.380 1085.310
1085.490 1086.240
1087.920 1093.590
1095.210 1097.400
1097.400 1102.290
