0.000 3.060
8.910 10.230
10.440 13.230
13.590 15.150
15.690 17.160
17.880 22.020
22.830 25.410
25.680 27.900
28.350 30.840
30.930 36.060
36.060 37.050
37.740 39.420
39.480 40.470
40.470 42.210
42.210 45.690
45.870 47.910
47.910 49.560
52.050 52.650
54.690 55.290
56.580 60.810
60.960 63.840
63.930 64.950
65.280 70.350
70.650 73.500
73.530 76.350
76.560 78.270
78.390 82.500
82.500 85.080
85.920 88.680
89.070 91.680
92.310 95.550
95.550 97.230
97.560 100.950
101.040 104.640
106.470 111.030
111.330 112.740
112.740 113.610
116.010 122.880
123.150 128.220
130.170 132.930
133.440 138.510
140.280 142.920
143.070 144.300
144.300 146.190
146.460 150.420
151.680 154.620
154.980 155.580
155.700 158.220
158.460 160.650
160.650 163.620
164.040 164.640
173.910 176.280
177.120 177.720
178.290 179.070
179.820 184.830
185.070 188.640
189.750 191.280
191.430 193.170
193.170 196.380
196.950 198.570
198.960 201.420
201.450 202.740
202.770 203.550
203.610 206.220
206.640 208.980
210.330 212.400
212.550 216.150
216.270 218.100
218.640 219.690
219.900 221.790
221.970 225.060
225.150 225.960
226.230 228.300
228.960 229.860
230.100 230.700
230.880 232.830
233.760 237.570
237.570 238.380
238.620 240.690
240.810 243.030
243.090 244.140
244.170 245.790
246.090 246.690
