0.000 3.150
7.770 8.730
9.150 10.860
11.070 15.900
16.230 19.770
20.190 24.900
25.230 30.690
31.080 35.580
35.580 37.440
37.980 43.620
43.620 46.650
47.460 62.460
62.460 65.160
65.280 74.310
74.370 79.620
79.680 84.030
84.060 88.320
88.380 93.180
93.240 99.060
99.060 104.220
104.280 105.810
105.810 110.490
111.690 114.270
115.290 119.460
119.550 123.330
123.510 127.470
127.470 129.300
129.300 132.390
132.390 135.630
135.630 139.890
140.010 142.470
142.470 146.010
146.010 147.360
147.450 149.280
149.790 153.540
153.600 156.270
156.270 157.500
162.090 164.640
165.540 169.950
172.200 175.050
176.490 180.210
180.300 183.990
183.990 186.810
186.810 197.400
197.400 203.490
203.490 209.880
212.640 221.190
221.310 230.220
230.220 239.310
239.310 242.520
242.520 249.750
249.750 260.100
260.100 281.160
281.940 285.330
285.360 287.130
289.890 297.630
297.630 301.410
303.960 306.870
306.870 310.110
314.160 316.710
318.840 322.950
323.130 328.770
328.830 331.830
331.830 333.750
333.750 338.610
338.610 346.950
346.950 348.750
348.750 351.600
