0.000 3.150
7.830 8.760
8.790 10.530
10.710 15.420
15.870 17.490
17.820 21.420
22.440 28.620
28.620 30.720
30.810 35.640
36.690 40.920
41.190 47.280
47.370 52.920
57.570 64.290
66.030 69.240
75.420 80.310
80.610 85.350
85.350 88.470
88.620 92.040
94.020 99.570
100.080 103.920
104.040 108.120
108.180 110.460
110.640 116.220
120.990 124.170
127.950 133.350
133.350 135.180
147.840 155.130
155.130 157.980
157.980 163.920
164.340 170.880
170.940 175.650
175.770 179.010
179.160 181.080
181.170 183.390
184.950 190.110
190.110 194.400
198.090 200.430
201.840 203.220
203.250 208.620
208.620 211.350
211.440 215.460
215.700 217.950
217.950 222.960
222.960 225.210
225.240 233.490
233.490 234.210
