0.000 2.760
3.870 5.220
5.640 8.250
8.250 12.180
12.450 14.010
14.130 15.360
15.450 16.560
16.590 17.250
17.790 20.040
20.790 22.650
22.830 27.750
28.830 31.260
31.260 34.590
34.590 37.380
37.860 39.090
39.090 42.090
42.120 45.090
45.660 48.750
49.350 50.250
50.880 53.190
53.220 56.820
58.380 64.710
65.220 68.790
68.940 72.330
72.510 73.140
73.140 77.730
77.760 78.960
79.230 82.680
82.830 85.080
85.170 86.430
86.580 87.870
87.930 89.190
89.820 91.440
91.650 96.120
96.720 98.220
98.490 99.300
99.540 100.440
100.440 102.420
102.630 103.470
105.120 106.140
106.290 110.820
112.680 114.210
114.270 116.610
116.880 118.290
118.290 119.670
120.780 121.740
121.980 124.890
124.980 125.580
125.790 128.340
128.730 129.930
130.020 131.280
131.790 132.750
132.900 135.300
135.360 136.650
137.670 139.110
139.230 140.310
140.460 142.170
142.200 146.370
147.270 148.740
148.740 149.340
149.340 153.120
153.960 155.820
155.820 156.900
157.980 159.300
159.300 162.150
162.300 163.500
163.860 164.790
165.000 168.450
168.810 170.160
170.190 170.940
172.500 173.100
173.400 174.390
177.300 178.590
178.590 179.430
179.430 180.030
180.060 181.650
182.490 184.410
184.980 186.720
188.190 189.330
190.770 192.150
193.020 194.940
194.940 197.820
199.110 201.510
202.500 203.520
203.670 205.380
205.680 206.460
206.670 208.410
210.150 211.170
213.360 214.680
215.070 219.030
220.110 221.100
221.280 222.390
224.010 225.240
226.740 229.170
229.200 229.800
230.310 233.490
233.970 235.440
235.860 237.210
237.990 238.740
238.740 239.880
240.300 241.890
242.250 242.880
243.000 243.930
244.860 245.760
246.300 247.170
247.470 248.610
249.750 250.620
251.160 254.430
254.550 256.470
257.010 258.210
259.650 261.810
261.870 262.470
262.800 263.910
264.360 264.960
265.680 267.480
270.960 271.620
271.890 272.880
273.420 275.250
275.490 276.090
276.330 277.170
279.390 282.840
282.930 284.400
284.520 285.210
285.420 286.320
287.850 289.080
293.700 294.480
