7.620 8.400
8.520 10.140
10.470 11.370
12.480 13.080
13.230 17.430
17.520 19.260
19.260 21.270
21.450 25.560
25.800 28.740
29.280 30.630
30.720 32.610
32.700 35.310
35.670 38.370
38.550 40.140
41.370 45.180
45.180 49.770
50.250 54.720
54.780 57.060
58.170 59.640
59.700 60.960
61.140 65.370
65.880 70.830
71.070 75.210
75.450 79.110
79.170 81.510
81.510 84.600
84.810 86.040
87.390 88.440
88.740 92.520
92.790 94.500
94.950 96.630
96.630 99.750
99.900 101.820
102.300 103.320
103.590 104.640
104.640 105.810
105.870 108.450
108.480 109.680
109.680 110.580
110.790 111.720
111.720 112.830
112.830 113.760
113.910 115.110
115.410 117.150
117.240 119.610
119.700 120.570
120.810 126.270
126.840 128.550
128.550 129.900
129.960 131.730
131.790 132.750
133.860 134.700
134.880 136.500
136.800 138.600
138.780 140.670
141.300 142.110
142.590 143.580
143.820 144.750
144.750 146.100
146.280 148.050
148.350 148.950
150.510 152.610
153.390 154.170
154.170 156.420
157.620 159.750
160.680 162.060
162.240 163.860
164.370 165.330
165.660 166.830
167.670 169.350
169.470 170.970
171.870 174.090
174.090 175.800
177.210 178.320
179.190 180.390
180.390 181.530
182.310 183.690
184.080 184.950
185.010 186.360
187.770 188.970
189.600 190.290
190.410 191.910
193.860 195.600
195.900 196.740
196.890 197.790
198.090 199.140
199.830 201.270
202.230 202.890
203.310 204.210
204.240 205.800
207.750 209.790
210.600 212.040
212.100 212.700
212.700 216.030
216.180 217.350
217.800 219.090
219.300 221.040
222.600 223.890
224.040 225.630
225.630 226.590
228.240 229.830
230.580 232.050
232.770 233.880
233.940 234.660
234.780 236.400
236.640 237.900
238.020 239.010
239.010 240.330
242.490 243.540
243.810 245.070
245.160 246.360
246.660 247.530
248.160 249.600
251.340 251.940
252.030 253.680
253.770 254.640
255.210 255.810
256.050 257.460
257.520 258.540
259.410 261.330
261.930 262.860
263.070 264.930
265.020 266.010
266.280 266.880
266.970 268.020
268.350 270.390
270.450 271.680
271.740 272.550
272.670 273.780
273.810 274.980
275.220 276.060
276.360 277.470
278.610 279.210
279.690 281.160
281.640 282.960
284.130 284.820
285.090 285.900
286.650 287.580
287.580 288.960
290.220 290.820
290.970 292.140
292.650 293.430
293.610 294.570
296.070 296.820
296.910 297.510
297.690 298.830
299.520 300.240
300.240 301.290
301.440 302.730
302.730 303.390
303.480 305.160
306.420 307.710
307.770 309.300
309.960 310.950
311.280 311.910
313.050 314.040
314.700 315.630
317.100 317.760
318.120 319.110
320.940 322.080
323.460 324.270
325.320 325.920
325.920 327.600
327.960 328.830
329.640 330.630
332.010 332.820
333.030 336.210
336.330 337.470
337.530 338.430
338.550 339.810
340.470 341.430
341.520 342.660
344.130 345.870
346.170 347.220
348.000 349.590
351.630 352.920
353.190 354.270
355.350 356.430
357.570 359.190
360.690 361.890
363.870 364.800
364.950 366.150
366.600 367.710
369.210 369.840
371.400 373.710
376.080 376.920
378.120 379.230
381.840 383.580
384.000 385.620
386.520 387.480
388.170 388.770
389.370 390.060
392.310 393.360
393.540 394.200
394.200 394.800
396.270 397.620
398.640 400.140
400.650 401.490
401.760 402.690
402.870 405.150
405.690 407.610
409.260 411.030
411.090 412.290
413.790 415.350
415.830 417.030
418.050 419.490
420.540 421.290
