7.050 8.130
8.250 11.730
11.730 15.450
15.450 17.910
18.060 20.520
20.520 25.080
25.080 31.800
31.980 38.190
38.190 40.380
40.380 46.440
46.440 50.130
50.130 61.680
61.680 66.420
66.420 70.350
70.350 76.650
76.650 78.900
78.960 80.790
80.790 90.510
90.510 95.070
95.070 97.800
97.800 104.880
104.880 110.040
110.040 113.760
113.760 124.290
124.290 140.610
140.610 143.640
143.640 150.210
150.210 152.760
153.150 156.270
156.270 160.260
161.130 165.120
165.120 170.100
170.100 173.310
174.030 183.750
183.780 187.890
187.980 189.870
189.870 194.580
194.580 197.940
197.940 200.010
200.010 203.790
204.510 210.630
210.630 216.240
216.240 222.120
222.810 229.950
230.430 232.320
