7.080 8.370
8.370 13.200
13.290 19.200
19.260 24.930
24.930 29.820
29.850 32.670
32.850 35.430
35.460 40.320
40.320 46.710
46.920 50.670
51.150 56.820
56.820 58.590
58.740 68.010
68.010 69.270
69.270 74.070
74.070 77.430
77.520 89.700
90.330 97.320
97.320 100.260
100.320 111.960
112.020 115.740
115.740 119.190
119.190 123.630
123.630 127.110
127.170 136.530
136.530 140.130
140.130 141.840
141.900 144.630
144.630 147.660
147.660 151.920
152.100 153.180
153.180 157.860
157.920 159.180
159.570 162.750
162.750 163.620
163.650 165.630
165.630 171.480
171.480 173.790
174.030 178.260
178.260 181.320
182.100 185.190
185.190 189.360
189.360 191.430
191.490 194.370
194.430 199.620
199.620 201.930
202.620 209.370
209.490 212.160
212.700 217.890
217.950 220.800
220.800 221.700
221.700 225.840
225.840 228.540
228.540 235.620
236.730 240.690
240.690 246.540
247.440 252.270
252.420 256.500
256.500 264.420
264.420 268.920
268.920 272.040
272.040 276.510
276.510 278.610
279.030 281.730
281.730 283.050
283.530 290.070
290.850 296.850
296.850 303.630
303.690 305.010
305.010 308.610
308.640 312.810
312.810 315.570
316.590 322.410
322.800 327.180
327.300 330.240
330.420 334.170
334.200 341.460
341.460 346.290
346.290 350.460
350.520 360.510
360.870 365.640
365.700 368.940
369.090 370.500
370.500 374.700
374.700 376.560
376.560 379.770
379.770 388.830
389.910 392.550
392.820 398.550
398.670 402.120
402.120 404.820
404.970 410.310
410.520 414.540
414.930 419.850
419.850 423.960
424.230 427.650
427.680 430.140
430.140 431.220
431.220 432.960
432.960 436.080
436.080 438.780
439.050 445.530
445.530 447.900
447.900 450.420
450.540 460.350
460.620 465.120
465.360 471.090
471.120 473.760
473.760 476.280
476.280 480.990
481.560 486.960
486.960 493.350
493.350 497.550
497.550 499.320
499.530 502.560
502.560 504.000
504.270 507.390
507.390 511.230
511.230 514.080
514.170 518.730
518.730 521.340
521.460 526.890
527.130 530.730
530.970 535.230
535.380 538.080
538.080 542.430
542.430 544.680
