7.080 12.510
12.570 16.290
16.590 20.010
20.010 21.150
21.150 24.540
24.690 26.100
26.310 29.310
29.460 31.920
31.950 35.220
35.220 37.260
37.260 38.880
39.630 43.620
43.620 46.260
46.350 49.620
49.920 57.030
57.270 60.150
60.450 65.250
65.310 66.840
66.840 69.480
69.480 73.500
74.010 85.710
85.770 91.800
91.890 96.060
96.150 100.080
100.440 101.430
101.430 105.990
105.990 108.420
108.420 110.250
110.700 113.040
113.040 114.270
114.270 122.880
122.880 127.020
127.020 130.200
130.380 138.000
138.000 139.980
140.010 142.710
142.710 144.900
144.930 150.240
150.750 153.570
153.570 157.560
157.680 158.610
158.610 160.140
160.500 164.910
165.090 169.320
169.320 171.060
171.570 178.320
178.410 183.360
183.390 190.470
190.590 192.660
192.690 194.490
194.610 206.280
206.280 212.160
212.640 217.020
217.020 220.830
220.830 223.200
223.410 224.610
224.610 231.360
231.390 234.900
234.960 239.640
239.640 241.590
241.620 246.150
246.150 248.610
248.940 256.770
256.800 258.420
258.450 262.860
262.860 267.060
267.060 268.320
268.320 272.040
272.160 273.360
273.360 276.690
276.720 279.840
279.840 282.030
282.210 286.890
287.190 290.520
290.520 293.700
293.820 295.920
295.920 301.080
301.170 308.130
308.370 311.490
311.490 314.550
314.550 315.210
315.210 319.770
319.770 323.700
323.700 326.460
326.460 329.820
329.910 332.070
332.310 334.650
334.650 337.290
337.440 343.440
343.440 345.630
345.900 350.970
351.120 354.810
354.810 362.670
363.060 367.860
367.860 369.060
369.510 371.130
371.130 372.780
372.780 377.730
377.850 382.470
382.470 383.070
383.070 384.960
385.230 390.660
390.660 391.950
392.010 397.110
397.170 401.430
401.580 403.770
404.070 413.010
413.010 415.950
416.010 417.750
417.750 423.870
424.020 429.690
429.690 431.790
431.790 436.830
437.190 438.180
438.180 442.170
442.290 446.160
446.220 449.130
449.130 453.360
453.480 456.180
456.180 457.410
457.680 461.880
461.880 469.830
469.830 473.520
474.150 477.930
477.930 480.510
480.510 482.190
482.190 484.920
485.130 492.090
492.120 496.650
496.650 500.310
500.310 502.380
502.380 504.480
504.480 507.090
507.480 515.160
515.220 517.680
518.070 525.720
525.720 530.670
530.670 535.050
535.050 537.030
