7.110 10.770
10.980 16.170
16.500 19.680
20.010 21.840
21.960 26.100
26.100 27.630
27.720 33.270
33.270 33.960
34.170 35.190
35.520 37.650
37.890 40.470
40.740 42.090
42.420 46.650
47.370 49.380
49.500 50.970
50.970 54.120
54.120 56.760
57.150 60.390
60.570 61.350
61.350 63.000
63.060 71.070
71.070 72.060
72.060 73.320
73.590 82.020
82.020 84.570
84.570 90.450
90.780 92.640
92.640 94.350
94.920 97.350
97.350 103.500
103.620 104.550
104.850 109.020
109.380 118.200
118.200 120.570
120.570 135.030
135.840 145.410
145.410 146.970
146.970 153.330
153.330 170.790
170.820 181.950
182.190 183.450
183.570 189.180
189.180 193.170
193.260 213.270
213.270 223.650
223.650 224.250
224.250 227.490
227.880 235.290
235.440 243.000
243.120 251.190
251.190 255.660
255.750 266.340
266.580 270.990
270.990 272.490
272.700 290.250
291.180 300.240
300.420 304.950
304.950 309.300
309.300 316.950
317.430 323.040
323.070 324.750
325.320 329.280
329.880 342.750
342.780 343.710
343.710 350.550
350.550 356.790
356.820 362.190
363.150 369.780
369.780 387.030
387.180 389.430
389.670 391.890
391.890 392.790
392.820 394.770
395.880 400.080
400.080 408.030
408.030 410.100
410.100 414.660
414.660 423.210
423.240 430.860
431.430 432.540
432.840 440.310
440.730 444.750
444.750 447.990
448.980 457.020
457.080 466.140
466.200 483.330
483.360 495.120
495.120 496.740
496.950 498.420
498.750 500.070
500.070 515.700
515.730 518.070
518.070 536.070
536.070 536.910
537.180 544.170
544.170 548.550
548.610 566.520
566.520 569.880
569.880 573.900
574.530 581.220
581.400 591.420
591.690 597.930
597.930 600.750
600.750 605.580
605.670 606.390
606.420 620.970
620.970 645.330
645.330 653.220
653.220 658.110
658.380 663.870
663.870 674.190
674.190 676.620
676.740 681.240
681.450 687.690
688.650 702.390
702.510 713.070
713.070 723.420
723.420 731.610
731.610 739.620
739.710 746.100
746.130 757.260
757.260 758.580
758.580 764.940
764.940 766.050
766.200 772.710
772.710 774.300
