7.080 11.610
11.610 15.360
15.480 18.030
18.270 22.230
22.620 27.210
27.330 30.990
30.990 33.120
33.120 34.200
34.200 36.780
36.990 43.230
43.230 45.390
45.510 47.700
47.700 51.990
52.290 55.650
55.650 57.330
57.510 60.030
60.150 64.950
64.950 69.150
69.240 72.630
72.630 73.230
73.650 82.650
82.830 89.280
89.280 92.490
92.490 93.840
93.840 96.570
96.570 100.710
100.710 102.450
102.450 103.560
103.770 107.460
107.580 110.520
110.520 116.940
117.000 119.220
119.550 125.700
126.330 130.830
130.860 141.180
141.180 142.740
143.880 146.010
146.010 149.670
149.730 153.210
153.360 158.040
158.070 162.300
162.510 167.970
167.970 169.110
169.110 174.750
174.930 180.120
180.120 182.190
182.580 188.400
188.550 192.930
193.230 197.460
197.460 202.560
202.560 204.120
204.180 207.420
207.420 210.360
210.600 214.440
214.500 220.500
220.530 224.040
224.040 227.640
227.640 231.840
231.840 234.660
234.660 238.080
238.290 243.480
243.630 249.870
249.900 251.820
251.820 255.210
255.240 258.690
258.690 259.950
259.950 263.010
263.010 264.780
265.080 266.160
266.160 269.640
269.640 271.950
271.950 274.020
274.290 279.480
279.810 281.070
281.070 284.130
284.130 288.690
288.690 291.180
292.140 298.710
298.890 299.940
299.940 302.550
302.550 305.850
305.850 310.200
310.320 315.510
315.630 321.150
321.180 322.680
322.680 325.320
325.320 328.080
328.110 332.940
332.940 334.680
335.160 338.730
338.730 341.010
341.010 342.780
343.440 345.180
345.480 346.080
