7.050 12.960
13.530 18.330
18.600 22.530
23.010 26.370
26.370 30.960
31.260 36.090
36.090 40.230
40.650 45.060
45.150 49.380
49.620 51.330
51.330 53.100
53.280 57.270
57.450 59.880
60.000 64.950
65.010 69.390
69.450 72.090
72.510 75.210
75.750 79.800
79.800 83.160
83.160 85.530
85.800 87.390
87.390 89.610
89.610 92.340
92.790 96.630
96.720 102.240
102.240 110.040
110.880 113.280
113.280 120.060
120.330 123.840
124.230 125.880
125.880 127.680
127.800 135.210
135.390 138.360
138.420 147.210
147.210 150.720
150.720 165.630
165.630 172.470
172.470 175.860
175.860 180.330
180.480 186.360
186.450 190.440
190.440 191.970
191.970 202.800
202.830 206.130
206.220 208.230
208.230 210.750
210.750 213.060
213.240 216.270
216.300 220.650
220.680 227.700
227.700 230.790
230.850 236.610
236.610 237.840
237.840 245.130
245.760 254.820
254.820 259.920
259.920 263.280
263.430 264.630
264.630 270.390
271.440 276.960
276.960 283.230
283.230 284.220
284.220 290.010
290.760 295.050
295.260 303.150
303.540 306.030
306.030 314.070
314.070 319.380
319.380 320.760
320.760 323.040
323.190 328.230
328.290 330.720
331.050 333.030
333.960 339.480
339.630 342.180
342.240 347.700
347.700 349.320
349.680 354.870
354.870 357.900
357.900 361.500
362.310 366.000
366.000 371.940
371.940 376.470
376.470 380.250
380.250 381.480
381.480 384.690
384.720 388.800
388.800 396.090
396.090 399.450
399.450 401.250
401.610 408.450
408.450 411.000
411.270 415.290
415.290 419.610
419.610 421.050
421.230 426.030
426.090 428.970
429.030 433.830
434.190 435.390
435.390 439.200
439.200 443.340
443.340 449.250
449.580 453.660
453.660 458.220
458.220 460.590
460.590 464.760
464.790 468.450
468.840 472.890
472.920 481.500
481.500 482.640
483.000 487.650
487.830 492.660
493.110 497.430
497.430 500.250
500.250 502.080
502.500 508.380
508.380 509.550
509.550 535.770
535.830 538.200
538.200 541.890
541.890 542.940
542.940 547.140
547.140 552.300
552.300 555.270
555.720 556.890
556.890 560.490
560.490 566.460
566.460 571.440
571.440 578.730
578.730 588.030
588.030 590.250
590.250 594.300
594.300 598.470
598.470 603.660
603.720 611.070
611.160 613.410
613.410 621.780
622.230 641.490
641.490 652.560
652.710 656.040
656.040 665.430
665.430 670.620
670.620 683.610
684.000 689.010
689.160 693.240
