0.000 5.610
5.610 11.310
11.580 18.420
18.420 25.230
25.230 40.500
40.500 46.920
46.920 55.410
55.410 62.190
62.610 63.210
63.210 67.200
67.200 82.080
82.530 92.640
92.730 97.980
98.190 104.550
104.610 105.480
105.480 117.660
117.660 126.540
126.750 131.520
131.610 143.310
143.460 152.700
153.180 173.010
173.310 179.850
180.000 186.930
187.710 190.860
190.860 194.070
194.070 201.270
201.630 211.680
211.710 214.770
214.770 227.610
228.030 236.100
236.100 242.190
242.310 252.030
252.240 261.060
261.060 265.050
265.050 267.720
268.020 273.450
273.690 284.460
285.120 292.920
293.130 298.830
298.980 304.590
305.460 313.650
313.890 314.580
314.610 323.880
324.240 331.530
331.860 338.640
338.700 353.130
353.310 362.040
362.910 372.570
372.840 386.250
387.060 388.440
389.400 395.130
396.720 403.950
