7.080 8.490
9.510 12.990
13.050 17.730
18.150 23.340
23.940 30.240
31.020 34.590
34.710 36.930
37.890 40.350
40.350 42.240
42.570 43.620
43.620 47.310
47.670 52.950
52.950 59.730
59.940 60.690
60.690 62.460
62.580 71.250
71.250 75.060
75.060 79.200
79.260 86.940
87.090 88.260
89.190 92.700
92.970 97.770
97.890 100.140
100.710 104.640
104.640 106.140
106.530 113.940
114.330 116.400
116.670 117.930
117.930 119.640
120.300 124.680
124.800 129.750
129.840 135.810
135.810 136.980
137.070 139.560
139.740 150.600
150.600 152.880
153.480 157.500
157.800 166.350
167.040 196.560
196.680 199.200
199.500 200.430
200.700 204.360
204.510 216.300
216.300 217.710
217.710 223.200
223.200 226.740
226.740 239.670
239.670 247.320
247.320 250.350
250.560 254.040
254.100 255.360
255.600 259.050
259.110 261.510
261.570 264.120
264.630 267.240
267.390 270.990
271.080 286.590
286.830 289.890
290.130 293.430
293.430 300.330
300.330 302.430
302.490 303.840
303.840 310.440
310.440 316.470
316.500 318.690
318.810 329.370
329.640 334.500
334.800 339.840
339.840 342.600
342.780 344.640
344.640 348.120
348.300 352.050
352.170 360.810
360.810 365.340
365.340 370.560
370.560 374.280
374.310 375.990
376.080 387.480
387.660 393.600
393.600 401.070
401.070 402.390
402.450 403.620
403.620 404.730
404.730 413.400
413.400 415.710
416.040 427.260
427.260 436.410
436.440 437.970
437.970 444.360
444.450 453.450
453.630 458.640
458.670 462.030
462.030 469.380
469.530 472.920
472.920 474.270
474.270 480.030
480.150 483.570
483.570 487.140
487.170 489.660
489.780 491.280
491.430 493.710
493.860 495.840
495.960 498.060
498.150 502.410
502.860 507.990
508.050 509.880
510.330 515.160
515.400 517.080
517.080 518.730
518.730 521.760
521.760 523.350
523.440 524.670
525.030 527.490
527.520 534.780
534.840 536.370
536.520 540.750
540.810 543.660
543.660 547.650
547.650 553.410
553.530 554.970
554.970 562.020
562.050 563.040
563.040 571.410
571.410 576.000
576.000 580.200
580.200 583.980
583.980 586.110
586.110 596.100
596.100 602.730
602.730 604.650
604.650 608.160
608.250 614.160
614.160 617.430
617.430 620.130
620.160 625.890
625.890 631.740
631.740 634.080
634.080 647.040
647.040 653.940
654.030 655.980
655.980 658.860
658.860 661.140
661.230 663.630
663.630 665.400
665.400 667.890
667.890 670.860
670.860 673.560
673.620 675.960
676.290 677.160
677.250 684.150
684.150 688.950
688.950 695.280
695.280 700.950
701.010 703.860
703.920 706.500
706.590 709.920
709.920 713.940
713.940 719.100
719.100 724.560
724.710 731.820
731.850 734.520
734.550 741.090
741.090 742.290
742.470 747.540
747.540 750.690
750.840 752.040
752.040 755.580
755.580 758.940
759.060 764.190
764.190 765.420
765.480 771.330
771.330 777.780
777.780 778.530
778.530 779.970
780.300 783.750
783.870 788.220
788.220 789.450
789.450 791.610
791.790 794.280
794.370 798.510
798.690 801.330
801.420 803.790
803.940 806.280
806.580 808.380
808.380 812.490
812.550 815.070
815.070 819.120
819.180 823.320
823.500 825.210
825.210 828.270
828.330 831.000
831.030 837.150
837.510 838.440
838.440 845.280
845.700 848.820
848.880 853.650
853.830 858.690
858.780 863.250
863.370 864.870
