6.990 11.190
11.190 12.720
12.930 14.250
14.340 15.240
15.240 20.850
20.910 34.470
34.710 39.390
39.390 40.590
40.650 41.820
42.390 43.830
44.100 46.860
46.860 55.260
55.410 60.090
60.210 65.370
65.370 67.020
67.230 71.550
71.760 74.970
75.480 79.890
79.980 81.480
81.540 83.250
83.460 84.990
85.380 87.990
88.260 91.980
92.370 94.410
94.650 100.530
100.620 103.290
103.410 104.880
104.880 105.750
105.870 109.200
109.320 111.630
111.720 112.980
113.070 114.540
114.720 116.250
116.550 120.300
122.160 125.790
125.970 126.570
126.660 127.530
127.920 129.420
129.870 131.730
131.820 133.080
133.140 134.670
134.850 135.570
135.570 137.520
140.820 143.940
144.810 146.040
146.280 146.880
148.230 149.220
150.030 150.690
152.100 153.870
154.590 156.600
156.900 157.500
158.070 160.740
161.760 162.900
163.380 163.980
164.700 166.890
168.840 170.790
171.120 172.050
173.280 174.420
175.320 176.190
177.090 177.840
178.770 179.550
180.060 180.750
182.250 183.090
183.810 185.100
185.760 186.390
186.390 187.050
187.620 189.540
190.290 190.950
191.130 192.300
192.660 193.260
193.770 195.300
195.480 197.370
197.610 198.210
199.680 200.850
203.280 204.510
204.510 205.620
206.910 208.470
208.830 209.640
210.720 211.470
213.690 214.590
214.590 215.430
215.970 216.630
217.050 217.710
218.370 219.150
219.630 220.620
222.000 222.690
223.650 226.140
226.350 227.070
227.430 228.030
228.750 229.530
230.220 231.150
232.230 232.830
233.940 234.540
239.580 240.390
240.420 241.500
242.340 243.450
245.130 245.730
246.870 248.070
248.340 249.060
254.400 255.090
256.830 258.120
259.680 261.420
262.860 264.360
269.220 270.270
273.870 274.680
276.450 277.710
280.380 280.980
285.450 286.200
286.830 287.490
289.170 289.770
292.950 293.730
293.730 294.720
295.530 296.160
298.230 298.920
299.640 300.240
300.420 301.080
302.100 303.030
304.080 305.130
307.650 308.760
308.760 309.570
309.930 310.620
310.620 311.370
311.550 313.260
314.820 315.810
315.810 317.310
318.420 319.080
319.440 321.690
322.410 324.030
325.740 326.850
327.600 328.200
328.560 331.020
331.620 334.170
334.980 336.180
336.870 337.800
338.820 339.870
340.170 340.770
341.100 341.940
342.360 343.260
344.190 345.930
346.170 347.400
347.550 349.260
349.800 350.670
350.730 351.630
352.620 353.580
355.200 355.800
356.460 357.180
358.080 359.310
359.940 360.960
361.230 362.400
363.000 363.780
363.930 366.300
367.380 368.010
368.730 371.370
371.400 372.000
372.120 373.110
373.170 375.150
376.710 377.460
378.210 379.290
379.470 382.260
382.650 384.000
385.260 386.370
386.460 387.210
387.300 389.640
390.030 390.900
391.050 391.830
392.250 393.210
393.240 394.830
395.370 396.450
396.450 397.260
397.470 399.060
400.530 401.730
401.850 402.450
402.870 404.130
404.220 406.620
407.760 409.350
409.710 410.880
411.300 412.620
412.770 414.030
415.170 416.160
416.310 417.480
418.050 419.040
419.250 419.910
419.910 421.020
421.410 423.240
423.780 424.380
424.380 425.640
425.880 426.480
426.480 428.100
428.550 429.570
429.660 432.990
434.250 435.030
435.090 436.020
436.320 437.580
438.150 440.100
440.370 441.330
442.260 443.640
444.330 446.460
446.610 447.810
447.990 448.740
449.670 451.170
451.170 452.340
453.270 455.070
455.070 456.450
457.110 458.820
459.510 460.620
461.040 461.760
461.940 463.140
463.140 464.880
465.660 466.920
466.920 467.910
467.910 468.930
469.260 470.100
470.880 471.990
472.140 473.070
474.090 474.690
475.050 477.120
477.510 479.250
480.210 480.810
482.100 483.210
485.670 487.170
487.230 487.830
487.860 489.150
489.810 490.560
491.130 492.120
492.390 494.070
494.130 494.820
495.180 496.260
497.070 498.240
498.240 498.960
499.020 499.650
500.220 500.820
500.880 502.380
504.060 504.900
505.200 507.270
508.410 509.580
510.270 511.380
512.130 513.330
514.380 515.010
515.670 516.300
516.480 517.440
517.440 518.940
520.950 521.880
522.210 523.530
525.750 526.890
526.890 527.760
527.880 528.870
529.230 529.830
530.190 531.870
532.050 532.980
533.190 533.820
534.000 535.230
535.260 536.340
536.550 537.420
537.870 539.340
539.400 540.630
541.920 543.510
543.600 545.010
545.760 548.550
548.850 549.960
550.800 551.760
552.990 553.980
554.070 554.940
555.300 556.440
556.980 559.920
559.920 560.940
561.630 562.740
562.920 564.090
564.600 565.500
566.010 567.270
569.100 569.700
569.700 570.810
572.520 573.990
574.770 575.610
575.670 577.170
579.660 580.740
581.220 582.480
582.780 584.280
584.490 586.110
586.590 587.880
588.060 589.140
589.770 590.370
590.670 592.440
592.620 594.300
594.390 595.020
595.860 596.670
596.670 597.780
598.380 599.940
