7.050 8.430
8.430 11.310
11.430 14.910
14.940 17.310
17.640 19.170
19.170 26.130
26.220 29.580
29.580 31.590
31.920 35.400
35.400 36.960
37.080 43.170
43.320 46.170
46.170 48.330
48.330 50.700
50.730 54.480
54.600 59.520
59.520 64.890
64.920 67.920
68.160 69.180
69.210 74.220
74.220 76.740
76.740 79.200
79.200 85.680
85.860 87.600
87.600 89.940
90.000 91.380
91.380 95.550
95.550 100.620
100.770 106.350
106.410 108.360
108.900 111.930
111.930 120.390
120.660 125.640
125.670 136.170
136.530 149.670
150.030 156.990
157.050 160.320
160.770 165.000
165.000 167.490
167.970 176.100
176.100 179.040
179.340 181.740
181.740 185.940
186.120 195.660
195.660 197.220
197.220 199.740
199.740 205.800
205.800 207.450
207.450 209.010
209.280 213.120
213.120 216.390
216.450 220.350
220.350 224.580
224.700 229.050
229.050 232.170
232.710 238.620
239.040 250.080
250.140 257.220
257.520 264.000
264.000 265.350
265.350 270.270
270.270 272.310
272.340 277.170
277.170 279.240
279.360 281.880
282.090 283.200
