7.200 9.660
9.840 11.880
12.180 16.320
16.320 19.440
19.680 20.820
20.820 21.810
21.990 23.940
23.940 25.830
25.830 27.480
27.570 29.430
29.430 32.280
32.640 36.060
36.330 37.680
37.980 39.270
39.750 41.490
41.850 44.250
44.850 47.070
47.160 49.680
49.770 51.720
52.260 53.250
53.460 56.850
57.060 58.200
58.500 61.140
61.290 63.540
63.840 66.330
66.390 67.260
67.260 70.050
70.320 72.840
73.380 75.090
75.150 78.120
78.780 80.130
80.130 82.680
82.800 84.150
84.150 84.780
84.780 87.060
87.270 88.950
89.130 91.050
91.110 93.540
94.140 95.070
95.070 97.020
97.140 99.480
99.870 101.670
102.270 104.730
104.880 106.590
107.070 108.060
108.360 109.200
109.620 111.900
112.170 115.020
115.500 116.940
117.570 119.280
119.310 120.330
121.110 123.420
123.450 126.570
126.810 128.040
128.040 129.480
129.480 130.500
130.500 131.430
131.580 134.310
134.340 135.510
135.540 137.130
137.430 139.530
139.680 142.170
142.710 143.700
143.940 145.890
146.100 147.660
148.200 149.880
151.950 153.540
153.540 154.620
154.770 156.150
157.050 161.100
161.370 162.930
165.210 166.680
166.710 167.760
170.130 171.720
173.010 174.570
174.720 176.100
176.430 178.470
178.860 180.570
180.990 182.100
182.130 183.720
184.020 184.680
184.680 185.280
186.210 187.080
187.110 187.800
188.130 189.270
189.630 190.320
190.410 191.250
191.550 192.570
192.870 194.250
194.700 197.430
197.640 198.600
198.600 199.350
199.830 200.610
203.490 205.350
207.000 209.400
210.540 211.620
212.040 215.520
216.510 218.910
219.240 220.860
221.160 222.090
222.210 224.640
225.870 227.010
227.610 228.900
228.990 230.250
230.970 231.750
231.990 236.100
236.400 237.240
237.390 238.410
239.760 241.170
241.980 243.390
244.050 245.130
245.370 247.350
249.420 250.440
251.010 252.180
252.180 253.320
253.740 254.340
254.370 255.270
255.720 257.280
257.580 258.510
261.030 262.320
262.710 263.430
263.910 265.320
265.770 266.370
267.180 268.470
269.040 270.420
270.600 271.500
273.900 275.130
275.790 276.570
277.110 278.430
278.640 279.240
279.390 280.680
280.860 282.000
282.300 284.880
285.300 286.440
287.100 288.330
288.750 289.950
290.100 291.180
291.930 293.490
294.990 295.680
295.680 296.310
296.880 298.620
300.510 301.350
301.650 302.640
303.930 305.520
305.670 307.020
308.280 308.940
311.640 312.690
313.080 314.850
316.410 317.400
317.550 319.800
320.880 323.250
323.550 324.810
325.770 326.520
326.730 327.390
329.430 330.660
334.230 335.790
335.790 336.570
337.950 338.880
339.420 340.230
341.070 342.540
342.780 345.000
345.000 345.600
346.080 347.100
348.450 349.890
349.950 350.580
350.580 352.080
352.950 354.720
354.990 356.430
357.180 358.020
359.700 361.050
361.140 361.740
362.340 363.330
365.070 366.660
366.660 367.320
367.650 368.790
369.330 371.100
372.510 373.560
373.710 374.760
376.170 377.880
378.480 380.280
380.970 382.620
382.920 384.600
384.600 385.230
385.470 387.990
388.650 389.430
391.740 392.430
393.060 394.080
394.440 395.610
395.640 397.800
400.470 401.700
402.600 403.620
405.150 405.870
409.590 410.580
411.090 411.810
412.890 414.570
415.980 416.580
416.910 418.470
418.500 419.580
419.580 420.360
421.920 423.150
424.260 425.850
426.210 426.870
428.550 429.480
430.140 431.460
431.940 432.990
434.220 435.780
438.150 439.380
439.980 440.580
440.580 441.210
441.360 442.260
442.260 443.250
445.950 446.760
447.600 448.530
451.230 452.100
452.310 453.870
455.550 456.780
457.590 459.120
460.740 461.970
462.210 463.470
463.650 464.280
465.450 466.890
467.310 468.420
468.480 469.440
469.890 471.090
473.310 474.720
474.930 476.730
477.900 478.860
