7.050 7.830
8.160 8.970
9.240 14.670
14.670 18.960
19.200 23.220
23.220 27.000
27.180 29.640
29.640 32.100
32.100 36.330
36.330 39.960
40.080 48.600
48.600 50.280
50.280 53.640
53.640 56.940
57.150 58.650
58.650 76.710
76.710 77.910
77.910 80.430
80.430 83.970
83.970 85.950
86.130 87.300
87.300 90.000
90.000 92.820
92.820 95.220
95.220 97.410
97.710 102.660
102.660 106.830
106.830 116.520
116.520 118.800
119.070 123.720
123.750 126.420
126.420 128.220
128.220 131.580
131.850 139.620
139.620 141.690
141.900 143.400
143.400 145.950
145.950 148.560
148.560 151.560
151.560 152.880
152.880 154.290
154.290 160.740
160.740 163.590
163.590 166.830
167.040 169.200
169.200 172.230
172.350 175.050
175.050 177.450
177.450 184.290
184.350 188.400
188.400 195.780
195.780 198.180
198.180 213.120
213.210 214.380
