7.140 12.630
12.720 16.230
16.230 18.750
18.900 20.130
20.190 21.630
21.660 24.360
24.630 27.150
27.390 31.710
31.710 33.000
33.480 35.190
35.220 38.550
39.600 43.080
43.170 46.440
46.590 47.400
47.910 49.980
50.640 51.270
51.450 52.950
54.000 55.050
55.080 57.270
57.270 58.080
58.200 59.820
59.820 63.360
64.200 65.430
65.880 70.830
71.190 73.470
74.040 75.930
76.320 78.210
78.300 80.700
81.000 82.140
82.140 83.970
84.270 85.530
86.130 86.790
86.970 87.990
88.800 90.330
90.540 93.420
93.450 96.030
96.480 99.270
99.690 102.420
102.600 104.880
104.940 106.320
106.530 107.850
108.000 111.600
111.870 113.610
113.700 115.800
116.220 118.140
118.140 120.210
120.360 124.230
124.830 125.970
126.030 127.290
127.920 129.450
129.630 130.980
131.220 132.870
132.930 133.560
133.920 135.120
135.690 137.670
137.970 139.170
139.230 139.860
140.010 141.570
141.600 142.980
144.000 146.160
147.150 149.460
149.730 151.140
152.400 153.690
154.740 155.850
156.330 157.410
158.250 159.390
159.660 162.090
163.830 165.630
165.870 166.860
167.280 168.660
168.930 170.190
170.280 172.590
174.630 176.880
177.330 178.830
178.860 180.990
181.260 181.860
181.890 182.940
184.140 185.340
186.240 187.710
187.830 189.300
190.350 192.450
192.630 193.860
194.790 195.570
196.320 197.580
198.480 200.160
200.460 202.650
202.740 204.090
204.330 205.170
207.030 208.500
208.530 209.580
209.580 210.180
211.230 212.610
212.790 213.840
215.370 217.230
218.610 219.960
221.700 222.840
223.200 225.840
226.500 227.700
227.700 228.300
228.540 230.400
230.790 232.650
232.860 233.580
233.760 235.170
235.170 235.950
236.820 237.840
238.200 240.780
240.990 241.590
242.220 243.150
243.150 244.530
245.460 246.630
246.990 248.790
249.780 251.550
251.550 254.160
254.160 255.870
255.870 257.790
257.790 258.390
258.480 260.280
260.820 261.870
262.620 263.220
263.310 264.900
265.320 266.850
267.480 268.410
270.240 271.470
272.190 273.660
274.110 276.720
277.020 278.790
279.150 280.680
283.320 287.310
287.370 288.420
288.660 289.830
290.250 290.940
291.930 292.950
293.610 294.870
294.960 296.070
297.300 298.980
299.160 300.270
301.410 302.550
302.580 305.460
305.490 306.540
307.470 308.760
309.510 310.920
311.400 314.190
314.310 316.140
316.200 318.180
318.180 319.050
319.470 320.850
321.060 322.530
324.150 325.170
329.070 333.360
334.320 335.730
336.450 337.770
338.880 340.020
340.650 341.340
341.550 342.690
342.990 344.880
346.020 347.160
349.290 350.250
350.910 353.100
353.340 353.940
354.150 355.770
356.190 357.210
357.300 358.890
359.370 361.530
361.740 363.480
363.510 364.380
365.010 365.940
366.450 368.040
368.040 369.120
370.410 371.700
371.850 373.110
373.410 374.070
374.460 376.860
378.720 380.370
380.520 381.630
382.560 383.400
385.470 386.730
386.970 388.860
389.610 391.290
391.290 392.640
392.820 394.770
394.920 396.240
398.070 399.120
399.210 400.410
401.220 402.750
404.820 407.190
407.460 410.190
410.400 412.380
412.380 413.430
414.450 415.500
417.030 418.380
418.380 421.260
421.740 423.390
424.320 425.010
425.190 425.820
425.850 427.320
427.320 428.160
428.940 430.590
430.590 431.910
433.500 434.550
435.060 435.840
435.840 436.770
438.120 439.170
439.890 440.490
440.820 442.170
444.390 446.880
447.060 448.140
448.170 448.800
449.400 451.320
453.750 455.010
455.430 456.570
456.780 458.130
458.160 460.980
461.010 462.210
463.290 464.100
464.250 465.420
465.540 466.860
467.070 468.420
468.660 469.680
469.860 470.790
470.790 472.830
472.980 474.960
476.070 477.180
478.290 479.430
481.500 483.450
484.260 485.880
486.210 486.930
486.930 488.010
489.390 490.920
490.920 492.180
492.510 494.040
495.480 496.710
497.160 498.420
498.480 499.410
499.740 500.970
500.970 501.570
501.570 502.410
502.740 504.060
504.720 506.100
506.100 507.510
508.830 509.460
510.030 511.290
512.730 513.630
514.080 514.920
515.790 518.160
518.250 519.240
520.410 521.520
522.810 524.010
524.580 525.210
525.570 528.570
528.930 529.980
530.430 531.930
532.980 533.880
533.970 535.050
535.050 536.220
538.320 539.640
539.730 540.330
541.290 542.670
542.880 545.190
545.610 546.690
547.110 548.700
550.590 551.790
553.680 554.310
554.790 556.230
556.950 557.850
558.750 559.350
559.680 561.270
561.840 563.130
563.190 565.140
567.330 569.250
571.770 573.210
573.510 574.680
574.830 575.790
576.450 577.200
577.950 579.210
579.330 580.440
581.010 582.720
582.750 584.580
584.670 585.750
586.020 586.980
587.160 587.850
589.170 591.030
591.690 594.000
594.090 596.370
596.610 597.270
598.110 600.210
600.420 601.260
601.650 602.670
602.940 604.050
604.380 605.460
605.880 606.810
606.960 609.090
609.210 610.110
610.770 611.700
612.270 613.320
613.770 615.000
615.570 616.800
617.910 619.080
619.140 620.850
621.060 621.720
622.110 623.460
623.520 624.510
624.900 625.710
625.830 626.610
626.760 627.810
629.910 630.600
630.690 633.090
634.620 635.580
636.450 637.350
638.010 639.240
640.200 640.980
