7.110 10.440
10.440 13.020
13.740 17.160
18.330 20.130
20.130 20.970
21.390 23.550
23.550 24.210
24.480 28.590
28.590 29.370
30.240 35.940
36.540 37.620
37.710 39.120
39.120 43.470
43.920 46.290
46.380 51.180
52.230 53.250
53.580 54.990
55.080 59.130
59.130 60.660
61.320 64.050
64.200 66.870
66.960 70.410
70.560 71.940
72.060 75.180
75.330 78.660
78.720 81.660
81.660 82.350
82.830 85.410
86.490 88.320
88.620 90.660
90.660 93.030
93.210 93.960
94.050 95.280
96.180 97.590
97.590 101.010
101.430 102.810
103.470 104.430
104.580 105.540
105.540 106.710
107.460 110.550
111.960 112.920
113.910 117.870
118.290 118.920
118.920 120.090
120.300 125.700
126.360 131.790
131.790 132.450
132.930 133.650
133.740 134.370
134.670 135.840
135.900 137.490
137.850 140.070
140.190 144.480
144.510 145.500
145.530 146.460
146.820 148.020
148.170 149.100
150.270 151.230
151.590 152.760
152.760 153.690
153.720 154.320
154.500 155.220
155.340 157.050
157.530 159.150
159.960 161.190
161.340 162.990
163.110 164.460
164.820 165.780
166.170 167.070
167.220 168.210
168.990 170.040
170.130 171.210
171.660 172.740
173.880 177.240
178.200 179.520
180.810 184.980
186.210 186.900
187.020 187.680
188.220 189.210
189.750 190.530
191.790 192.600
192.750 194.670
194.820 196.020
196.140 197.790
198.000 199.410
199.590 201.030
201.390 204.750
205.170 208.230
208.230 209.190
209.550 211.170
211.530 213.240
213.420 214.680
215.130 216.180
217.140 219.090
219.810 221.370
223.170 224.520
225.360 227.250
229.710 231.240
231.480 232.800
232.860 233.460
234.330 235.380
236.760 237.420
237.600 238.680
240.600 241.680
242.580 244.110
245.100 247.410
248.280 249.360
250.200 251.520
251.820 253.500
254.100 255.240
255.570 257.010
257.580 258.750
259.170 259.800
260.010 261.030
262.800 265.170
265.530 268.080
268.230 271.650
271.680 272.760
272.940 279.390
279.660 282.690
282.840 284.220
284.580 288.660
288.810 292.470
292.950 293.790
293.910 295.860
296.070 297.720
297.810 300.210
300.420 304.740
304.890 306.090
306.810 308.460
308.610 313.110
313.200 314.340
314.640 319.800
320.130 321.120
321.180 325.710
325.860 328.530
328.890 331.470
331.680 334.080
334.110 338.010
338.370 341.040
341.040 343.260
343.440 346.410
346.410 347.310
347.430 351.450
351.660 353.340
353.400 355.080
355.200 358.020
358.170 360.690
360.690 361.950
362.070 364.200
364.260 367.530
367.590 371.520
371.640 374.340
374.400 376.740
377.010 380.130
380.370 382.110
382.440 385.320
385.440 389.910
390.240 391.890
392.040 394.260
394.350 397.260
397.290 399.060
399.060 401.430
401.430 404.700
404.790 405.870
405.930 408.960
408.990 410.430
410.670 414.000
414.000 416.850
