7.020 8.250
8.250 15.810
15.930 18.630
18.630 24.420
24.450 27.450
27.450 34.890
34.890 39.420
39.420 50.040
50.040 54.900
54.900 56.940
56.940 59.760
59.820 62.520
62.550 67.350
67.350 69.330
69.330 74.340
74.340 76.290
76.470 80.550
80.550 85.860
86.130 93.390
93.420 96.960
96.960 98.820
98.880 108.030
108.030 116.460
116.460 121.710
121.710 126.450
126.450 134.490
134.490 137.220
137.220 144.930
144.930 149.100
149.100 150.120
150.120 151.260
151.260 153.210
153.420 157.140
157.140 164.070
164.070 171.690
171.780 177.750
177.750 179.970
179.970 190.020
190.020 196.290
196.290 201.540
201.720 204.240
204.240 208.950
208.950 213.450
213.600 221.700
221.700 223.950
224.010 230.790
230.940 233.340
233.340 234.480
