7.230 10.380
10.530 11.610
12.060 14.700
14.700 16.140
16.350 18.090
18.090 19.770
20.580 25.260
26.070 30.810
31.020 32.130
32.160 33.960
34.740 41.550
41.580 43.440
44.010 46.920
46.950 49.980
50.580 54.930
55.920 58.590
58.590 61.770
61.770 62.820
63.210 64.500
65.670 69.150
69.420 70.710
70.710 71.490
71.490 72.990
73.170 75.990
76.470 79.650
79.830 83.580
83.670 88.110
88.110 89.280
89.370 93.090
93.120 94.890
94.890 98.400
98.790 100.710
100.710 104.370
104.640 107.760
107.880 111.030
111.210 112.200
112.350 115.440
115.620 116.490
116.790 118.380
118.380 121.710
121.710 123.300
123.540 127.470
127.470 128.100
128.490 132.210
132.210 133.050
133.080 135.540
135.540 137.640
138.330 139.980
140.070 141.600
142.440 143.610
143.610 144.240
144.660 145.830
145.860 147.990
147.990 149.250
149.460 150.990
151.200 152.730
152.730 154.650
154.770 156.660
156.660 159.090
159.390 162.480
162.660 164.040
164.130 165.690
165.990 167.820
168.210 170.760
171.090 172.800
172.860 175.740
175.860 177.300
177.570 178.800
179.010 181.110
181.650 184.650
184.890 185.910
185.910 187.080
187.080 188.730
189.120 190.350
191.520 192.120
192.300 193.920
194.190 194.880
195.090 197.550
197.550 198.390
198.390 199.410
200.310 201.390
201.390 202.950
203.910 206.130
206.490 207.090
207.210 210.660
210.660 214.290
214.380 215.670
215.670 216.270
216.300 218.820
218.940 220.230
220.380 222.330
222.600 225.360
225.600 226.590
226.710 228.450
228.450 229.650
230.490 231.660
233.700 236.970
238.080 242.280
242.400 243.900
243.930 245.160
245.370 246.990
247.740 248.940
249.120 252.000
252.240 257.700
257.730 258.930
259.170 260.610
260.820 262.740
263.010 263.640
264.540 270.450
270.810 272.880
273.240 275.430
275.460 278.310
279.930 281.820
282.360 283.050
283.710 284.340
284.460 287.520
287.760 290.880
290.970 292.920
292.980 295.230
295.290 296.700
296.700 297.300
297.540 300.000
300.510 301.890
302.700 304.470
304.590 306.150
306.300 308.820
309.300 311.220
311.460 312.930
313.560 314.880
315.000 316.530
317.040 317.640
318.030 319.650
319.650 321.000
321.150 322.710
323.010 323.640
324.000 325.080
326.370 327.960
328.650 329.700
330.060 330.780
331.290 332.550
332.580 333.540
333.690 335.850
336.270 339.360
339.720 342.960
343.260 344.640
344.910 347.340
347.400 348.720
349.260 350.340
351.540 352.170
352.320 353.850
355.020 356.760
357.720 360.270
360.780 363.870
364.590 366.030
366.240 367.950
369.840 371.250
371.370 373.230
373.680 375.750
376.170 378.780
379.020 379.890
380.010 381.780
381.930 383.640
384.060 385.200
385.500 386.400
386.430 388.290
388.440 389.190
389.550 390.720
391.410 394.410
394.590 396.930
397.980 400.200
400.920 402.210
403.020 404.370
405.450 406.170
406.860 408.990
409.050 409.710
409.860 410.790
411.120 412.230
412.560 416.100
416.460 418.620
418.770 420.090
420.210 421.140
422.010 425.610
426.060 426.750
426.810 427.830
428.100 432.090
432.960 434.580
435.120 435.840
