7.560 9.420
9.420 12.330
12.330 15.300
15.300 16.530
17.610 21.270
21.270 22.740
22.770 26.910
27.690 32.850
33.240 34.560
34.560 38.220
38.520 42.060
42.150 46.110
46.230 51.120
51.330 56.400
57.090 59.220
59.250 61.050
61.050 62.130
62.280 64.980
65.190 67.080
67.080 71.250
71.460 73.200
73.410 75.780
75.870 78.390
78.540 80.280
80.460 82.770
82.950 84.840
85.140 87.900
88.050 89.400
90.870 93.000
93.360 95.490
95.820 99.150
99.570 103.410
103.470 104.940
105.150 107.160
107.310 109.860
109.860 111.990
112.440 113.850
114.330 115.110
115.200 117.900
117.990 119.100
119.130 121.980
122.160 124.500
124.530 125.640
126.540 128.700
128.700 129.510
129.510 130.800
130.980 133.650
133.920 135.900
136.080 139.770
139.770 140.730
141.090 142.200
142.740 143.760
143.940 145.170
145.920 146.820
147.690 148.920
151.230 152.430
152.820 154.170
154.560 155.400
155.520 158.220
158.220 159.630
159.630 160.230
160.230 161.100
161.790 163.890
163.890 165.450
166.950 168.540
168.660 170.790
171.390 174.630
175.110 176.670
177.420 179.880
180.030 181.860
182.160 182.760
182.760 184.440
184.500 185.670
186.030 187.950
189.990 192.990
193.380 194.250
194.310 197.190
197.220 197.850
198.360 199.890
199.920 201.600
201.630 203.220
204.150 205.530
206.490 207.390
208.230 210.750
211.620 212.910
213.600 216.120
216.270 216.870
216.870 217.650
217.920 219.360
223.050 224.310
225.780 226.500
227.100 228.060
231.720 232.560
232.590 233.790
236.220 237.390
238.440 239.550
245.400 246.150
246.330 247.170
248.760 250.290
253.410 254.220
255.300 255.900
256.470 258.870
259.560 260.430
260.730 262.200
262.380 263.010
263.790 265.170
265.290 265.890
266.520 267.390
268.560 269.550
269.760 270.390
273.150 274.950
274.950 275.550
275.730 277.560
278.400 279.180
280.710 282.060
283.140 284.040
285.960 286.950
291.150 292.260
293.490 295.680
296.160 297.510
297.990 298.920
299.460 301.260
302.850 304.200
304.200 304.980
307.710 308.850
310.050 311.670
312.030 312.870
313.020 315.540
317.340 318.240
319.050 320.100
320.100 320.850
321.840 322.650
324.090 325.830
326.220 327.150
327.180 327.810
327.960 329.520
334.200 335.010
335.640 336.360
337.830 339.420
340.860 342.240
344.670 346.410
347.400 348.000
348.000 348.600
348.930 350.700
351.510 352.740
354.480 355.080
357.960 358.680
359.130 360.690
361.200 361.800
362.430 363.450
364.350 365.310
366.420 368.040
368.760 369.630
369.900 371.610
372.660 373.260
373.440 374.070
374.910 375.930
377.970 381.060
382.650 384.120
387.270 388.110
390.990 391.680
392.700 394.200
394.590 396.000
396.210 396.990
397.710 398.670
398.850 399.600
399.690 400.290
401.040 402.120
402.720 404.940
406.560 407.370
413.460 414.930
415.710 416.700
417.720 418.320
418.470 419.310
419.910 420.810
421.650 422.400
423.270 424.080
426.900 427.890
429.720 430.710
431.730 432.840
433.380 434.310
434.400 435.000
436.440 437.460
437.550 438.240
438.510 439.260
441.030 441.780
443.010 443.970
444.780 445.470
446.430 447.210
448.410 449.220
450.930 451.530
451.530 452.130
453.810 454.680
457.680 458.550
459.450 460.650
461.700 462.750
464.550 466.080
469.080 469.950
475.560 476.340
476.610 477.660
478.440 479.310
479.820 480.660
486.600 487.680
489.930 490.680
492.750 493.770
494.190 494.940
496.920 497.610
499.200 499.860
499.890 500.640
501.780 502.560
504.180 505.350
506.580 507.540
508.410 509.250
512.370 512.970
513.630 515.100
518.130 518.730
519.210 520.230
521.580 522.360
522.540 523.680
525.300 527.010
527.010 527.610
530.370 531.030
531.030 532.500
537.390 538.620
541.500 542.430
542.430 543.300
544.500 545.310
545.820 546.600
550.140 551.670
556.200 556.980
561.930 562.650
564.030 564.990
567.060 568.410
570.720 571.320
572.760 573.450
574.380 574.980
575.370 576.390
577.380 578.160
578.850 579.540
582.210 583.140
584.400 585.120
585.780 586.890
588.690 589.710
590.820 591.990
592.620 593.340
593.400 594.030
595.260 595.980
597.360 598.320
600.150 600.840
603.720 604.320
606.210 607.140
612.060 613.290
615.240 615.960
616.080 616.890
617.970 618.780
618.930 619.890
621.930 623.130
625.050 626.040
627.060 627.720
628.230 629.370
632.760 633.420
636.840 637.530
639.030 640.020
642.300 643.470
644.970 645.810
645.810 646.680
650.730 652.470
652.470 653.070
653.730 654.420
655.140 655.890
656.100 657.150
658.020 659.220
661.770 662.370
665.400 666.270
667.260 668.220
670.830 671.730
673.740 674.490
676.500 677.100
679.560 680.250
680.610 681.210
684.870 685.770
686.790 687.390
