7.050 8.250
8.280 15.690
15.720 18.210
18.390 23.040
23.250 25.830
25.830 29.970
30.270 35.370
35.370 37.980
38.070 40.020
40.170 43.260
43.260 52.590
52.590 63.180
63.180 66.870
66.870 69.900
69.960 73.260
73.350 77.580
77.580 80.070
80.220 85.320
85.530 90.180
90.180 93.720
93.780 98.520
98.820 103.800
103.830 107.610
107.880 116.160
116.160 118.860
119.370 120.960
120.960 124.950
125.100 128.340
128.340 130.200
130.290 133.230
133.230 140.880
141.240 145.950
146.220 148.500
148.500 151.410
151.770 154.560
154.560 158.490
159.000 163.380
163.650 164.610
164.610 169.320
169.320 172.080
172.320 178.470
178.860 180.180
180.330 185.040
185.040 188.520
188.700 195.150
195.150 196.860
196.860 203.100
203.100 204.300
204.300 207.090
207.090 210.570
210.570 212.760
212.760 214.710
214.710 215.970
216.000 218.250
218.250 219.210
