0.000 11.610
12.000 12.600
16.650 18.420
18.540 23.460
24.270 27.870
27.990 31.200
31.200 33.240
33.420 36.420
36.540 41.100
41.730 43.050
47.910 49.290
49.350 50.220
50.340 51.420
51.450 59.280
61.350 63.900
63.900 68.250
68.460 71.820
71.940 77.460
77.460 82.110
82.110 84.480
84.660 88.650
88.860 93.390
93.930 96.390
96.840 99.450
99.630 104.880
104.910 108.480
108.660 111.660
112.110 117.720
118.020 120.600
120.630 125.070
125.070 128.190
128.310 131.160
131.160 136.620
136.620 140.010
140.310 144.060
144.420 148.290
148.380 150.270
156.510 159.510
161.970 167.430
167.520 174.210
174.420 178.230
178.770 182.610
182.910 187.350
187.620 192.210
192.360 198.090
199.500 202.590
202.650 207.030
207.900 212.340
212.340 215.070
215.070 218.220
218.400 222.180
222.180 226.320
226.500 230.340
230.340 234.480
235.770 239.310
239.370 245.730
245.940 249.570
249.570 250.470
