0.000 11.610
12.030 12.630
16.530 18.090
18.750 22.650
23.010 27.630
27.960 30.390
30.570 32.430
33.000 35.700
35.820 37.950
37.950 39.510
39.780 42.060
42.270 44.400
44.400 46.830
46.830 52.140
52.830 56.700
56.820 62.490
63.570 65.580
65.700 70.560
70.830 73.590
74.100 81.780
82.350 85.710
86.190 89.880
91.050 96.300
97.350 99.720
99.780 102.300
103.050 105.540
106.470 111.360
112.200 117.060
117.750 121.020
121.230 125.760
126.000 129.540
129.810 136.770
136.980 141.030
141.270 146.550
148.740 154.170
154.380 155.190
