0.000 11.610
12.000 12.600
16.020 18.120
18.210 21.570
22.620 23.970
30.300 34.530
34.860 36.630
36.630 37.350
37.350 38.220
39.510 43.950
45.300 47.010
48.450 50.700
50.700 55.770
57.270 59.610
59.610 61.410
62.640 65.730
65.730 68.820
69.750 74.370
75.750 81.210
81.420 88.350
88.530 92.040
92.070 95.490
95.940 97.680
97.680 100.320
100.380 104.400
104.400 115.320
115.710 119.910
119.910 124.800
124.800 126.030
126.030 129.750
129.750 132.060
133.410 139.200
139.200 140.520
142.290 145.770
147.240 152.220
152.640 154.110
156.030 159.000
159.000 160.590
161.040 163.110
163.500 165.150
165.510 167.550
167.880 170.250
170.670 172.140
172.680 176.340
176.910 179.220
179.940 184.560
185.880 188.910
189.630 194.370
194.880 199.200
200.280 203.820
203.880 208.620
209.010 213.540
213.840 218.490
219.090 224.850
230.190 234.120
234.600 239.010
239.220 244.350
244.740 247.890
247.890 251.580
252.060 254.820
254.820 257.130
257.580 262.380
263.610 267.390
267.720 269.700
270.240 272.910
273.360 276.210
276.660 280.590
281.820 286.050
286.050 289.440
289.440 292.200
292.200 295.260
295.470 302.460
302.580 306.630
312.360 316.320
316.560 321.780
323.280 326.730
327.300 328.980
329.490 332.400
335.070 336.870
337.440 342.030
342.600 345.330
350.730 356.250
356.400 358.950
359.430 363.990
364.470 367.920
367.920 368.700
368.760 369.270
