0.000 11.610
12.030 12.630
16.620 18.150
18.480 22.680
23.520 24.510
24.510 27.810
28.020 31.890
32.640 34.770
34.770 39.390
40.200 45.510
45.690 48.780
49.680 53.640
53.760 57.510
58.080 60.690
60.780 65.370
66.300 69.060
69.900 75.540
75.960 78.510
78.780 83.940
84.720 89.250
90.240 92.160
92.490 95.040
97.350 99.090
103.470 104.970
114.900 118.530
119.370 121.350
121.920 123.360
124.350 128.580
131.520 134.340
134.610 136.380
138.030 139.680
145.050 148.410
149.280 152.730
155.760 159.750
164.730 167.250
167.400 169.980
170.730 177.180
186.240 190.620
194.580 199.020
201.840 205.980
207.030 209.520
210.060 212.520
215.550 219.870
224.850 226.590
226.590 229.500
236.610 238.470
239.400 240.690
241.620 243.000
244.050 245.430
253.170 254.460
255.570 262.770
263.100 266.850
267.060 267.870
