0.000 11.610
12.030 12.630
16.350 17.880
17.880 21.840
22.710 24.570
25.890 28.680
30.090 31.620
33.750 36.810
39.330 42.540
43.800 47.370
49.020 51.000
56.520 59.190
66.030 67.950
71.310 74.370
74.580 75.660
75.690 76.530
77.820 80.490
80.670 83.970
85.530 86.970
87.120 90.750
92.010 94.500
95.670 97.800
99.090 101.400
106.770 107.970
108.090 110.700
111.780 113.430
113.430 114.990
115.200 116.580
116.580 120.480
121.650 123.510
123.720 125.880
128.370 129.960
135.810 137.760
137.760 140.010
141.360 145.860
147.300 150.360
150.390 152.700
153.930 155.370
155.520 156.600
157.860 159.240
160.290 163.650
163.650 167.160
167.250 171.000
172.290 176.010
184.770 188.820
190.230 193.170
193.440 198.660
204.090 205.740
205.830 208.290
208.410 211.710
212.880 214.890
215.310 217.470
221.940 224.190
231.360 233.160
234.300 239.130
240.180 242.160
244.470 247.260
248.400 249.270
250.440 253.020
254.250 256.770
256.830 257.700
257.700 258.690
262.710 263.520
263.520 264.270
264.270 265.260
269.910 271.920
278.310 280.440
281.730 283.500
290.220 291.450
296.790 300.750
300.870 303.390
303.630 304.440
