0.000 11.610
12.000 12.600
16.020 18.180
18.480 22.230
22.680 25.770
26.040 27.420
27.510 28.410
28.470 29.460
30.240 32.400
35.250 37.080
41.760 44.700
44.700 47.610
50.760 55.530
58.410 64.290
64.920 67.440
71.340 76.830
81.420 85.320
86.880 90.060
91.620 94.410
98.580 101.280
102.150 104.430
106.980 110.610
117.300 120.300
132.750 135.210
136.920 139.320
141.150 144.060
149.310 151.680
153.960 157.050
169.560 171.930
171.990 177.210
177.360 183.840
184.440 187.380
189.960 193.140
194.130 196.710
198.090 201.840
205.980 208.020
210.600 213.870
218.160 223.020
227.250 228.690
240.060 242.730
249.780 251.310
254.880 257.070
260.670 262.950
265.740 268.410
270.360 274.080
285.750 289.020
289.320 292.500
299.940 301.350
312.750 314.610
322.650 324.300
336.240 340.170
340.560 342.810
343.080 345.390
349.710 352.440
356.160 359.580
359.820 362.400
370.980 372.060
372.060 374.520
374.580 377.310
378.570 383.040
384.150 387.330
392.730 393.870
393.870 396.270
401.130 405.390
415.950 419.730
420.570 425.130
425.190 426.120
426.120 426.660
