0.000 11.610
12.000 12.600
16.020 18.210
18.300 21.840
21.840 24.810
25.470 29.910
30.570 31.560
31.560 34.020
34.920 36.150
37.920 39.480
39.480 40.380
43.500 46.320
48.180 51.150
51.750 55.350
55.860 58.200
58.800 60.510
61.170 65.190
65.760 69.360
69.450 70.770
71.340 75.420
76.050 80.160
80.460 82.410
83.160 84.540
84.540 87.300
87.840 93.510
94.050 99.570
100.170 103.980
104.520 106.170
106.170 108.600
109.170 110.670
110.670 113.970
114.570 117.900
118.530 122.370
122.370 125.040
125.760 128.610
130.800 133.350
134.160 135.960
136.050 138.420
139.230 142.230
142.860 145.740
146.340 151.140
151.740 154.380
155.040 159.480
160.170 163.800
163.890 164.790
165.180 165.720
