0.000 7.230
7.530 10.830
12.030 12.810
13.020 13.830
13.890 15.090
17.190 17.790
19.620 20.340
22.860 24.360
24.510 25.110
26.550 27.210
27.630 28.560
28.650 29.250
29.550 30.660
33.300 34.350
34.620 35.280
35.430 36.540
38.190 39.030
39.210 39.870
40.590 41.340
41.790 42.390
43.530 45.150
45.390 45.990
46.170 48.030
52.980 55.740
57.930 59.370
59.520 60.840
68.130 68.730
69.390 69.990
71.760 73.590
74.940 75.570
77.220 78.090
80.310 80.910
81.390 82.230
83.130 83.730
83.880 84.510
85.410 86.010
87.150 89.310
90.420 91.380
92.580 94.560
94.620 95.340
96.480 98.340
98.580 100.200
102.090 102.690
105.390 106.110
109.470 110.070
110.460 111.780
112.290 113.040
113.370 114.090
114.270 114.870
115.080 116.580
119.850 120.450
122.970 123.690
126.570 127.350
127.440 128.430
134.490 136.140
136.140 136.740
148.740 149.370
151.170 151.830
151.830 152.490
153.540 154.470
154.860 155.460
155.640 156.630
157.710 158.820
162.120 162.990
169.950 170.730
171.840 172.650
177.210 177.870
178.530 179.130
181.410 182.190
184.050 184.650
186.510 187.170
192.210 192.840
197.580 198.180
198.660 199.290
209.280 209.940
218.760 219.690
220.560 221.160
221.460 222.330
223.320 224.490
225.030 225.660
227.250 227.850
228.090 228.720
234.780 235.380
241.470 242.100
242.670 243.810
244.770 245.400
256.170 256.770
257.820 258.420
260.250 260.850
264.780 265.380
265.590 266.220
269.220 270.330
271.290 272.280
272.280 273.000
273.870 274.470
276.090 276.690
277.080 277.830
278.370 279.480
281.190 282.450
283.620 284.610
287.550 288.390
293.760 294.480
296.400 297.180
302.730 303.330
306.720 307.380
307.380 308.280
310.410 311.670
312.330 313.290
314.850 316.020
325.380 326.970
328.620 329.310
330.390 331.140
336.300 336.930
339.060 339.840
