0.000 11.610
12.000 12.660
16.020 18.360
18.630 22.260
22.260 26.340
26.760 30.930
30.930 31.860
31.860 32.910
32.910 34.080
34.080 35.220
35.220 36.570
36.570 37.770
37.770 41.400
41.730 44.790
45.300 46.590
46.770 47.790
48.090 49.140
49.440 50.430
51.600 52.830
52.830 56.400
56.820 60.420
60.660 64.800
64.800 66.690
67.110 68.340
68.340 70.140
70.140 72.060
72.390 73.590
73.590 78.120
78.420 81.420
81.420 85.050
85.740 87.120
87.120 91.530
92.010 93.870
93.870 96.750
96.840 99.150
99.930 104.130
104.190 106.230
106.380 111.720
111.720 112.560
