0.000 11.610
12.030 12.630
16.830 18.300
18.660 19.410
19.560 22.470
22.890 26.550
26.850 29.520
29.640 32.250
33.090 34.470
35.130 37.290
37.290 38.190
38.250 39.360
39.900 42.030
42.120 42.870
42.870 43.560
44.580 47.160
47.910 50.160
50.940 52.350
52.350 53.640
53.670 55.350
56.160 57.210
57.240 59.520
59.520 62.880
62.880 64.440
64.950 66.900
67.170 68.640
68.850 70.110
71.040 72.060
72.090 76.590
76.980 80.940
81.450 82.740
84.090 86.370
86.370 88.020
88.590 89.730
89.790 92.280
92.460 95.220
96.090 98.790
98.970 100.500
100.500 101.130
101.160 101.970
101.970 102.930
103.650 105.810
105.810 106.950
107.940 108.930
109.170 110.820
112.350 116.400
117.420 119.190
119.340 120.720
121.530 123.000
123.180 125.100
125.790 127.470
127.500 129.330
130.110 134.280
134.520 136.620
136.680 140.850
141.780 144.390
144.930 149.280
150.000 150.810
150.810 155.670
156.510 157.650
157.680 159.840
159.870 160.710
