0.000 11.610
12.030 12.630
16.560 17.940
18.180 24.060
24.540 26.550
27.090 29.400
29.820 31.170
31.320 32.760
33.090 34.800
35.520 36.870
37.020 39.780
39.930 41.250
41.910 44.880
45.240 48.450
49.050 50.130
50.190 52.620
53.010 53.820
53.820 57.570
58.380 60.120
60.210 64.200
64.320 65.340
65.460 66.120
66.420 67.620
67.620 69.300
69.300 71.160
72.000 76.530
77.070 78.180
78.180 81.690
81.900 84.990
85.170 86.820
87.360 92.610
92.940 94.890
94.890 96.210
96.210 97.950
98.580 102.480
102.480 104.580
105.660 109.200
109.530 112.170
112.500 116.070
116.970 118.350
118.350 119.850
120.000 123.930
124.410 127.740
127.740 130.860
131.310 132.450
132.450 135.000
135.420 136.230
