0.000 11.610
12.030 12.630
16.740 18.150
18.540 22.200
22.200 25.290
25.410 28.560
29.130 30.270
30.300 31.530
31.650 35.100
35.490 36.600
36.600 38.820
38.820 42.600
43.020 44.040
44.070 46.560
46.560 48.510
49.080 49.950
49.950 53.310
54.120 57.240
57.810 60.750
61.080 62.310
62.310 63.360
64.380 69.030
69.240 71.610
72.300 74.220
74.220 75.690
75.960 78.000
78.840 79.800
80.100 82.770
83.190 84.660
84.750 86.730
86.730 88.410
88.410 89.880
90.960 91.650
91.740 95.250
95.430 97.170
97.170 98.940
99.120 101.970
102.330 103.470
103.470 105.660
105.930 106.770
