0.300 5.580
6.510 10.410
10.440 14.550
14.730 19.620
19.620 22.140
22.140 29.730
30.480 36.090
36.360 38.580
38.580 44.040
44.040 46.290
47.310 50.700
51.450 55.260
55.320 58.740
58.740 60.870
61.230 63.480
63.540 64.860
64.860 66.270
66.270 68.460
69.570 73.170
73.170 76.860
77.070 81.450
81.540 83.460
83.790 86.010
86.130 88.020
88.020 91.770
91.830 94.080
94.860 100.830
100.830 103.860
103.860 106.290
106.590 107.970
108.090 112.200
112.560 117.150
117.240 119.250
119.310 121.260
121.260 123.540
124.140 125.250
125.250 129.570
