0.000 5.250
9.450 17.310
17.310 22.530
22.800 31.560
31.650 34.380
34.380 36.960
36.960 39.810
39.810 42.600
42.780 45.000
45.000 48.600
48.600 51.690
51.690 52.680
53.010 54.300
54.360 58.170
58.290 60.630
60.630 62.160
62.160 65.640
66.840 70.740
70.770 75.960
76.050 78.150
78.780 83.790
83.940 88.110
88.320 90.660
90.750 93.540
93.540 94.800
95.040 97.560
97.560 99.300
99.690 101.430
101.880 106.080
106.200 108.690
108.690 113.340
113.370 115.290
115.320 117.840
118.620 119.460
119.490 126.630
127.020 127.680
127.680 132.630
132.720 134.010
134.070 135.390
135.420 138.600
