0.300 5.580
7.860 13.560
13.740 18.420
18.960 26.700
26.790 30.300
30.540 31.770
31.770 37.260
38.040 42.420
42.600 43.800
43.830 45.450
45.450 46.770
47.460 52.890
53.310 55.950
56.040 58.080
58.500 61.620
61.680 63.810
64.470 65.490
65.490 69.510
70.110 74.520
75.210 77.010
77.040 78.150
78.150 78.840
78.900 79.590
79.980 82.020
82.020 85.890
86.340 87.480
87.720 90.300
90.480 96.270
97.830 103.590
103.590 105.480
105.510 110.580
110.580 114.330
115.020 116.970
116.970 118.110
118.740 120.780
