0.240 7.650
8.460 10.710
11.430 13.230
14.160 16.080
16.920 18.540
18.750 20.700
20.730 21.330
21.720 25.380
25.560 26.880
26.910 34.920
35.670 40.710
41.250 44.700
44.700 49.980
50.760 54.180
54.960 57.270
57.270 58.710
59.880 61.260
61.260 65.730
65.940 69.660
70.170 71.490
71.520 73.590
73.950 78.060
78.060 82.050
82.260 88.110
88.890 90.120
90.420 91.410
91.590 94.530
95.160 99.390
99.390 101.070
101.490 105.510
105.510 107.130
107.370 108.870
109.140 111.630
112.020 112.860
112.860 115.500
116.430 119.550
119.880 121.680
122.130 126.570
126.570 128.250
128.250 133.800
134.010 138.930
138.930 142.110
142.530 145.110
145.110 147.870
147.870 152.940
153.360 155.880
155.880 156.990
157.080 163.230
163.230 164.370
164.370 165.930
165.930 168.210
168.360 169.080
169.170 170.910
170.910 173.010
173.520 177.780
178.350 209.580
