0.000 5.250
8.910 19.380
19.710 26.100
26.310 28.920
29.040 32.880
33.780 41.700
42.180 46.200
46.200 50.220
50.310 56.430
56.490 61.470
61.530 62.760
62.790 65.160
65.640 68.700
68.700 72.420
72.480 76.200
76.200 81.510
82.020 86.760
86.760 91.890
92.640 102.840
102.840 107.580
108.030 117.660
117.660 119.490
119.670 128.100
128.580 133.350
133.470 137.610
137.610 138.600
138.630 145.320
145.320 152.340
152.490 163.590
163.680 165.510
165.900 170.520
170.940 180.960
181.200 187.830
187.830 198.090
198.390 207.120
208.800 210.060
