0.000 5.250
7.710 11.430
11.550 14.280
14.730 20.910
21.450 22.920
23.160 25.260
25.590 27.930
28.020 30.420
30.990 33.210
33.570 36.960
36.960 40.830
41.490 48.780
48.780 52.620
52.920 54.390
54.390 55.620
55.770 58.020
58.890 62.910
63.540 66.510
66.510 67.680
67.680 70.440
70.920 74.790
74.850 76.800
76.800 78.750
78.750 82.710
82.860 84.240
84.240 86.310
86.340 90.270
90.720 93.930
93.960 98.160
98.730 104.310
104.640 108.960
109.110 111.600
111.600 114.660
114.840 116.910
117.060 119.250
119.250 121.440
121.740 125.700
125.700 127.800
127.890 130.800
130.800 140.490
140.880 142.680
144.540 145.800
