0.570 47.100
47.100 57.150
57.390 76.530
76.920 81.270
81.270 103.320
103.590 104.430
104.490 114.360
114.360 117.270
117.630 120.000
120.000 123.870
123.870 127.470
127.860 136.260
136.470 148.320
148.860 151.650
151.830 153.570
153.570 154.980
155.370 157.980
158.040 159.720
159.840 187.080
187.860 189.810
190.260 195.420
196.380 208.260
208.350 210.720
210.750 218.130
218.220 226.800
227.040 234.900
234.990 243.630
243.630 247.530
247.710 257.430
257.430 261.630
262.080 266.220
266.250 270.420
270.420 273.660
273.900 277.320
277.380 280.320
280.320 285.630
285.690 288.960
288.960 314.670
315.000 322.770
322.770 331.260
331.620 334.050
334.050 347.670
347.820 368.460
368.460 377.250
377.250 385.140
385.140 390.120
390.120 402.480
402.480 453.600
