0.060 6.360
6.630 11.100
11.100 15.840
15.930 20.940
22.410 30.120
30.360 32.940
33.180 44.640
44.850 45.450
45.450 50.070
50.190 54.120
54.120 59.610
59.610 61.050
61.350 66.060
66.060 69.690
69.750 75.960
76.530 78.570
78.900 83.250
83.280 90.930
90.930 95.070
95.460 96.570
96.870 101.520
101.940 103.440
103.710 112.200
112.320 112.920
113.430 114.510
114.570 117.090
117.090 121.710
121.980 128.310
128.820 129.750
129.750 133.080
133.290 134.130
134.490 136.440
136.710 141.060
141.660 146.100
146.100 147.330
147.330 149.280
149.460 152.370
152.460 154.410
154.500 156.060
156.210 161.160
161.190 162.720
163.350 164.370
164.760 165.540
165.870 169.170
169.530 174.030
174.300 177.000
177.000 187.410
187.410 190.470
191.130 191.880
192.420 206.820
206.820 209.190
209.490 211.230
211.260 214.560
215.010 215.820
215.820 220.170
220.320 221.670
221.790 223.800
224.040 227.580
228.150 228.750
228.750 239.460
239.580 244.110
244.110 246.150
246.480 254.100
254.190 258.360
258.900 262.650
262.650 266.130
266.190 267.810
267.930 269.730
269.850 270.660
270.690 271.290
271.320 275.520
276.210 279.300
280.140 282.930
282.960 285.690
285.720 288.030
288.030 288.690
288.720 292.170
292.380 299.550
299.670 302.190
302.280 303.540
304.140 306.510
307.170 307.770
308.760 310.050
310.170 314.490
314.490 316.530
316.530 317.610
318.420 320.910
321.240 321.960
322.260 326.910
326.970 327.960
327.990 329.220
329.310 331.170
331.170 331.860
331.950 333.510
335.070 336.480
336.570 339.120
339.210 341.220
341.310 343.770
343.800 345.420
345.870 348.060
348.090 350.040
350.310 351.750
351.750 352.740
353.040 353.640
353.880 354.690
354.720 358.350
358.800 359.730
359.820 360.540
360.780 364.860
365.160 366.180
367.230 368.700
369.090 369.690
370.230 372.300
372.300 375.540
375.750 379.950
381.180 381.930
382.050 383.070
383.910 387.000
387.510 393.060
393.150 400.380
400.770 404.640
404.670 406.800
406.950 409.590
409.980 412.140
413.910 415.170
417.120 418.650
418.650 419.490
419.700 425.850
426.090 427.170
427.530 428.700
429.210 432.810
433.200 436.200
436.920 440.220
440.340 441.840
441.840 444.150
444.420 447.060
447.930 448.950
449.520 450.360
