0.030 8.640
9.510 10.200
10.410 12.630
12.660 16.440
16.740 17.910
18.360 19.740
19.770 21.720
21.720 22.860
24.210 26.490
26.520 30.270
30.330 31.740
31.740 34.170
34.920 38.130
38.280 40.380
40.500 42.720
42.900 44.760
44.760 47.160
47.640 50.070
50.340 51.090
51.120 52.200
52.200 53.460
54.240 55.890
55.890 58.350
60.270 62.130
62.130 65.160
67.140 68.640
68.760 72.990
75.870 79.140
79.140 81.660
81.720 84.870
84.870 85.950
85.950 87.270
89.430 95.190
95.610 97.020
97.290 98.070
98.070 100.380
109.530 113.040
113.700 115.140
115.140 115.980
118.830 119.910
121.230 124.590
124.710 125.310
125.310 126.150
127.140 129.060
129.150 130.650
131.520 135.000
135.810 137.040
137.820 140.340
143.310 144.330
145.710 146.430
146.430 147.660
149.820 151.050
151.320 152.760
