0.030 9.030
9.900 13.320
13.320 15.300
15.360 17.160
17.160 19.260
19.800 29.940
30.570 36.870
36.900 38.670
40.140 41.790
41.790 48.960
50.130 53.550
53.580 55.290
55.290 59.520
59.520 62.130
62.610 63.690
63.690 66.570
66.660 68.940
69.090 71.910
71.910 74.640
74.640 77.400
78.360 79.530
79.530 82.290
82.290 84.210
84.210 84.960
84.960 92.160
93.300 99.870
99.870 106.290
106.290 107.190
108.240 113.850
114.060 115.380
115.380 120.630
121.020 127.620
129.060 137.010
138.360 139.260
139.260 143.400
143.400 147.630
147.960 151.530
151.650 153.300
153.300 156.360
156.540 158.310
158.310 164.850
164.970 169.380
170.130 177.900
178.050 181.020
181.560 182.850
182.850 187.410
187.410 194.400
196.470 199.590
199.620 209.370
209.370 212.370
212.880 218.430
218.610 223.560
223.860 224.670
224.670 229.380
229.410 232.530
232.530 236.040
236.520 239.820
239.820 242.790
242.790 245.070
246.750 250.980
250.980 253.950
254.130 257.130
257.130 261.780
263.070 267.930
267.930 272.220
272.220 275.100
277.020 283.620
283.770 286.440
286.560 289.050
289.290 291.540
291.540 294.390
294.390 300.210
300.390 303.690
303.690 306.870
306.870 312.360
313.800 315.660
315.660 317.910
317.940 319.110
319.110 321.750
321.960 325.950
325.950 327.210
327.240 329.130
330.990 335.100
336.000 337.830
337.830 340.860
340.860 342.870
342.900 345.330
346.410 347.970
347.970 349.380
349.470 351.450
351.450 352.710
352.710 355.680
355.680 357.390
357.390 358.740
358.830 359.880
361.230 363.570
363.570 365.910
366.000 368.790
368.790 370.230
370.230 372.900
372.930 376.650
376.650 377.760
378.330 382.710
382.890 387.300
387.720 389.700
389.850 391.830
391.830 393.450
393.480 397.980
398.400 400.770
400.830 406.920
408.060 413.160
413.370 416.100
416.130 418.080
418.740 419.520
419.580 422.160
422.160 424.440
424.440 426.300
426.300 429.450
430.050 435.360
435.420 438.810
439.230 440.310
442.200 443.100
