0.000 7.230
7.530 9.150
9.390 11.010
17.730 19.380
19.620 20.580
21.930 24.600
24.600 25.230
25.620 27.090
27.390 28.980
28.980 29.940
29.970 30.720
30.750 31.350
31.380 33.180
33.930 37.500
38.400 41.400
41.520 42.330
43.020 43.980
44.310 46.170
46.920 49.080
49.140 49.830
49.830 50.430
50.490 53.040
53.520 54.360
54.630 55.650
57.510 59.310
59.310 60.900
61.980 64.230
65.130 66.120
66.360 68.010
68.550 70.050
70.050 70.650
70.710 71.370
71.850 73.650
74.550 75.540
76.140 77.010
77.250 82.920
83.460 85.770
85.770 86.490
86.610 87.210
87.510 89.520
90.000 91.800
92.730 94.200
94.200 94.950
96.120 97.890
97.890 98.700
99.330 100.440
100.590 102.030
102.030 102.990
103.140 104.190
104.400 107.670
108.000 108.840
111.720 112.590
113.010 113.670
113.670 114.810
116.490 117.900
118.560 119.820
119.820 121.620
121.620 122.220
122.520 123.600
124.650 125.340
128.700 131.940
132.840 133.440
134.010 134.850
138.000 138.840
139.290 140.130
141.930 143.370
146.100 147.210
147.210 148.920
152.190 154.140
155.130 157.230
157.830 159.300
161.070 161.730
163.920 164.580
165.150 166.020
166.050 167.820
168.390 170.670
171.180 172.170
172.920 174.210
174.630 175.290
175.530 176.490
178.110 179.010
179.220 180.240
181.950 182.700
185.430 186.270
189.810 190.440
191.760 193.500
193.950 195.060
195.630 196.920
199.260 199.980
204.840 205.650
206.730 207.540
208.200 209.520
210.060 210.750
211.950 212.910
215.040 216.090
218.550 219.870
221.820 223.080
224.910 225.570
225.960 227.460
230.370 231.000
232.110 233.130
242.580 243.360
243.630 244.710
246.030 246.840
246.900 247.770
248.100 248.700
250.800 252.120
254.340 255.090
258.450 259.050
259.740 260.340
260.340 261.360
263.250 264.360
264.540 266.400
272.490 273.870
280.740 281.490
286.230 287.400
287.580 289.020
291.750 292.680
293.700 294.540
294.780 295.650
297.990 298.710
299.190 299.790
301.650 302.310
302.820 303.690
304.830 305.430
305.580 306.480
306.780 307.560
307.650 308.250
309.210 309.810
311.040 311.970
314.520 315.810
317.640 318.540
319.260 319.860
320.010 320.610
321.090 323.430
325.290 326.040
327.090 327.690
328.740 329.400
331.350 332.730
333.000 333.600
333.720 334.350
334.530 335.130
335.460 336.060
336.900 337.800
338.730 339.450
340.980 342.210
346.020 346.620
346.620 347.610
350.550 351.600
352.500 353.340
354.720 355.380
357.840 358.560
360.600 361.830
362.310 362.940
363.300 364.320
366.780 367.530
367.620 368.370
368.370 369.030
369.900 370.800
373.140 374.100
377.820 378.420
381.960 383.760
384.720 385.710
389.730 390.660
392.280 393.270
394.740 395.610
398.100 398.820
400.050 400.650
400.800 401.490
401.640 402.300
403.380 404.010
406.770 407.700
408.390 409.020
413.670 414.420
414.540 415.260
415.620 417.060
420.390 420.990
421.080 422.280
424.740 426.000
430.650 431.820
435.030 435.630
436.080 436.710
437.820 438.600
438.780 439.590
443.070 443.670
446.100 447.660
448.170 449.580
450.720 451.320
455.880 456.480
456.570 457.170
