0.060 9.090
10.110 14.970
14.970 16.800
16.800 21.240
21.600 26.190
26.190 28.320
28.350 31.320
31.320 33.690
34.320 36.690
36.690 38.220
38.310 42.210
42.210 45.840
46.440 52.470
52.560 58.200
59.280 66.000
66.060 67.980
67.980 70.680
71.250 77.190
77.550 84.540
84.870 88.860
90.000 94.320
94.320 96.450
96.540 98.760
98.760 100.530
100.740 102.690
103.050 104.850
118.020 118.620
119.790 122.610
122.670 125.880
126.570 128.130
128.130 129.990
129.990 131.250
131.610 133.830
134.220 136.620
137.310 140.760
141.570 142.590
144.000 144.960
145.170 148.230
148.350 153.150
153.180 155.970
157.320 159.540
159.870 161.250
174.930 180.810
181.080 182.400
197.220 200.310
200.490 201.510
224.310 226.860
227.010 229.890
229.890 231.360
232.740 234.270
235.590 237.840
237.960 241.200
241.530 243.420
243.420 247.860
247.860 252.060
253.620 260.580
261.090 266.580
267.540 275.010
275.010 281.520
281.520 288.060
288.420 291.060
291.060 295.110
295.620 299.010
299.010 300.780
301.350 303.030
303.030 308.760
310.260 318.210
318.630 323.430
323.430 325.950
326.310 327.510
327.720 328.500
328.680 336.120
336.600 345.540
345.870 348.030
348.030 352.860
353.640 355.170
355.170 358.170
358.170 359.970
360.270 361.170
361.590 362.190
362.730 363.870
386.220 389.970
389.970 394.650
394.770 398.160
413.100 413.700
414.270 419.970
423.240 426.420
428.880 430.380
432.060 436.320
436.320 441.420
443.100 447.720
447.720 451.740
451.830 453.720
454.110 457.230
457.380 461.280
461.580 464.850
464.850 467.400
467.430 469.980
469.980 473.910
473.970 477.450
477.660 480.000
480.000 481.290
481.860 487.440
488.310 494.520
494.580 499.020
500.040 502.110
502.320 507.360
508.560 514.500
514.530 521.460
522.210 525.600
525.600 529.080
529.440 532.980
532.980 534.000
534.000 539.760
540.120 542.580
542.580 544.380
544.590 545.460
545.940 550.530
550.530 557.370
558.210 559.260
561.210 562.140
