0.030 9.030
9.510 12.570
12.570 18.870
20.790 27.180
27.930 30.780
30.810 32.460
32.460 35.520
35.520 36.720
36.960 38.190
38.190 40.770
42.570 45.120
45.120 45.930
45.930 47.250
48.300 51.420
51.420 52.110
52.530 57.210
57.570 58.830
59.460 61.140
61.980 66.240
66.240 68.700
68.760 73.020
74.520 78.810
78.840 81.330
83.250 86.250
86.280 88.380
88.440 91.800
91.800 96.930
97.080 99.210
100.410 105.720
105.720 107.550
109.680 112.500
114.120 116.370
116.430 120.840
121.290 129.750
130.650 132.840
132.870 134.100
136.830 138.930
139.110 142.890
142.950 144.270
144.270 146.460
147.900 149.640
149.640 151.890
151.890 155.400
155.550 161.550
162.750 164.310
164.730 165.360
167.310 170.970
170.970 175.770
175.980 178.980
179.880 181.890
182.310 183.420
183.990 186.450
186.810 188.670
188.670 190.740
192.510 195.450
195.600 197.880
197.910 199.110
199.170 199.950
200.430 201.540
202.110 202.980
207.420 208.980
209.490 212.460
212.670 214.470
214.470 220.380
221.310 228.750
229.470 234.330
236.610 239.550
239.550 240.420
240.420 242.850
242.940 246.060
248.460 250.320
250.350 258.300
262.680 265.170
265.350 266.700
266.700 267.540
267.660 268.410
268.410 271.020
271.410 272.520
272.550 274.530
274.530 276.990
277.080 278.040
278.040 282.120
282.120 284.040
287.160 288.780
288.960 290.940
290.940 292.740
293.280 294.150
294.270 300.060
302.460 309.120
309.150 315.900
317.580 323.790
323.820 328.110
330.600 331.440
331.440 333.780
333.870 335.670
335.700 337.260
337.260 341.970
341.970 343.800
343.800 348.690
350.250 353.190
353.220 354.420
354.420 357.480
357.600 359.820
361.620 367.980
368.100 375.240
375.240 376.500
376.740 377.520
377.520 383.130
386.700 389.220
389.220 393.210
396.060 399.060
399.060 401.400
401.400 403.350
403.440 405.570
405.570 406.650
406.860 411.990
414.090 416.850
416.850 420.900
420.900 424.920
424.920 431.640
434.340 435.540
435.690 436.950
436.950 440.040
440.130 447.990
452.700 454.230
454.350 457.320
460.260 465.540
465.570 469.890
469.920 471.510
471.660 473.580
474.990 477.720
478.140 482.190
482.190 485.730
485.790 488.430
488.550 490.770
492.570 496.920
497.460 498.210
498.300 500.850
500.850 504.180
505.770 508.320
508.440 510.000
510.030 512.340
512.370 515.790
517.770 520.350
520.350 521.820
522.150 522.960
523.110 525.270
525.270 531.450
533.070 538.320
539.220 544.740
545.550 551.130
553.680 555.840
555.840 557.430
559.320 560.790
560.970 563.160
563.160 565.320
565.320 567.960
570.270 573.570
573.570 576.690
577.500 580.170
580.170 581.940
581.940 583.740
585.990 590.250
590.250 591.360
591.450 594.060
594.060 595.500
595.560 598.860
600.150 604.830
604.830 605.880
605.910 609.000
609.090 610.140
610.140 613.770
615.690 621.570
621.570 623.400
623.400 625.560
627.900 634.950
634.950 640.050
640.440 642.300
646.740 649.050
649.380 650.460
650.460 652.020
658.770 659.610
659.610 660.870
662.550 663.750
664.650 665.970
667.170 670.080
670.380 671.280
673.320 678.360
679.290 682.470
682.770 683.760
683.940 686.010
686.790 687.840
689.760 692.310
692.310 697.080
697.110 697.710
699.450 701.370
702.690 704.040
704.190 706.560
707.490 708.300
708.390 709.290
709.500 711.270
711.270 713.520
715.080 716.430
716.430 720.180
720.420 724.260
724.440 727.320
727.320 728.190
728.550 729.720
729.720 730.950
730.980 731.790
733.800 735.060
736.590 738.060
738.060 740.010
740.010 741.540
741.600 743.580
745.020 746.670
746.670 751.230
751.650 753.360
754.860 756.870
756.870 760.380
760.620 764.520
764.550 766.140
766.350 768.480
768.480 772.440
773.910 776.400
777.000 777.810
777.930 786.630
787.890 791.670
791.670 796.620
796.620 801.360
803.100 805.800
805.800 806.430
806.430 808.320
808.560 810.210
810.210 811.860
812.160 813.510
813.720 814.590
817.080 823.020
823.020 824.370
824.490 825.360
825.360 828.510
829.590 832.320
832.320 837.510
839.250 842.310
842.310 844.290
844.290 846.000
846.060 848.190
852.270 853.530
853.830 856.860
856.890 861.000
862.740 864.480
864.480 866.610
866.610 869.850
870.090 870.750
870.780 872.850
874.500 880.260
880.350 882.750
882.990 886.830
886.860 889.530
889.530 892.770
893.280 895.410
895.440 897.330
898.110 903.840
903.840 908.520
910.770 914.700
914.880 916.950
916.950 918.300
918.420 919.560
919.590 921.300
921.300 924.690
925.200 926.220
928.170 929.070
