0.030 9.030
9.810 12.780
12.840 16.350
16.830 22.350
23.430 26.040
26.070 28.050
28.080 32.550
32.550 36.060
37.500 41.580
43.080 44.790
45.000 47.910
47.910 52.200
52.200 56.070
56.790 59.400
59.550 60.390
60.390 62.160
62.850 64.740
64.770 66.060
67.020 71.970
72.330 74.610
74.610 76.350
76.350 81.120
81.120 83.190
84.210 85.170
85.440 89.820
90.000 95.460
95.460 96.450
97.050 99.540
99.540 104.610
105.810 106.590
106.590 113.970
115.410 118.290
118.770 124.320
124.320 126.450
126.930 127.800
127.800 130.890
130.890 134.010
134.010 136.110
136.740 144.270
145.920 148.380
148.650 149.520
149.520 151.260
151.260 154.230
154.290 158.700
159.990 163.980
164.010 166.320
166.320 169.740
170.700 176.340
176.340 181.470
183.720 188.850
189.240 191.370
191.610 193.710
193.950 196.080
197.280 200.730
202.080 204.240
204.630 208.170
208.170 211.020
211.020 212.340
212.670 213.330
214.710 218.220
219.360 226.020
226.020 227.190
227.250 227.910
228.870 229.800
230.220 233.820
234.270 235.770
236.160 241.740
241.740 244.230
245.520 251.430
252.780 257.040
257.040 258.990
258.990 261.630
262.350 265.860
266.130 268.530
268.710 275.550
275.550 278.490
280.200 281.040
281.070 284.850
284.850 288.570
288.630 291.360
292.500 294.990
294.990 296.400
296.550 301.530
301.710 303.750
303.750 306.150
308.040 309.660
309.780 310.530
310.530 313.050
313.350 316.500
316.620 320.310
320.760 325.350
325.350 326.070
326.070 327.390
327.390 328.770
330.240 331.710
331.770 334.230
334.560 340.050
341.370 344.130
344.130 348.570
350.820 354.900
355.170 358.170
358.170 359.820
359.880 360.540
360.540 361.830
361.890 364.350
364.680 366.360
366.780 371.010
371.430 372.450
372.690 378.900
379.020 380.580
381.510 384.600
386.160 386.940
387.360 391.320
391.650 393.750
393.900 396.450
396.450 398.100
398.310 399.360
399.360 400.710
402.270 409.500
409.890 413.760
413.790 415.890
416.880 419.460
419.490 421.050
421.110 424.320
424.440 427.110
427.830 429.660
429.660 432.870
432.960 435.480
435.510 439.080
439.140 441.270
441.270 444.780
446.220 449.820
449.820 451.800
451.800 454.950
455.820 456.930
456.930 458.220
458.220 460.980
460.980 464.130
465.150 466.980
466.980 469.260
469.380 473.640
474.240 477.000
477.000 479.640
479.640 481.740
482.280 484.680
485.160 487.710
489.060 493.860
494.250 497.220
497.220 499.170
499.860 505.440
505.500 510.510
510.540 513.570
513.570 514.350
515.280 519.150
519.180 520.380
520.380 521.460
521.460 522.720
523.830 525.780
526.020 526.800
526.920 530.640
530.730 532.440
532.440 536.340
537.780 542.190
542.190 546.000
546.090 549.210
549.210 551.130
551.250 552.780
554.400 558.600
558.750 562.710
562.710 566.670
567.900 573.270
573.330 579.060
579.810 584.940
584.940 586.290
586.620 588.450
588.870 589.920
591.840 592.770
