0.000 9.150
9.330 20.220
20.370 27.090
27.090 31.470
31.470 35.250
36.240 50.970
51.060 55.710
55.740 68.190
68.250 71.970
74.400 85.140
86.640 101.070
101.910 105.690
105.690 112.950
115.020 128.190
128.580 135.780
136.770 147.840
148.590 158.220
159.960 161.280
161.280 166.050
166.830 181.440
182.250 184.080
184.110 189.600
190.350 200.790
200.850 205.260
206.160 215.010
215.940 216.810
216.810 225.960
225.960 229.680
230.040 237.690
238.980 247.020
247.020 249.930
250.200 257.640
258.990 264.810
264.960 274.590
274.770 285.960
287.550 297.540
297.720 304.680
305.040 308.670
310.470 311.370
311.460 318.150
318.210 319.530
319.890 332.760
336.060 346.200
346.530 358.230
358.530 367.020
367.020 371.160
372.240 383.670
383.730 396.690
398.010 406.710
407.520 422.610
423.360 444.060
444.300 445.170
445.170 453.420
454.230 467.910
468.300 473.850
473.850 477.540
477.540 481.530
481.530 490.230
490.470 497.310
497.400 499.560
501.240 510.810
511.230 519.060
519.120 521.940
522.030 529.380
529.380 537.270
537.570 546.030
547.890 558.510
559.290 562.500
562.500 567.510
567.570 576.120
576.600 581.070
581.280 584.100
584.100 591.090
591.150 592.440
592.710 602.310
602.310 608.190
609.450 613.980
613.980 618.450
618.450 625.020
626.340 633.870
635.700 640.050
641.790 649.050
649.170 654.870
654.870 659.910
659.910 665.970
666.030 672.510
672.600 679.320
680.190 695.640
695.850 724.260
725.190 734.100
734.580 737.220
737.220 747.150
747.150 752.880
753.360 757.770
758.790 770.310
770.430 778.890
