0.030 9.180
9.360 20.790
22.320 27.810
27.810 36.390
36.540 37.290
37.350 45.570
45.780 57.420
57.600 64.380
64.380 69.900
69.900 71.880
72.060 73.920
73.950 82.530
82.530 86.130
86.130 91.110
91.110 97.020
97.080 97.680
98.040 110.700
111.390 128.520
129.330 130.950
130.950 142.230
142.470 143.220
143.220 153.330
153.930 162.540
162.570 167.310
167.310 171.150
171.420 172.050
172.620 176.250
176.250 181.680
181.680 190.500
191.790 200.460
201.180 201.840
201.870 209.250
209.340 215.550
218.130 231.390
232.530 238.080
238.080 244.860
244.860 248.430
248.430 253.080
254.400 259.440
259.560 264.990
265.170 273.720
275.280 287.460
287.460 289.110
290.010 304.410
304.440 313.350
314.040 327.900
327.900 332.760
332.880 341.610
341.610 345.540
346.260 351.390
351.390 358.830
358.830 364.410
364.590 371.070
371.070 374.250
375.690 383.400
384.750 396.960
397.620 403.080
403.290 406.500
406.710 408.720
409.290 413.850
414.090 422.640
424.350 428.100
428.340 437.730
438.300 447.480
447.570 458.790
459.720 464.160
464.160 469.050
470.280 479.940
480.420 487.770
487.770 491.520
491.610 499.950
500.280 503.700
503.700 510.450
510.870 520.650
520.800 526.050
526.680 527.370
527.730 531.120
531.330 536.820
536.820 539.040
539.400 550.950
551.820 560.610
560.700 567.900
567.900 570.930
570.930 578.610
578.610 584.640
584.670 591.780
591.900 603.390
603.390 606.060
606.060 620.790
620.910 624.870
624.960 627.300
627.420 628.170
628.560 632.460
632.460 635.310
635.340 641.820
641.820 645.030
646.230 651.810
651.810 656.430
656.490 661.350
661.380 662.340
662.550 665.880
665.880 672.240
672.240 674.910
674.910 680.520
681.030 684.420
684.420 690.840
691.080 694.740
695.010 706.770
707.460 711.930
711.930 721.440
721.860 729.600
729.600 735.840
736.200 743.940
743.970 752.910
752.970 765.090
766.170 773.850
773.850 780.720
780.840 786.900
787.440 793.560
794.130 802.800
802.920 818.130
818.940 827.670
828.210 840.030
840.090 846.960
847.020 861.240
861.240 862.830
862.890 873.120
873.960 874.740
875.190 885.750
885.750 891.090
891.300 903.450
903.600 904.290
904.560 909.150
909.150 915.540
916.800 924.150
924.480 930.570
930.870 941.970
941.970 952.140
952.830 957.120
957.150 966.000
967.620 982.830
982.830 985.620
986.280 996.690
997.440 1006.170
