0.030 9.180
9.360 9.960
10.110 11.460
11.460 14.070
14.070 23.310
23.610 33.840
33.930 36.780
36.780 40.020
40.020 45.660
45.660 50.820
50.910 56.700
58.290 60.360
60.360 70.950
71.670 81.780
81.990 91.740
92.250 100.500
100.500 104.550
105.030 108.240
108.750 115.620
115.620 117.780
117.780 126.060
126.480 131.460
131.460 145.590
145.770 156.990
157.380 163.440
163.440 167.880
167.880 172.710
172.740 181.500
182.040 196.680
196.680 201.090
201.300 210.090
210.300 214.020
214.020 217.410
217.410 233.760
233.970 252.390
252.780 271.140
271.650 280.710
280.830 292.800
292.800 297.960
298.800 300.450
300.450 303.720
303.810 309.540
309.810 310.710
310.800 321.960
323.130 328.140
328.140 331.290
332.010 332.700
332.700 338.130
338.130 343.110
343.110 347.010
347.010 348.630
348.990 354.690
356.130 371.820
371.820 373.710
374.100 374.700
374.700 388.530
389.040 392.640
392.640 397.410
397.590 404.490
404.520 410.130
410.700 417.990
418.770 426.840
426.900 427.500
429.750 432.780
432.840 444.240
444.840 459.540
460.380 462.540
462.990 475.650
475.650 478.470
478.980 491.370
491.580 498.030
498.840 503.280
503.280 507.840
508.890 513.300
513.510 523.800
523.950 543.690
544.470 554.580
556.350 565.260
565.350 571.320
572.400 579.510
579.630 587.640
587.850 600.120
600.510 602.790
603.150 613.950
615.360 623.460
623.460 631.230
631.410 652.290
653.340 663.120
663.120 672.480
672.870 675.930
675.930 680.040
680.040 684.030
684.990 687.870
687.870 700.920
701.250 714.390
714.390 721.080
721.080 724.860
724.860 732.690
732.690 741.300
741.300 751.380
751.380 760.230
761.820 773.700
773.700 785.640
785.640 788.340
788.730 797.310
797.700 809.640
809.790 813.660
813.660 835.950
836.160 842.580
842.880 857.940
858.300 872.280
872.280 873.240
873.240 883.770
883.770 888.180
888.420 897.000
897.210 902.490
903.630 915.060
915.420 923.910
