0.000 9.150
9.390 22.380
23.130 35.790
35.820 41.040
41.580 42.690
42.690 59.010
59.250 69.600
69.600 78.870
78.870 86.280
86.310 93.270
93.270 99.210
99.720 121.110
121.140 126.240
126.240 131.370
131.430 151.680
151.710 161.940
162.420 176.940
176.940 182.850
183.360 189.450
189.450 197.730
198.090 206.400
206.400 211.980
211.980 217.740
217.740 222.450
222.450 228.270
228.660 240.900
241.140 242.190
242.340 257.940
258.360 265.110
265.110 271.680
271.680 278.550
278.550 285.570
286.140 294.720
294.720 300.150
300.270 302.670
303.240 310.560
310.560 319.110
319.110 333.480
333.570 340.200
340.230 348.330
348.480 362.790
362.850 367.500
367.500 369.780
369.780 375.390
375.390 384.330
384.780 394.230
394.230 402.930
402.930 408.900
409.710 411.900
411.900 414.510
414.510 422.280
422.340 425.700
425.700 429.870
430.590 444.990
444.990 459.900
460.080 460.680
460.680 461.910
461.910 470.520
470.520 473.940
474.720 479.070
479.070 488.070
488.520 497.310
497.310 503.970
505.230 517.380
518.070 521.910
521.970 527.040
527.040 538.410
538.860 539.460
539.580 545.520
545.700 547.770
547.890 550.410
550.410 557.820
558.090 562.410
562.410 567.990
567.990 573.450
573.450 578.190
578.190 584.940
585.150 589.890
589.890 592.140
592.140 596.280
596.280 599.310
599.400 610.680
610.890 618.180
618.420 623.040
623.040 634.680
634.800 644.880
645.870 646.470
646.470 662.130
662.130 666.240
666.450 669.510
669.510 675.090
675.090 681.720
682.080 691.080
691.140 694.830
695.340 705.090
705.090 708.240
708.960 722.190
722.580 731.040
