0.000 9.150
9.330 22.530
22.920 32.190
32.190 40.470
40.710 48.240
48.870 52.770
52.770 60.240
60.240 67.590
68.040 76.080
76.080 85.890
87.030 93.510
93.570 99.000
99.060 104.160
104.310 119.670
120.030 125.190
125.220 133.440
133.440 139.050
139.740 150.600
150.600 161.820
162.000 177.450
177.510 187.890
187.890 196.020
196.560 212.730
212.790 226.320
226.470 244.740
244.890 252.930
253.050 261.300
261.420 278.790
279.090 290.730
290.970 300.360
300.360 309.870
310.470 326.160
326.280 331.290
331.290 336.570
336.720 344.400
344.610 353.850
353.850 357.900
358.230 384.690
384.690 388.770
388.770 396.270
396.270 407.070
407.670 417.840
418.290 422.550
422.640 426.600
426.600 432.060
432.690 446.730
446.760 457.470
457.650 468.480
469.560 480.930
480.930 491.220
491.220 499.560
499.830 500.940
500.940 509.190
509.220 520.020
520.020 530.520
530.520 536.040
537.870 554.250
554.370 559.440
559.440 571.350
571.860 576.210
576.210 587.460
588.030 595.380
595.380 600.750
600.900 609.360
