0.030 9.030
10.350 11.550
11.580 13.920
13.920 17.460
17.460 20.760
20.760 24.570
25.440 28.260
28.260 31.710
32.130 37.290
37.290 38.340
38.340 39.780
40.680 41.490
41.490 43.740
43.770 51.420
52.470 57.270
57.750 61.320
61.530 64.560
66.270 69.390
69.390 70.710
70.980 71.970
71.970 75.300
75.870 77.970
78.180 80.640
81.240 83.700
83.820 86.370
86.670 89.730
89.730 93.480
94.410 99.450
99.780 102.150
102.180 106.620
107.190 108.150
108.150 113.040
114.330 120.720
121.500 126.120
126.120 127.740
129.030 131.460
131.580 134.190
134.670 137.850
137.850 138.450
138.450 139.440
139.440 141.090
141.630 144.450
144.450 146.760
146.760 148.740
148.740 151.590
153.000 154.410
154.890 157.380
157.890 158.940
158.970 161.370
161.400 164.190
164.520 166.410
166.410 168.210
170.040 177.420
178.170 179.070
179.070 182.340
183.570 188.580
189.060 192.210
193.350 194.940
195.090 195.720
195.720 196.380
196.380 197.070
198.030 202.200
203.070 205.350
205.500 208.170
208.200 210.420
211.260 213.570
213.630 217.410
217.500 221.010
222.450 223.260
223.290 227.310
227.580 229.560
229.560 230.850
230.850 232.050
232.290 235.320
235.320 237.210
237.990 238.860
238.890 242.430
242.550 243.750
243.750 246.600
246.900 248.340
248.340 252.990
254.160 255.480
255.480 258.360
258.360 260.460
260.670 264.330
264.360 265.740
265.740 268.380
268.410 271.890
272.970 276.150
276.690 277.830
277.920 279.840
279.930 281.340
281.340 285.390
285.480 288.660
289.470 290.250
290.280 294.660
294.660 296.100
296.100 298.830
299.910 304.590
304.890 306.180
306.210 308.730
309.420 312.600
312.600 314.430
315.210 318.270
318.270 320.370
320.820 322.500
322.500 325.200
325.380 327.600
327.600 328.770
331.350 334.170
334.170 335.730
335.730 338.280
338.310 343.890
343.890 344.640
344.940 346.740
347.700 350.820
350.850 352.530
353.550 357.000
357.000 357.690
357.690 362.190
363.000 366.390
366.390 367.890
368.520 370.290
370.290 370.950
371.790 373.140
373.140 373.980
376.800 380.220
380.340 382.530
383.640 389.250
389.430 392.850
393.930 395.400
395.760 398.430
398.430 402.600
402.600 403.410
403.410 405.960
405.960 407.820
410.460 416.280
416.280 417.510
417.930 418.770
420.090 422.040
422.430 424.710
424.980 427.140
427.170 429.000
429.300 431.580
431.580 434.340
434.670 436.680
436.770 439.410
439.860 442.770
442.830 443.910
443.910 444.960
444.960 446.190
446.640 450.780
451.770 452.700
452.700 454.470
454.470 455.760
455.910 456.870
457.200 457.950
457.950 462.150
462.270 463.200
463.200 466.500
467.550 469.620
469.800 472.500
473.580 475.680
475.740 478.380
478.380 480.690
480.840 483.060
483.060 485.940
487.050 488.670
488.760 490.260
490.260 492.540
493.050 493.980
493.980 498.000
498.000 499.200
499.710 503.160
504.630 506.040
507.060 508.200
508.530 509.700
511.170 512.580
513.240 513.840
514.530 515.940
515.940 517.530
517.530 519.750
520.260 521.520
521.970 523.380
524.040 524.790
524.790 526.620
526.800 527.400
527.670 533.280
535.650 540.060
540.210 543.540
543.870 548.220
548.490 550.470
550.470 552.870
553.710 558.720
559.740 563.190
563.220 565.350
565.620 568.560
569.160 570.390
571.500 575.130
575.490 580.920
581.550 585.150
585.210 588.540
588.570 589.230
590.700 595.800
595.950 597.960
599.040 600.060
600.060 602.250
602.310 604.200
604.200 606.360
606.870 608.640
608.640 610.050
610.890 612.930
613.080 615.930
616.140 617.790
617.850 620.310
620.970 622.770
622.890 624.000
624.000 625.530
625.530 628.530
628.560 630.390
630.390 631.620
632.580 635.670
635.820 637.560
637.680 642.000
642.570 644.100
644.220 645.330
645.420 648.570
648.600 650.880
650.880 652.500
654.450 655.980
655.980 658.380
658.440 662.400
662.610 665.460
666.000 667.890
668.400 670.890
670.890 672.120
672.780 679.350
680.820 684.240
684.240 685.530
685.980 689.040
689.040 691.290
691.860 694.440
694.530 697.530
698.040 702.240
702.780 704.610
704.610 705.780
705.780 707.100
707.700 710.070
710.970 715.020
716.130 721.350
721.800 728.160
729.930 735.660
736.380 741.150
741.150 742.440
742.650 746.100
747.240 752.760
753.540 755.430
755.430 759.330
759.330 762.750
762.750 764.460
765.540 768.270
768.300 769.530
770.490 771.480
771.810 773.640
773.670 774.960
774.960 776.550
778.590 780.030
780.030 781.590
781.620 783.240
783.270 786.450
786.450 788.730
790.530 791.370
791.460 793.260
793.320 795.510
795.690 799.140
801.270 804.150
804.150 804.810
804.810 806.430
808.200 811.470
811.470 812.910
812.910 815.280
815.340 816.540
816.540 817.650
817.650 818.370
818.850 820.830
820.830 824.010
825.270 826.590
826.620 828.480
828.600 829.890
829.890 831.660
831.660 835.170
836.550 838.200
838.380 839.040
839.040 840.420
840.420 841.980
841.980 843.450
843.450 844.530
844.680 847.230
847.230 849.420
849.420 851.100
852.570 853.830
853.920 855.990
855.990 858.270
858.600 859.650
859.680 861.900
862.830 863.820
863.970 865.230
865.260 866.340
866.490 867.090
867.300 869.520
869.520 871.260
871.770 873.630
873.840 876.300
877.530 880.590
880.590 881.490
881.610 884.070
884.310 886.710
887.370 891.390
892.230 895.380
895.440 897.630
898.710 901.110
901.380 903.180
903.450 904.080
904.290 906.600
906.600 908.790
909.360 911.790
913.440 916.320
916.590 919.260
919.320 920.610
920.610 921.660
923.460 924.510
924.510 929.430
929.580 931.110
931.110 932.580
932.580 933.510
933.510 934.860
935.700 938.640
938.640 941.880
941.910 943.230
943.230 944.400
945.990 948.210
948.510 956.310
957.210 958.920
958.920 960.300
960.300 964.830
965.310 966.750
966.960 967.560
967.590 969.090
969.180 972.030
972.030 977.040
977.040 978.030
979.500 980.370
980.400 982.860
982.860 985.680
985.740 986.670
986.670 989.520
989.550 993.390
994.200 995.280
997.170 997.950
