0.000 9.060
11.550 12.450
12.450 15.180
15.210 19.680
20.010 22.860
22.860 24.630
24.720 30.390
30.840 38.730
39.060 46.620
46.950 56.160
56.280 64.560
65.010 72.840
73.230 80.280
80.910 83.490
83.490 86.340
86.520 90.300
90.870 92.160
92.160 95.370
95.850 99.090
99.210 103.770
103.860 110.040
110.490 117.360
117.750 128.940
129.090 133.350
133.350 139.500
139.500 141.570
141.660 146.700
147.000 151.350
151.440 165.570
165.870 170.490
170.490 172.500
174.030 180.660
180.660 182.760
183.300 185.670
185.670 190.170
190.170 195.300
197.130 203.040
203.160 206.370
207.000 207.930
207.930 209.730
210.000 211.260
211.260 219.810
219.960 228.420
