1.170 5.340
5.460 9.570
9.810 13.320
13.470 18.030
18.480 22.290
23.100 24.600
26.970 28.050
28.050 33.450
33.930 35.340
35.340 36.570
37.170 38.760
39.000 42.510
42.510 44.610
45.000 46.770
46.950 48.450
48.600 49.680
49.680 52.620
53.370 59.490
59.910 61.050
61.110 63.480
63.540 65.700
65.940 70.500
70.860 73.980
74.340 77.220
77.820 81.750
82.200 84.330
84.360 91.560
91.920 95.670
95.700 97.950
97.950 101.280
102.060 104.070
105.360 108.480
108.870 109.680
111.240 112.170
112.170 113.820
113.970 116.040
116.070 118.590
118.590 120.060
121.800 123.090
137.700 140.280
140.550 142.950
143.010 144.660
146.460 147.510
147.510 149.430
149.490 150.930
150.930 152.550
152.550 155.610
157.050 159.210
159.390 161.790
161.790 162.960
162.960 164.280
164.700 165.690
165.870 166.950
166.950 168.270
168.420 170.040
170.370 173.610
174.930 178.740
179.190 181.560
181.560 183.090
183.240 185.340
185.850 187.530
187.530 189.990
190.710 194.730
194.940 198.690
199.320 200.700
201.300 203.280
203.520 205.200
205.470 207.120
208.170 209.880
211.170 212.160
212.940 215.250
218.940 219.960
234.690 236.160
236.850 238.770
238.830 239.460
239.460 241.740
243.780 245.940
246.990 249.300
249.540 250.560
251.550 252.810
252.900 255.030
255.180 256.530
256.530 258.090
259.230 261.270
263.100 264.120
272.460 275.490
275.730 277.470
277.800 280.020
280.830 281.430
282.720 285.060
285.090 286.410
287.400 289.380
289.620 290.220
290.400 291.840
292.350 293.580
293.610 295.860
295.890 296.760
296.760 298.800
299.700 303.840
303.870 308.610
308.610 310.980
311.130 315.150
316.140 318.630
318.750 319.770
319.770 321.030
322.380 324.000
325.200 326.730
326.940 329.850
329.940 331.440
331.560 332.940
333.300 334.380
335.130 338.280
338.490 339.360
339.660 341.910
342.330 343.560
343.770 344.940
345.570 346.860
347.730 348.480
348.480 350.070
350.310 351.990
354.180 355.260
355.440 356.820
359.280 360.270
360.420 361.320
361.380 362.970
363.270 364.590
364.620 366.000
366.000 366.990
367.140 369.030
