0.630 3.630
3.630 6.900
7.290 8.490
8.490 12.330
12.420 14.640
14.730 16.050
17.580 23.550
23.610 24.990
25.080 28.800
29.460 32.640
32.850 37.800
38.460 39.990
40.230 42.540
42.960 47.340
48.390 53.790
53.790 55.470
55.920 61.200
61.410 63.450
63.450 66.090
66.360 69.030
69.180 70.230
70.680 73.290
73.500 75.660
77.670 80.850
80.940 84.360
84.600 89.400
89.790 93.930
94.950 96.240
96.300 98.280
98.550 103.620
105.030 110.760
110.820 114.870
115.050 116.670
117.030 119.610
120.570 128.490
128.490 129.450
132.690 134.070
134.100 138.960
139.140 143.070
143.460 144.630
144.720 148.290
148.470 150.810
151.260 152.970
153.180 157.230
157.500 159.390
159.570 164.850
166.740 168.420
169.350 176.160
176.760 178.950
179.430 182.040
182.340 187.170
187.860 192.120
192.420 193.320
193.320 195.270
195.270 196.350
197.610 203.310
203.610 204.240
206.280 211.740
211.860 214.350
215.820 219.210
219.720 222.960
223.710 227.160
228.180 233.040
233.430 238.170
238.260 241.920
