0.750 1.560
1.620 6.630
6.750 10.830
11.940 15.690
15.990 19.560
20.340 27.900
29.340 34.770
35.040 39.690
40.380 42.360
42.480 45.960
47.070 51.360
51.660 53.370
53.940 59.940
60.150 61.080
62.670 66.150
66.750 71.310
71.490 73.860
73.860 78.660
78.690 81.000
81.150 83.250
87.750 92.130
92.580 94.350
94.350 98.970
100.020 103.440
107.070 108.690
108.780 112.320
113.160 118.380
118.680 120.180
124.290 129.150
133.380 136.290
136.290 139.890
140.220 146.040
146.400 150.540
154.530 160.050
160.320 163.350
165.450 168.690
168.720 173.610
173.910 178.710
180.450 181.620
182.640 188.700
188.700 191.340
191.820 193.710
193.920 196.410
197.820 201.630
201.630 206.340
206.430 208.140
211.440 216.360
216.690 222.480
224.160 226.170
226.980 231.270
231.450 235.710
235.710 239.940
240.690 242.700
242.700 246.180
246.810 253.020
253.140 258.060
