0.180 6.930
8.250 13.410
13.530 15.030
15.030 16.860
17.250 20.280
21.090 27.570
27.690 31.200
31.260 34.380
35.130 36.660
36.690 42.960
43.290 49.380
50.010 54.630
54.690 57.840
57.840 58.740
59.490 62.640
62.640 64.170
64.170 66.990
67.830 72.210
72.390 74.820
75.000 76.740
77.550 79.890
80.040 82.350
82.470 85.470
85.500 87.300
87.300 88.770
88.770 91.500
92.910 96.600
96.600 97.950
98.040 102.120
102.510 112.080
112.440 113.130
113.160 117.210
118.770 122.940
123.450 124.350
124.470 129.210
129.330 131.490
132.210 133.230
133.230 136.470
136.500 138.720
138.990 143.490
146.430 153.300
153.630 157.290
158.610 161.130
161.760 164.160
164.190 165.570
165.630 169.440
169.650 174.780
175.200 176.460
177.000 177.960
177.960 182.040
182.370 186.630
187.230 193.320
194.610 198.240
198.780 202.590
202.950 206.700
206.820 210.360
210.360 213.510
213.510 214.830
216.630 219.000
219.000 220.950
220.950 222.300
222.570 225.810
225.810 227.850
227.850 231.300
232.290 235.470
235.740 238.110
238.110 239.880
239.880 241.080
241.080 241.680
241.680 243.210
243.390 244.980
245.790 258.240
259.320 260.790
261.390 262.590
263.790 266.220
266.580 268.740
269.640 275.640
