0.000 6.090
10.410 11.130
11.880 12.630
12.690 15.450
15.450 16.830
16.920 18.120
18.360 22.710
22.920 32.250
32.400 35.820
36.360 41.460
41.460 44.250
44.730 47.460
47.460 49.860
50.160 52.230
52.530 54.390
54.420 56.880
58.410 60.210
60.570 63.030
63.480 65.250
65.340 69.780
69.870 74.460
74.610 77.340
77.790 80.610
80.670 87.180
87.330 92.130
92.340 93.540
93.630 96.720
96.720 98.640
98.940 103.260
103.260 104.550
104.550 107.580
107.580 108.660
108.750 111.960
112.200 113.670
113.880 115.560
115.560 116.550
116.670 122.790
123.150 124.890
125.340 129.780
130.020 131.730
131.730 135.930
136.080 140.250
140.250 140.940
141.030 147.840
147.840 149.400
149.640 154.230
154.320 156.570
156.570 158.970
159.000 160.020
