1.230 2.160
2.190 8.130
8.130 9.870
9.870 11.520
12.060 18.180
19.290 23.400
23.880 27.450
27.900 30.360
30.720 35.160
36.060 36.960
36.990 41.280
41.280 42.780
43.050 45.930
45.960 48.900
49.110 51.990
51.990 54.240
54.960 58.770
59.040 60.750
61.230 62.100
62.100 64.920
65.070 68.610
68.790 71.370
72.090 76.140
76.230 78.060
78.360 80.790
80.880 83.340
84.480 86.700
86.760 88.890
89.190 92.310
92.610 96.780
96.870 98.760
99.030 100.710
101.760 104.910
104.910 106.650
106.800 107.910
107.910 109.350
109.620 111.960
112.980 116.070
116.220 119.310
119.640 121.050
121.140 123.210
123.780 127.920
128.400 130.020
130.050 134.310
135.480 141.120
141.360 143.040
143.310 145.320
145.530 149.010
150.900 153.450
153.450 154.560
154.560 156.720
156.750 158.490
162.270 165.060
165.060 166.710
166.770 168.810
168.810 170.610
170.910 172.620
172.950 174.570
174.600 175.740
177.450 179.130
179.280 184.170
184.170 185.640
186.120 189.810
191.970 199.290
199.500 204.600
204.720 206.010
206.010 206.610
207.810 216.030
216.120 217.530
220.020 222.600
222.630 224.910
225.690 228.030
228.240 229.350
229.380 231.690
231.690 235.620
236.100 238.590
238.590 240.870
241.620 246.390
246.660 248.790
249.210 250.410
250.560 256.410
256.590 259.020
259.290 261.780
262.740 263.700
263.730 265.740
266.340 269.850
270.150 275.820
276.960 281.850
283.290 289.230
289.560 292.920
293.160 294.840
294.960 298.500
300.180 301.560
301.560 304.020
304.350 306.120
306.120 309.360
309.360 310.650
312.030 314.970
314.970 316.380
316.380 317.640
317.640 322.860
322.860 324.030
324.840 328.170
328.200 329.610
329.670 331.650
331.800 337.920
