0.570 1.620
1.650 9.090
9.270 10.800
10.800 11.940
11.940 14.400
14.400 16.530
16.530 18.690
19.260 21.750
21.750 23.010
23.010 24.960
24.960 30.150
30.360 32.400
33.750 38.700
38.700 45.600
48.360 49.830
49.830 54.000
54.000 57.390
58.350 64.620
64.860 70.440
71.010 74.790
74.820 83.340
83.340 86.220
87.030 91.620
91.770 92.880
93.750 106.170
106.710 111.030
111.030 112.620
113.550 117.720
117.720 122.550
123.300 126.960
127.080 133.830
134.640 141.480
142.410 151.380
151.500 156.750
156.810 159.180
160.020 166.020
166.920 175.380
175.380 177.840
179.550 184.590
184.590 187.680
188.700 191.820
191.910 198.210
198.210 200.700
201.270 206.580
206.580 210.210
210.210 211.080
211.080 215.010
216.720 226.350
226.770 228.180
228.180 234.630
