0.360 9.420
9.750 16.290
16.290 17.760
18.630 24.930
26.610 33.120
34.290 40.680
41.700 48.870
48.870 52.410
53.520 59.940
59.940 62.670
62.880 65.970
66.510 72.840
72.930 76.500
76.560 77.850
77.850 80.880
80.880 83.370
83.520 88.470
88.620 95.610
95.610 97.140
97.140 100.740
100.740 103.650
104.400 109.890
109.980 111.960
112.260 120.030
120.420 127.380
127.380 130.110
131.220 136.770
136.950 140.850
141.390 142.500
142.500 145.470
145.470 148.050
149.460 152.850
153.180 160.410
160.590 162.210
162.240 164.340
165.180 169.020
169.140 172.920
173.100 178.680
178.740 180.900
182.220 186.090
186.300 188.670
188.670 191.970
191.970 193.680
193.710 195.630
195.630 199.740
200.700 204.540
204.660 209.370
211.590 214.770
214.770 219.930
220.140 224.850
224.910 228.900
229.500 230.910
230.910 240.060
240.600 248.400
248.430 253.980
253.980 257.880
