0.030 20.160
20.670 21.810
21.810 27.360
27.360 29.190
29.430 36.600
36.930 38.070
38.070 43.440
44.400 48.840
48.840 50.040
50.370 54.390
54.390 58.410
58.410 59.580
59.580 65.040
65.940 67.140
67.140 69.480
69.510 74.400
74.670 77.790
78.030 79.290
79.290 87.270
87.600 94.560
94.860 103.290
103.290 105.540
106.350 114.540
115.080 116.310
116.670 118.440
119.460 126.300
126.360 129.630
130.560 134.100
134.160 140.340
140.370 145.710
145.710 146.790
146.850 150.270
150.510 154.260
156.090 161.160
161.400 172.710
172.710 175.410
175.410 178.740
180.660 186.210
186.240 188.940
190.080 195.180
196.590 200.850
200.850 202.650
202.830 209.820
210.300 212.730
212.730 214.770
215.070 216.720
216.720 222.750
226.680 231.780
231.780 234.720
235.140 241.260
241.260 244.350
245.340 251.340
253.260 260.580
260.580 267.330
