0.630 1.530
1.560 9.900
11.610 17.580
17.640 19.290
24.420 27.750
28.050 32.040
32.190 37.050
38.010 42.570
42.780 49.530
50.130 58.050
58.140 63.690
65.880 67.560
67.650 69.690
69.750 71.550
71.730 74.430
76.950 82.290
82.680 85.290
85.290 86.400
86.700 90.300
95.520 100.230
104.880 105.990
106.110 110.520
110.580 114.240
114.870 116.310
116.400 117.480
120.810 124.410
124.560 126.390
126.990 131.310
131.670 132.780
132.870 135.570
135.930 136.800
136.800 137.760
138.210 140.400
140.550 141.690
141.750 142.530
142.530 144.960
147.840 148.830
148.830 154.890
156.090 160.770
160.860 162.540
163.830 168.480
168.510 170.310
170.310 175.980
176.910 180.840
181.290 182.220
182.220 185.730
186.000 188.280
188.340 190.890
192.330 195.330
195.660 198.480
198.480 199.680
199.770 204.120
204.150 205.290
205.530 211.920
212.640 213.990
214.110 215.310
215.610 217.050
217.140 217.920
218.010 219.660
220.980 222.270
222.420 224.430
224.850 225.840
226.020 227.490
227.550 229.200
229.230 229.920
230.310 232.740
232.950 234.180
234.360 235.740
238.020 239.280
239.520 245.550
246.180 249.450
249.450 250.170
250.470 252.930
253.170 257.520
257.640 259.770
259.770 263.820
263.880 265.530
265.560 266.910
266.910 269.370
270.690 271.860
272.250 277.590
278.010 281.400
282.330 284.310
284.310 286.890
287.160 288.690
288.690 291.060
291.060 292.800
292.950 295.530
296.220 299.880
299.880 301.830
302.250 303.930
304.170 306.600
306.930 308.160
