0.000 0.990
0.990 2.070
2.070 15.330
15.660 22.740
22.860 25.710
26.010 28.710
28.800 30.480
30.480 32.430
32.670 38.040
38.940 42.600
42.840 44.880
45.750 47.160
47.160 50.880
50.910 57.060
59.910 69.960
70.440 74.820
74.850 77.730
79.230 80.190
80.190 85.710
85.860 90.720
90.990 92.610
94.200 103.140
103.320 104.400
104.400 109.110
109.200 114.840
116.430 122.430
122.430 130.350
130.500 136.260
136.260 137.820
138.630 139.800
145.230 149.610
149.790 153.420
153.690 159.300
161.370 173.760
174.720 179.820
186.840 197.670
197.730 199.470
199.920 206.850
206.850 210.900
210.900 213.630
