1.170 2.130
2.160 8.760
8.760 14.160
14.160 16.800
17.670 21.510
21.690 23.640
23.790 29.010
30.210 35.130
35.190 37.020
41.970 45.840
45.870 48.630
48.990 52.830
53.370 55.710
56.130 58.350
58.380 61.290
62.580 66.360
66.390 69.120
69.240 72.630
73.080 74.700
75.120 76.320
76.320 78.840
79.050 80.130
80.130 82.140
83.640 84.660
84.810 90.330
90.660 93.780
93.840 94.530
94.890 96.690
97.050 98.820
99.420 101.460
102.570 103.860
103.860 107.700
107.760 109.410
109.470 111.120
112.200 114.450
114.450 118.260
118.320 122.220
122.580 124.260
124.440 128.250
130.950 133.740
133.740 136.080
136.200 139.050
139.230 141.510
141.690 142.710
143.700 149.550
149.760 151.470
151.740 154.770
154.830 158.310
159.150 163.410
163.800 165.930
165.930 169.800
169.800 172.140
173.070 174.510
174.660 176.490
176.490 181.080
181.230 182.580
182.580 186.420
186.600 189.090
