1.080 2.070
2.100 9.960
9.960 13.020
14.250 28.830
30.930 41.670
41.910 45.750
45.750 52.170
52.170 54.060
55.290 59.940
61.650 65.700
66.360 72.690
72.840 78.900
79.860 84.840
84.840 85.440
85.560 88.350
88.380 92.790
92.820 95.310
96.120 97.290
97.500 100.890
101.070 102.810
102.810 105.270
105.270 106.980
106.980 109.560
109.770 115.620
115.620 121.620
122.880 130.110
130.200 132.930
132.930 136.110
136.350 137.430
137.430 139.230
139.230 143.430
143.460 146.520
146.580 150.630
150.630 154.560
154.560 157.230
157.680 163.650
163.710 166.620
167.340 171.390
171.390 174.810
174.990 180.000
180.330 181.650
181.650 185.430
185.430 187.860
188.010 192.690
192.690 195.210
196.110 203.760
204.150 207.360
207.390 209.250
209.250 212.820
212.820 216.630
216.720 220.080
220.080 224.610
224.610 226.620
227.520 231.810
231.810 233.790
234.090 239.130
239.370 248.100
248.100 250.290
251.700 259.320
259.350 263.430
263.430 265.080
265.380 270.330
270.330 272.520
274.380 281.910
281.910 283.620
283.830 288.120
