0.000 6.180
10.770 15.210
15.780 18.600
18.600 19.920
20.070 23.820
23.820 26.100
26.310 32.730
32.850 34.800
34.830 36.060
36.720 38.880
38.880 41.430
41.430 44.760
44.760 45.810
45.900 46.500
46.500 55.170
55.170 60.330
60.660 63.990
64.290 71.070
71.190 77.160
77.700 81.750
81.750 82.650
82.680 89.280
89.280 94.320
94.350 94.950
94.950 100.800
100.950 101.550
101.580 108.300
108.300 110.160
110.190 112.620
112.890 114.720
115.230 120.510
120.960 123.990
124.140 128.400
128.580 129.180
129.180 133.560
133.770 138.510
138.510 140.370
140.640 148.740
148.950 149.970
