1.140 2.070
2.250 9.120
9.150 10.890
10.980 13.110
13.440 17.160
17.160 20.220
20.340 24.210
24.330 25.830
26.310 32.790
33.480 35.790
35.790 41.010
41.130 43.920
44.670 49.320
49.440 51.930
53.790 58.710
58.950 62.010
62.250 64.080
65.040 73.230
73.230 77.430
77.940 82.980
83.460 85.290
86.580 88.770
88.770 91.440
91.440 93.210
93.240 95.280
96.840 101.910
102.900 104.910
104.910 106.380
106.500 108.870
109.140 113.580
113.910 116.700
116.790 120.480
120.720 123.900
123.900 125.610
127.680 129.630
129.630 132.030
132.180 135.720
136.050 139.230
139.380 143.490
143.490 147.900
148.560 152.130
152.310 153.720
153.870 155.940
155.940 158.850
158.910 163.440
163.710 165.660
166.680 170.250
170.430 175.500
175.800 179.670
179.910 182.820
183.870 189.180
189.330 192.150
192.510 194.010
194.040 198.480
198.570 201.000
