0.780 1.620
1.830 6.540
6.540 9.000
9.180 12.300
12.780 16.710
16.710 19.200
19.320 22.320
23.820 25.110
25.110 31.950
32.130 33.810
33.810 34.920
34.950 35.610
35.640 36.780
38.850 41.610
41.640 42.960
43.170 50.370
52.860 56.490
56.490 57.330
57.360 59.100
59.100 60.420
60.420 62.040
63.900 65.970
65.970 68.790
69.030 73.200
73.230 77.550
78.750 81.090
81.090 83.550
83.640 88.500
89.010 92.400
92.460 93.690
93.900 97.440
97.440 100.230
100.830 104.940
105.330 107.310
107.310 112.200
113.040 117.720
117.780 122.460
122.610 125.670
125.850 127.950
130.170 135.510
135.570 136.830
137.610 138.510
138.570 141.480
141.690 145.260
145.410 146.310
146.310 147.480
147.630 148.320
148.320 150.600
150.600 151.680
152.430 156.240
156.240 157.620
157.710 159.270
159.300 161.130
161.130 162.630
162.690 166.200
166.440 168.390
169.140 174.030
174.990 176.040
176.490 179.280
179.400 181.620
181.710 185.610
186.450 191.100
191.310 193.230
193.440 196.020
196.170 200.550
201.240 202.200
202.200 205.200
205.290 208.110
208.110 209.640
210.300 213.840
214.200 216.510
216.840 220.680
221.160 222.540
222.660 225.330
225.480 230.880
231.000 232.500
232.650 233.790
234.240 237.420
237.900 239.280
