0.780 1.590
2.070 5.160
5.400 9.120
9.540 10.470
10.470 14.070
14.100 15.600
15.600 18.540
19.530 24.450
25.290 26.490
26.820 28.110
28.770 29.940
29.940 31.560
32.670 35.190
35.460 37.830
37.980 38.820
39.090 39.960
40.020 41.550
41.820 42.750
42.810 45.270
46.260 48.000
48.180 50.550
50.790 52.170
52.170 55.800
56.100 58.320
58.380 59.730
60.570 62.100
62.100 63.630
64.560 67.140
67.170 68.430
68.430 69.270
69.780 72.150
72.600 73.890
73.980 77.100
77.250 80.700
80.850 82.500
82.500 83.100
83.280 85.140
85.230 87.720
87.810 89.970
90.270 94.680
95.580 97.950
97.950 99.180
99.330 100.950
100.950 102.930
103.500 105.450
105.480 107.730
107.820 108.630
108.840 109.680
109.710 111.420
111.810 112.890
113.430 115.950
116.250 117.690
117.810 119.490
119.610 121.200
122.760 124.200
124.470 126.660
126.990 127.710
127.710 129.690
130.200 130.920
131.040 133.950
136.980 137.910
138.780 143.160
144.120 145.860
146.610 147.660
147.720 148.530
148.530 151.920
151.980 153.990
153.990 154.710
154.740 155.910
156.570 157.350
157.890 159.810
160.200 164.220
164.520 165.150
165.240 166.530
167.670 168.510
168.540 172.920
173.160 176.970
177.030 179.250
180.600 183.690
183.840 185.400
185.730 186.510
186.660 188.460
188.550 192.330
192.420 193.260
193.260 194.040
196.260 198.060
198.240 199.470
199.470 201.900
202.170 207.540
208.740 209.580
209.730 211.680
211.920 213.720
213.840 215.280
215.280 216.930
217.200 219.090
220.650 223.740
223.920 225.060
225.060 227.460
227.760 231.000
231.090 232.830
234.300 235.560
235.710 236.910
237.330 238.950
239.370 244.140
244.290 245.430
