0.300 1.050
1.560 7.740
8.520 11.340
12.150 12.810
12.840 16.410
19.470 21.870
21.870 24.180
24.240 26.820
27.660 32.460
32.880 35.550
35.850 38.310
38.880 39.630
39.990 42.690
42.780 45.720
45.720 46.860
47.790 50.460
50.550 52.440
52.440 54.690
54.840 57.120
57.930 59.100
59.220 63.240
63.240 64.080
64.470 70.260
71.610 72.660
72.780 75.000
75.360 80.430
80.670 84.000
84.000 86.610
86.940 87.870
87.870 89.880
90.450 96.210
96.510 98.100
98.100 101.550
101.640 106.140
106.560 107.460
107.520 109.590
109.890 112.980
112.980 115.080
115.080 115.830
116.220 118.140
118.140 120.360
120.480 122.670
123.360 127.980
128.490 130.110
130.110 133.080
133.110 133.980
133.980 135.330
135.330 136.620
137.040 137.760
137.910 143.430
144.870 146.010
146.040 148.350
148.350 150.210
150.270 151.830
152.070 153.570
153.570 155.610
156.270 160.110
160.110 160.740
160.770 163.020
164.310 165.060
165.090 167.820
168.030 171.090
171.450 174.570
175.620 177.270
177.510 178.530
178.980 181.410
181.410 182.010
182.610 186.000
186.210 189.720
190.410 191.280
191.280 193.230
193.230 195.240
195.240 195.930
195.960 197.460
198.750 201.000
201.420 203.970
204.060 206.490
207.690 208.650
208.650 210.810
210.960 213.750
214.320 215.490
216.720 221.670
221.760 223.500
223.950 226.320
226.650 227.280
228.480 229.710
229.980 231.750
231.780 233.790
233.790 236.010
236.160 237.960
238.500 240.900
240.990 244.410
