0.000 1.650
1.650 5.310
5.370 9.810
10.110 15.480
15.600 19.050
20.010 28.380
28.410 30.630
31.470 36.420
36.570 39.780
39.780 41.760
41.880 45.120
45.150 46.830
47.160 58.170
58.230 61.440
61.620 70.230
70.320 78.990
78.990 84.030
84.510 88.110
88.110 96.690
96.810 103.110
103.110 107.730
107.760 111.720
111.810 113.760
113.820 118.050
118.710 122.490
122.790 126.660
126.900 129.960
129.960 131.460
132.030 139.230
142.590 149.340
151.350 152.280
152.460 155.910
155.910 160.110
160.260 170.280
171.090 173.430
173.430 178.050
178.050 183.600
183.600 184.920
185.610 195.030
196.110 200.190
202.260 205.590
205.590 209.520
209.550 213.660
213.660 216.330
216.330 219.330
219.570 221.640
222.150 227.850
227.850 234.120
236.130 242.250
242.670 250.320
251.550 252.600
252.600 256.380
256.380 261.720
262.290 262.890
265.080 270.330
270.330 273.480
274.020 275.250
275.250 283.230
283.620 288.720
289.080 293.010
293.190 296.340
296.340 302.910
303.660 309.600
310.110 311.100
311.160 311.760
