0.000 6.030
10.860 11.910
12.240 15.270
16.290 17.790
17.790 21.720
22.710 24.930
24.930 26.970
27.060 30.300
30.480 35.010
35.430 39.240
39.480 42.900
43.020 47.040
47.340 48.450
49.410 51.540
52.020 55.050
55.470 56.790
56.790 57.900
58.950 64.020
64.080 65.160
65.160 66.030
66.090 69.240
70.200 73.650
73.710 74.910
74.910 79.140
79.560 86.370
86.490 87.780
88.170 90.000
90.120 91.740
92.370 94.470
94.470 99.720
100.440 105.990
106.200 107.940
107.970 108.570
108.570 111.060
111.480 114.300
114.510 115.440
115.440 118.020
118.380 120.840
120.930 124.500
124.680 131.160
131.610 133.680
133.680 135.240
135.240 138.660
138.690 139.470
139.470 141.180
141.480 144.450
145.380 147.300
147.570 151.950
152.130 158.820
159.180 163.140
163.260 164.490
165.360 170.280
170.400 173.550
173.550 175.590
175.650 176.520
176.910 178.980
178.980 179.700
179.970 186.780
186.960 191.070
191.070 192.510
193.050 195.270
195.510 205.380
205.770 207.390
207.840 208.830
209.130 210.630
211.020 216.300
216.630 223.410
223.440 224.370
224.820 225.510
225.510 232.920
233.130 235.680
235.680 237.390
237.780 242.970
243.150 245.610
245.610 248.250
248.490 249.570
249.570 255.300
255.600 256.620
256.950 258.060
258.870 259.770
260.220 263.610
263.880 265.830
266.430 277.890
278.460 286.200
286.680 293.400
293.670 294.330
294.810 298.680
299.100 301.620
301.650 305.310
305.580 311.790
312.360 316.800
317.460 319.320
319.320 321.300
322.170 323.160
323.460 325.980
326.280 327.750
327.930 331.680
332.010 334.410
334.500 335.100
335.160 337.950
338.010 339.300
339.870 341.040
341.490 342.120
342.360 343.320
343.710 345.120
345.240 347.370
347.400 348.780
349.230 352.410
353.310 354.180
354.810 359.670
360.960 363.180
363.990 369.780
369.870 370.530
370.530 371.130
371.130 373.290
373.710 376.500
377.010 379.830
380.160 381.060
381.270 386.910
387.390 390.570
390.660 392.520
392.820 393.450
393.690 401.220
401.220 403.560
403.560 404.250
404.640 406.170
406.530 407.520
408.000 411.270
411.390 414.840
416.220 417.210
417.600 419.070
419.430 424.980
425.460 428.010
428.250 429.150
430.710 431.460
432.720 435.000
435.180 441.270
442.440 444.060
444.240 446.820
447.390 449.010
449.400 452.010
452.820 453.420
453.420 456.990
456.990 457.590
457.650 459.480
459.660 463.530
464.190 465.180
465.690 467.670
468.180 471.120
471.450 472.860
473.160 475.170
476.190 477.150
477.540 481.650
482.880 483.840
483.870 485.700
486.630 487.740
488.640 492.390
492.540 494.700
494.850 495.480
495.930 498.450
498.720 499.590
499.590 500.790
501.810 504.120
504.120 504.720
505.440 506.490
507.030 511.920
512.310 513.030
513.570 515.400
515.610 517.590
518.070 519.330
519.330 521.490
521.940 523.230
523.230 526.650
526.680 527.490
527.970 529.500
529.920 530.520
530.610 531.870
532.770 538.650
539.070 542.370
542.370 545.280
546.330 546.960
547.560 550.560
550.860 553.320
553.890 554.700
554.730 555.630
555.630 560.940
561.780 564.150
564.420 566.850
566.850 568.620
568.620 571.200
572.310 576.840
576.990 578.550
578.760 580.260
580.260 581.130
581.160 584.400
585.240 586.290
587.340 590.310
590.850 591.660
591.870 594.330
594.330 595.230
595.800 598.320
599.190 600.300
600.750 602.100
602.760 603.570
604.260 607.950
608.040 608.970
610.080 610.920
611.130 612.750
612.780 613.590
613.590 615.750
615.930 619.260
619.740 621.240
621.360 622.410
622.830 625.410
625.650 626.880
626.880 630.090
631.590 632.550
632.640 634.560
634.950 637.260
637.740 639.750
640.080 640.710
640.920 641.610
643.320 644.490
644.910 647.130
647.250 648.270
648.690 649.830
650.100 651.120
651.330 652.200
652.890 653.760
654.450 655.200
655.620 656.220
656.370 657.450
657.630 658.560
659.040 659.910
660.270 661.080
661.710 667.170
667.440 669.720
670.140 672.450
672.600 674.070
676.080 677.910
678.120 680.160
680.160 680.850
680.850 683.220
683.670 684.480
684.840 686.370
686.520 687.480
687.690 688.830
689.490 690.330
691.410 692.370
693.180 694.800
694.800 698.250
698.430 700.080
700.170 702.900
703.350 704.190
704.670 707.610
707.640 708.960
709.800 710.730
710.730 712.980
712.980 714.150
714.780 717.000
717.390 719.550
720.390 721.380
721.830 723.030
723.030 724.290
724.650 726.900
726.930 728.790
729.060 732.630
733.230 735.090
735.600 736.710
736.950 739.410
739.650 742.380
743.310 744.690
745.050 746.340
748.650 749.700
749.700 750.570
751.080 752.610
752.610 754.740
754.950 755.730
755.880 756.810
757.440 758.400
758.460 759.990
760.470 762.510
762.810 764.460
764.820 766.410
768.180 768.960
769.230 770.790
771.060 773.220
773.850 775.080
775.380 777.630
777.960 779.160
779.520 780.240
780.810 782.700
783.150 784.440
784.440 787.200
787.590 788.220
