0.780 1.860
1.950 8.520
8.520 11.640
11.640 19.920
20.130 24.810
25.170 33.180
33.180 37.080
37.080 45.060
46.890 54.540
54.780 58.560
59.670 63.540
65.400 72.240
73.410 78.660
78.780 82.590
82.590 87.780
88.380 94.590
95.250 102.300
102.690 118.770
119.400 123.510
123.510 124.560
124.560 129.270
130.200 131.670
131.670 138.630
138.630 142.110
142.380 149.670
149.910 153.000
153.000 161.580
161.580 166.260
166.710 172.740
172.740 177.600
177.720 181.560
181.560 185.040
185.040 195.060
196.110 203.760
203.760 205.860
205.860 208.710
208.710 212.340
212.430 214.680
214.710 219.360
219.360 221.640
222.540 228.570
228.570 232.920
232.920 235.050
235.050 244.440
244.560 252.990
253.050 259.620
260.190 267.750
267.750 271.980
