0.000 6.030
7.920 9.060
9.060 12.240
12.840 16.890
18.180 20.550
21.390 23.460
23.490 25.650
25.890 26.490
26.730 29.190
29.250 31.740
31.740 33.570
33.840 35.460
35.460 37.230
37.230 38.910
38.910 40.800
41.280 42.780
42.960 44.880
44.970 46.140
46.740 47.880
48.120 49.200
49.950 52.380
52.410 53.010
53.520 54.630
54.630 55.470
55.530 59.010
59.550 63.120
64.200 64.800
64.830 65.490
65.550 66.930
67.350 73.980
74.340 76.530
76.740 77.790
77.790 78.960
79.620 80.670
80.670 82.500
82.680 84.990
85.020 86.370
86.370 87.540
88.020 91.110
91.110 92.400
92.400 97.620
97.950 103.770
103.860 105.900
106.350 108.240
108.330 111.210
112.050 114.630
115.080 117.060
117.480 120.600
121.050 126.900
126.930 128.130
128.700 133.200
133.200 139.500
139.530 140.670
140.730 142.110
142.290 143.790
143.940 145.800
145.890 150.390
150.690 152.100
152.340 156.330
157.260 163.800
163.980 168.480
168.690 173.160
173.520 175.260
175.860 177.780
177.870 178.470
178.860 180.780
180.780 187.110
187.200 190.170
190.170 193.050
193.170 194.010
195.060 203.100
203.280 207.240
207.630 208.890
208.890 210.540
210.990 214.680
215.010 216.780
217.200 219.420
219.480 220.950
220.950 223.440
223.740 224.970
225.120 226.410
226.470 230.040
231.090 232.500
232.500 234.930
235.350 236.850
237.090 239.370
240.030 245.220
245.280 248.460
248.610 252.030
252.120 253.740
253.950 256.800
256.980 261.300
262.410 263.070
263.070 263.940
264.210 270.540
270.840 272.040
272.250 273.360
273.900 277.740
278.250 279.060
279.060 281.040
281.670 283.350
283.740 285.600
285.750 287.160
287.490 289.530
289.980 291.270
291.690 293.100
293.280 294.000
294.000 295.980
295.980 296.580
296.580 298.920
299.610 301.830
301.890 304.290
304.350 305.550
305.550 306.990
307.380 308.220
308.250 312.270
313.290 318.750
319.230 322.350
323.220 327.150
327.930 329.910
329.910 335.460
335.520 336.450
336.450 337.500
337.650 338.700
339.390 345.180
345.810 347.220
347.730 348.360
348.360 350.760
351.240 352.170
352.170 353.580
353.730 356.610
356.850 357.930
358.050 361.020
361.260 364.530
366.270 367.050
367.260 369.780
369.930 373.080
373.500 374.610
375.060 376.680
376.950 378.180
379.050 381.420
381.540 382.560
382.830 383.520
383.700 384.780
385.350 386.820
386.940 389.220
389.550 393.030
393.300 395.310
395.310 401.100
401.400 404.880
405.720 408.900
409.560 411.270
411.570 413.040
414.570 415.440
415.440 417.960
417.960 420.870
421.620 422.340
422.340 427.050
427.410 428.550
428.730 429.660
429.690 432.270
432.510 434.190
434.220 437.100
437.490 438.690
438.690 440.460
441.330 442.350
443.520 449.010
449.910 450.990
451.020 452.070
452.940 453.570
453.570 454.350
457.200 459.540
459.720 460.590
460.590 461.430
462.090 464.610
464.610 465.660
465.660 467.610
468.390 469.230
469.410 471.030
471.030 472.260
473.370 474.330
474.870 475.980
477.210 478.200
478.380 480.210
480.210 483.000
485.400 487.110
487.500 488.610
489.240 490.710
490.860 491.880
491.880 494.550
494.820 498.000
498.000 499.200
499.500 503.280
503.430 504.120
504.360 508.800
509.250 511.710
512.250 514.890
515.370 516.750
517.530 520.650
520.740 521.730
522.000 523.590
524.040 525.090
525.120 526.890
528.450 530.460
531.090 531.870
532.110 533.190
536.070 536.790
536.820 540.150
540.180 541.800
542.010 543.930
545.220 546.480
546.930 548.190
548.640 554.370
555.720 556.710
556.830 558.060
558.270 559.260
559.650 560.550
560.610 561.210
561.270 563.700
563.880 565.170
566.280 567.240
567.270 569.970
570.210 571.260
571.440 573.720
573.780 576.630
577.500 579.030
579.990 581.190
581.280 583.380
583.890 586.380
586.740 587.490
588.780 591.120
591.750 592.860
593.010 595.530
596.070 597.480
599.400 600.330
601.680 603.930
606.000 606.660
607.260 608.070
608.130 609.030
610.890 613.710
614.220 617.880
618.300 620.160
621.600 623.400
624.150 625.320
625.920 626.820
626.820 629.700
629.700 631.440
631.800 632.820
632.820 633.900
634.530 635.640
636.210 638.760
638.850 639.900
640.170 641.280
642.600 644.550
644.700 646.290
646.740 648.750
649.110 650.670
652.050 652.860
652.860 654.690
655.050 657.630
658.290 659.430
660.000 662.310
662.490 664.050
664.560 666.420
667.500 669.840
669.840 672.570
673.740 675.510
675.510 677.610
678.120 679.770
680.340 681.930
682.980 684.360
684.660 685.500
686.250 687.180
687.930 688.920
690.390 691.200
691.200 692.160
692.160 692.760
694.410 698.970
700.350 701.610
702.090 704.370
704.370 707.430
707.700 709.770
710.310 711.060
711.150 712.500
713.580 714.960
715.440 716.460
717.090 718.710
718.980 720.630
720.840 721.650
721.650 723.390
723.900 724.590
724.860 725.670
726.690 727.350
727.620 730.530
731.940 735.030
735.180 736.170
736.950 737.730
737.790 739.020
740.940 741.750
741.810 742.920
742.980 743.670
744.240 745.620
746.790 747.870
748.350 751.290
751.740 754.860
755.730 757.260
758.340 759.180
759.450 760.620
761.010 768.180
769.860 774.150
775.170 775.830
776.550 777.510
779.070 779.850
780.600 782.280
782.610 783.690
784.500 785.130
787.470 788.520
790.230 791.040
791.760 793.410
794.280 795.030
795.120 796.770
796.980 798.330
798.420 799.260
799.470 800.550
800.760 803.850
804.720 806.370
806.820 807.930
808.470 809.070
809.130 812.550
812.550 815.310
817.470 818.940
819.870 822.720
822.960 823.710
823.800 824.760
825.060 827.760
827.760 829.950
830.310 831.780
833.010 833.910
834.120 835.170
835.590 836.850
837.480 838.410
839.070 839.730
840.330 840.960
841.800 843.180
843.600 846.450
847.050 848.700
849.390 850.170
850.380 851.100
851.880 853.380
853.410 855.270
855.900 856.770
857.940 858.780
859.230 861.720
861.720 863.370
864.060 865.020
865.260 867.300
868.200 869.880
869.880 871.440
871.770 873.060
874.110 875.250
875.490 876.360
876.660 879.240
879.240 880.020
880.680 881.550
881.880 883.170
884.100 885.570
885.600 886.650
887.370 888.900
889.170 890.040
890.190 891.690
892.560 893.220
893.520 895.200
895.830 896.700
897.060 898.800
899.040 899.790
899.790 900.420
900.870 901.470
902.100 904.380
905.100 906.300
908.220 909.450
909.690 911.280
911.910 917.580
918.000 919.980
920.490 921.750
922.470 924.510
925.170 926.340
926.460 927.720
927.780 931.980
932.910 934.200
936.330 938.040
938.310 939.900
940.650 941.460
941.640 942.900
943.200 946.260
946.800 947.970
948.870 949.590
949.950 950.700
950.730 952.200
954.030 955.260
