0.060 18.840
19.740 25.230
25.470 26.610
26.760 27.900
28.080 32.820
32.970 35.820
35.910 38.070
38.130 40.830
40.830 44.730
44.730 46.500
46.650 49.050
49.650 53.700
54.090 55.290
55.290 58.140
58.770 61.950
62.040 64.680
64.680 66.210
66.270 67.650
67.650 69.180
69.870 73.620
73.620 78.150
78.270 80.610
81.420 88.020
89.610 92.310
92.520 95.400
95.460 99.060
99.120 100.440
101.310 103.020
103.110 106.110
106.350 107.250
107.280 108.330
108.690 112.200
112.860 117.390
117.390 120.270
120.270 121.710
122.430 123.390
123.390 127.770
127.770 132.420
