1.200 2.190
2.370 6.450
6.780 11.610
12.330 16.620
16.770 18.840
20.130 21.030
21.090 25.950
25.950 28.800
29.760 35.130
35.190 39.030
39.150 41.580
41.850 45.690
46.050 47.700
47.850 50.850
52.170 53.520
53.610 57.990
57.990 59.670
60.210 63.630
63.690 66.450
66.450 69.180
70.170 74.760
74.970 81.120
82.290 83.850
83.940 84.780
84.870 90.450
90.750 91.740
91.800 95.280
96.300 99.450
99.720 100.710
100.770 101.790
101.820 104.190
104.250 107.880
108.060 109.140
111.480 113.400
113.700 117.660
117.660 118.710
118.860 122.490
123.000 124.290
124.290 127.170
127.380 130.200
131.070 135.690
136.920 137.880
138.120 142.710
143.310 147.060
147.060 149.190
149.550 151.530
152.040 155.400
156.180 157.950
158.010 162.780
162.990 166.530
168.090 169.050
169.110 172.590
172.860 174.030
174.930 179.940
179.940 182.760
182.940 184.050
185.310 188.490
188.790 191.520
191.730 192.990
193.020 194.280
194.310 194.910
194.910 197.310
198.750 201.210
201.360 204.870
205.050 206.010
206.220 206.970
206.970 210.240
210.960 212.940
213.570 214.710
214.770 217.380
217.380 219.960
220.020 222.210
223.560 224.490
225.420 229.080
230.370 231.060
231.480 232.380
232.410 235.440
235.560 236.250
236.250 240.660
241.740 246.510
246.570 248.190
248.250 249.420
249.690 250.410
250.410 251.280
251.400 253.530
253.740 256.080
256.080 256.830
256.890 259.230
260.760 265.020
265.230 267.960
268.320 269.040
269.280 273.030
273.030 275.490
275.490 276.450
276.900 278.370
279.150 282.270
282.600 287.040
287.700 290.490
290.640 293.460
293.490 295.980
295.980 298.860
298.950 300.840
300.960 301.890
301.890 303.750
307.080 308.010
308.160 311.250
311.520 313.650
314.190 315.180
315.270 319.020
320.250 320.940
320.970 325.350
325.410 327.000
327.000 328.020
328.020 330.570
330.600 331.470
332.400 334.050
334.470 339.480
339.540 342.660
343.470 344.520
344.580 346.350
346.530 347.790
348.270 349.230
349.470 355.140
358.380 360.570
360.720 365.340
365.550 366.210
366.840 367.590
368.490 370.320
371.100 372.840
372.960 375.120
377.580 379.410
379.470 381.060
381.750 384.810
384.810 386.040
387.120 389.400
390.690 394.770
395.430 397.200
397.800 399.300
399.510 401.250
402.120 403.530
403.650 406.230
406.350 407.370
408.030 409.740
409.920 410.520
410.820 412.470
412.560 415.890
416.130 416.940
417.240 419.040
419.040 420.720
420.750 422.550
422.640 423.420
424.020 425.160
425.160 426.300
426.300 427.440
427.440 428.250
429.480 430.230
430.680 431.970
432.750 434.100
435.390 436.860
436.860 439.470
439.620 441.000
441.000 442.170
442.260 444.450
444.840 446.280
446.700 448.140
448.560 451.170
451.530 452.700
453.000 454.560
456.540 457.650
457.860 459.570
459.570 460.440
460.800 462.900
463.050 466.500
466.710 468.600
472.200 474.930
474.930 475.530
475.620 476.640
476.790 477.540
477.660 480.300
482.490 486.270
487.020 488.070
488.100 492.300
492.420 493.170
493.200 497.550
498.450 500.520
500.790 501.600
501.660 504.330
505.200 507.390
508.110 509.400
509.550 512.640
512.640 515.490
