1.230 2.220
2.280 8.850
8.880 11.520
12.420 17.760
18.450 23.100
23.280 24.780
24.960 31.020
31.980 35.190
35.220 38.070
38.280 41.940
42.450 43.470
43.560 46.200
46.200 50.910
50.940 53.040
54.480 58.140
58.140 61.410
64.650 65.670
65.760 68.730
68.730 69.420
69.420 72.510
73.230 74.220
74.220 77.220
77.280 79.710
80.010 81.150
81.270 84.090
84.690 85.590
85.710 87.930
89.250 93.180
93.630 97.320
97.620 99.600
99.600 101.280
102.030 104.520
104.520 105.300
105.390 108.330
108.330 111.270
111.270 112.230
113.640 115.650
115.650 118.170
118.560 122.850
123.300 126.030
126.270 129.870
130.800 132.390
133.290 135.330
135.450 137.910
137.940 138.750
138.870 142.500
142.560 145.170
145.530 146.550
146.610 149.070
149.670 152.400
152.400 153.360
154.200 156.750
157.260 160.500
160.650 164.760
164.760 166.770
167.940 170.760
171.690 174.000
174.060 179.100
