0.000 1.080
1.080 2.070
2.070 7.770
7.800 11.190
11.880 12.870
12.870 18.900
20.460 26.100
26.100 27.690
27.690 31.410
33.570 36.720
36.720 39.750
39.750 42.390
42.390 46.350
46.590 49.350
49.440 51.930
51.930 52.770
52.770 55.680
55.890 59.610
60.690 61.920
61.920 67.200
67.200 69.930
71.400 80.160
80.160 81.180
81.900 88.050
88.950 95.970
95.970 98.460
98.910 106.890
106.950 111.360
111.360 113.550
114.180 119.700
119.880 123.900
123.900 129.750
130.590 132.390
132.390 135.000
135.240 137.880
138.060 140.130
140.310 143.280
145.050 150.750
150.900 154.650
155.370 161.220
161.400 167.160
167.160 168.600
169.800 174.270
174.330 176.700
176.940 178.650
178.650 183.570
183.570 184.530
184.530 186.000
187.050 197.100
197.190 201.000
201.090 204.450
206.430 207.450
207.630 210.120
210.120 214.650
214.650 217.860
218.100 220.500
220.500 221.880
221.880 227.430
227.520 229.830
229.830 232.470
232.470 233.310
233.310 234.600
234.600 236.430
237.120 239.100
239.100 244.020
244.050 245.160
245.160 247.230
247.230 251.280
251.370 255.720
255.720 258.270
258.330 259.680
259.680 261.510
261.570 264.090
264.090 265.770
265.770 267.510
268.290 274.410
274.440 276.660
276.660 279.330
279.420 280.920
281.730 282.900
282.930 286.980
287.160 293.130
293.130 296.460
296.460 298.800
298.800 301.230
301.410 305.190
305.310 313.050
313.110 314.520
314.730 321.630
321.870 322.830
322.890 325.800
325.830 328.560
328.710 329.700
329.790 332.940
334.230 338.040
338.040 340.170
341.010 346.350
346.740 351.480
351.480 354.630
355.710 361.230
361.530 367.800
368.370 379.740
