0.780 1.680
1.680 5.070
5.250 11.880
12.030 17.340
17.340 23.070
25.020 33.540
33.540 38.580
38.730 45.690
45.930 52.680
52.680 59.280
59.790 62.400
62.490 73.890
73.920 81.510
81.690 90.750
90.750 96.810
97.050 98.850
99.270 101.070
101.190 106.770
109.350 114.960
115.050 119.460
120.120 124.620
124.800 127.620
127.740 132.810
132.810 136.200
136.200 141.990
141.990 151.140
151.260 155.490
155.580 162.390
162.930 173.970
175.110 176.580
176.580 181.380
181.380 189.330
189.480 199.350
199.350 212.490
212.610 231.480
231.990 242.910
244.830 254.550
254.640 260.370
261.030 263.160
263.850 268.350
269.460 274.290
274.320 276.420
277.200 283.170
284.190 290.610
290.670 298.950
299.070 306.360
307.800 313.230
313.230 316.590
316.740 322.410
322.770 327.150
331.770 337.230
339.390 342.930
345.480 351.090
351.720 356.130
356.130 360.030
360.120 367.620
368.040 369.630
376.350 378.600
