1.290 2.040
2.160 7.560
7.740 12.930
13.560 17.280
17.280 21.360
21.480 28.920
29.670 36.780
37.290 38.820
39.510 41.190
41.400 46.350
47.010 49.590
49.590 52.200
52.500 56.100
56.280 57.540
58.410 62.700
63.660 72.120
72.540 78.060
78.150 81.420
81.780 86.220
86.220 87.600
87.870 92.370
92.400 96.270
97.530 99.510
99.510 102.300
102.690 103.830
104.250 105.750
106.080 107.730
108.180 109.830
110.700 113.970
113.970 115.290
115.440 121.080
121.470 124.260
124.590 128.190
128.880 131.310
131.490 133.620
133.620 135.720
135.720 137.700
138.180 141.630
141.630 145.680
145.980 147.870
147.870 149.400
149.820 152.520
152.520 154.140
154.470 155.880
156.000 156.960
156.990 157.920
158.040 159.720
159.720 160.740
160.740 165.810
165.810 168.420
168.420 169.020
169.800 171.690
171.810 174.840
176.430 177.540
177.540 182.160
182.460 184.230
184.350 185.130
185.250 186.870
187.290 197.070
197.160 198.300
198.360 198.990
200.280 203.580
203.610 205.080
205.230 205.950
206.790 211.890
212.220 214.410
214.410 217.980
218.940 220.560
220.980 223.980
224.130 225.330
225.330 229.080
229.290 231.030
231.180 232.080
232.140 235.260
235.260 236.340
236.760 239.910
239.910 243.090
