0.000 6.030
10.830 11.760
11.790 14.820
15.270 19.710
20.580 21.690
22.170 25.980
26.100 28.110
28.680 33.210
33.450 36.270
36.840 40.020
40.020 41.670
41.670 42.750
42.750 44.520
44.790 45.960
45.960 49.710
49.890 54.990
55.350 59.040
59.040 59.910
60.030 63.030
63.060 65.250
65.310 71.220
71.280 76.320
76.350 77.760
77.760 83.790
83.790 84.990
85.230 90.810
91.110 91.710
91.980 98.610
99.210 101.820
101.940 103.050
103.050 109.080
109.380 110.370
110.610 117.480
117.660 120.390
120.390 124.740
124.740 128.610
129.030 134.010
134.850 139.380
140.130 143.370
143.370 146.250
146.310 148.500
148.560 151.860
153.030 160.170
160.170 161.640
161.790 165.030
166.050 173.340
173.400 178.440
178.830 179.460
179.820 186.090
186.390 189.480
189.540 193.080
193.800 194.820
195.360 196.320
196.440 197.580
197.820 199.710
199.950 201.750
201.990 208.380
208.560 210.540
211.560 217.650
218.100 220.020
220.440 227.190
228.030 232.080
232.380 235.680
235.800 239.430
239.550 241.470
241.680 246.270
246.360 252.660
252.930 254.190
255.060 255.900
256.140 256.920
257.010 259.260
259.260 260.220
260.340 269.070
269.580 270.690
271.050 274.320
274.470 276.600
276.900 279.450
279.810 281.250
281.370 283.170
283.500 288.540
288.570 290.700
290.820 292.500
292.500 295.350
296.730 297.840
297.960 301.830
302.430 304.590
304.620 307.620
308.190 310.980
310.980 312.930
313.980 314.760
