0.480 1.380
1.410 5.490
5.490 9.690
10.230 14.190
14.190 18.750
18.750 22.950
23.280 28.590
28.770 35.550
36.750 42.480
42.480 45.570
45.780 53.520
53.760 57.570
57.660 62.640
62.760 67.710
68.070 73.920
74.010 77.460
80.700 84.690
84.870 88.980
89.010 98.040
98.340 108.480
108.600 116.430
117.210 131.040
131.040 135.930
135.930 137.040
137.040 141.300
141.300 144.240
145.170 150.540
151.530 156.930
156.930 157.740
157.800 163.860
164.250 172.140
172.230 175.380
175.380 177.690
177.690 188.100
188.100 190.620
190.620 193.680
193.680 194.490
196.200 197.760
197.760 199.620
199.740 218.520
218.520 223.800
224.490 237.030
237.060 247.290
247.290 256.110
256.110 269.700
269.700 276.330
276.330 289.590
289.710 298.080
298.080 301.110
301.140 306.450
306.840 311.760
311.850 314.220
314.250 326.310
326.310 329.160
329.160 330.960
330.960 337.380
337.380 342.780
342.780 352.200
352.470 360.420
360.510 371.730
371.880 392.310
392.340 405.390
405.540 413.550
413.550 420.990
420.990 423.420
423.750 429.960
