0.000 6.630
6.630 12.480
12.600 21.570
21.870 28.560
28.560 31.260
31.260 36.540
36.810 38.940
38.940 40.980
40.980 45.420
45.450 48.900
48.900 50.430
50.430 57.810
57.990 60.510
60.510 67.530
67.590 77.010
77.040 80.790
80.880 84.120
84.120 95.190
95.970 96.660
96.660 102.150
102.210 105.630
105.930 110.460
110.460 122.070
122.490 129.180
129.240 135.360
135.660 138.570
138.570 141.900
141.960 145.590
145.590 149.580
149.580 152.490
152.730 156.450
156.450 158.700
158.700 160.260
160.260 162.240
162.240 167.040
167.370 169.830
169.830 171.900
172.230 175.200
175.200 179.700
180.000 182.850
182.850 186.330
186.330 188.280
188.400 192.750
192.750 195.180
195.180 196.500
196.500 199.980
200.250 204.330
204.330 207.090
207.270 211.110
211.110 217.380
217.380 221.970
221.970 226.050
226.080 230.160
230.160 232.620
232.620 239.310
239.310 244.110
244.110 248.580
248.730 252.180
252.180 255.240
255.240 257.970
257.970 262.230
262.230 265.020
265.020 267.450
267.690 272.730
272.970 280.440
