0.000 3.780
3.780 8.760
8.760 11.880
11.880 18.450
18.510 19.740
19.740 21.510
21.510 24.090
24.090 25.560
25.620 30.300
30.330 35.670
35.730 42.510
42.510 47.430
47.490 52.530
52.530 56.220
56.220 60.150
60.240 68.640
68.820 77.760
77.760 78.990
78.990 83.040
83.070 89.700
89.700 93.390
93.450 104.610
104.760 111.660
111.810 112.530
112.530 119.130
119.130 127.020
127.350 140.550
140.550 144.390
144.450 151.290
152.190 159.690
159.840 165.150
165.300 178.230
178.350 184.110
184.110 188.130
188.130 190.980
191.220 197.730
197.820 202.380
202.380 207.300
207.810 213.450
213.450 215.850
216.360 216.960
217.320 224.220
225.030 230.310
230.700 236.880
236.880 238.380
238.770 240.900
240.930 244.020
244.020 246.150
246.360 252.990
