0.000 6.090
6.090 7.020
7.830 13.560
13.860 16.920
16.980 22.260
22.890 29.430
29.430 30.840
30.990 36.810
36.810 38.520
39.540 43.740
43.770 48.090
48.600 50.100
50.100 51.930
52.230 58.020
58.170 64.560
64.830 68.340
68.520 71.040
71.850 72.960
73.170 76.830
77.190 81.180
81.270 83.610
83.610 84.240
85.230 87.930
87.930 93.660
94.200 96.120
96.120 100.710
101.100 103.830
104.040 107.490
107.520 108.360
109.200 114.270
114.630 119.430
119.610 121.380
121.410 124.530
125.550 128.250
128.250 130.710
131.430 135.030
135.030 137.040
137.640 139.260
139.260 140.580
140.580 142.650
143.100 147.750
148.230 151.590
151.590 154.950
154.980 156.690
156.960 162.570
162.900 165.150
165.240 167.880
168.150 171.270
171.630 175.140
175.140 176.310
176.940 180.660
182.100 188.130
188.730 191.190
192.240 193.170
193.470 195.930
196.290 198.480
199.080 200.250
200.280 201.630
201.870 205.260
205.260 207.210
207.960 211.170
211.470 214.950
215.760 218.640
218.640 221.460
221.460 223.110
223.350 224.250
224.610 227.220
228.870 230.400
231.570 236.070
236.130 239.340
240.060 241.050
241.080 244.620
244.920 245.790
246.060 246.690
246.690 248.220
248.550 249.390
249.450 250.680
251.220 251.970
251.970 254.880
255.450 257.400
257.460 259.890
260.520 262.680
262.770 265.440
265.590 266.910
267.180 269.040
269.670 270.660
271.440 272.790
272.790 274.050
275.190 275.940
276.870 278.850
278.850 281.550
281.550 282.390
282.390 284.760
285.030 285.630
285.900 286.950
287.580 289.560
289.680 290.430
290.490 292.770
293.040 293.880
294.390 298.080
298.080 298.860
300.270 300.990
301.800 302.400
302.400 303.540
303.810 304.590
304.830 305.970
306.210 307.140
307.470 310.620
311.220 312.030
312.270 313.920
313.950 315.810
316.800 317.400
317.610 318.720
319.440 320.340
320.340 321.690
322.200 325.290
325.290 328.050
328.050 329.460
329.460 330.750
330.750 332.250
