0.060 0.990
1.530 7.260
7.260 9.510
9.660 15.600
15.600 19.650
19.890 26.670
26.670 34.500
34.860 40.290
40.440 42.120
42.540 45.030
45.270 48.930
49.170 53.760
53.880 58.170
58.470 61.740
61.740 63.240
63.390 66.990
67.290 69.960
70.350 76.260
76.260 80.430
80.640 82.980
83.190 86.580
86.580 93.240
93.240 94.950
95.220 97.440
97.440 101.340
101.520 104.940
105.120 107.370
107.790 112.110
112.440 116.310
116.760 123.420
123.570 126.690
126.690 128.190
128.190 129.150
129.150 130.350
130.830 134.040
134.070 135.840
136.050 138.420
138.540 139.620
139.740 140.940
140.940 142.530
143.160 144.720
145.200 146.070
146.700 148.740
148.800 150.270
150.630 151.800
152.520 153.990
154.410 158.280
158.730 161.580
161.790 164.160
164.160 167.460
167.730 169.140
169.710 172.260
172.290 174.030
174.420 176.910
177.360 180.720
180.720 181.680
182.040 183.150
183.240 184.380
184.380 185.760
186.510 188.700
188.790 192.240
192.480 193.470
193.920 195.330
195.330 197.070
197.280 200.340
200.880 203.370
203.760 204.870
204.870 205.800
206.040 207.240
207.540 208.140
208.140 210.330
210.330 211.560
211.590 214.350
214.680 215.790
215.850 217.080
217.200 218.910
218.970 222.330
222.630 223.500
223.500 225.930
226.140 228.630
228.630 232.170
232.260 233.640
234.030 235.710
236.100 239.280
239.310 241.890
242.100 244.710
244.770 247.680
247.710 250.650
250.890 256.200
256.740 260.460
260.700 262.020
262.050 262.980
263.460 267.390
267.870 269.820
269.910 271.380
271.410 274.050
274.050 276.450
277.050 280.440
280.470 282.540
282.540 284.940
285.210 287.010
287.370 289.290
289.350 292.440
293.220 294.450
294.930 295.770
296.220 298.800
298.890 302.730
302.790 304.140
305.040 307.680
307.680 308.910
309.120 313.650
313.830 315.810
315.900 316.530
316.590 319.200
319.200 320.370
320.370 321.060
322.050 322.650
322.890 324.900
326.340 327.330
327.540 331.410
331.500 335.940
336.600 337.350
337.470 338.400
338.820 340.890
340.890 342.870
343.140 344.310
344.400 346.350
346.590 348.060
348.300 349.230
349.410 351.330
351.330 353.250
354.720 356.520
357.360 357.990
358.500 360.240
360.240 361.920
362.100 363.270
363.540 366.150
366.180 367.620
368.040 369.030
370.740 372.000
372.360 373.860
374.340 376.890
376.980 378.000
378.270 380.610
380.610 382.770
383.610 384.480
384.840 387.300
387.420 388.500
388.680 389.610
389.820 391.500
391.740 394.200
394.950 395.760
395.850 398.670
398.730 399.360
399.480 400.290
400.650 401.700
401.700 403.980
404.250 405.870
406.050 407.010
407.190 411.690
412.170 414.180
414.180 417.060
417.630 419.700
419.700 422.760
423.000 424.350
424.560 427.710
427.740 429.240
429.240 430.410
430.680 432.750
433.080 433.830
433.920 435.510
435.510 436.410
436.890 437.820
438.360 441.330
441.390 442.500
442.590 444.120
444.390 446.190
446.310 447.150
448.290 450.270
450.300 451.140
451.440 454.320
454.350 456.270
456.960 459.240
459.480 460.530
460.920 462.300
462.360 463.140
463.140 465.270
465.330 466.320
466.920 468.510
470.010 473.460
473.550 474.690
475.830 480.060
480.510 483.780
483.810 485.340
486.180 488.640
488.880 489.990
491.070 492.030
492.330 494.730
495.540 497.310
498.330 500.610
500.940 503.400
504.330 505.410
505.500 506.850
507.000 508.020
508.110 509.160
509.160 511.680
512.190 515.070
515.610 517.110
517.110 518.010
518.430 519.540
519.990 520.860
521.160 522.210
522.570 525.000
525.090 526.560
526.650 527.250
527.310 529.650
529.680 530.280
530.370 531.600
531.990 532.830
532.830 534.450
534.450 535.590
537.000 538.230
538.530 540.330
540.510 541.800
541.800 544.290
544.740 546.450
547.200 548.700
549.390 550.200
550.200 552.720
553.290 555.720
555.720 557.730
558.390 560.370
560.370 564.180
564.360 565.590
565.770 568.740
