0.000 6.900
6.930 10.950
11.040 16.650
16.650 18.300
18.450 23.130
23.130 24.090
24.090 33.480
33.690 41.700
41.790 44.910
44.910 46.740
46.740 49.980
49.980 51.780
51.780 60.450
60.630 66.690
66.690 68.520
68.670 70.050
70.050 74.880
74.880 77.760
77.760 79.320
79.380 85.620
85.620 87.840
87.900 90.180
90.210 91.890
91.890 92.880
92.880 97.200
97.200 99.240
99.240 101.760
101.790 105.120
105.120 111.090
111.600 114.840
114.840 118.470
118.650 129.930
130.110 136.260
136.260 139.620
139.650 145.530
145.710 152.940
152.940 156.810
156.810 159.420
159.420 161.520
161.520 167.790
167.850 170.130
170.160 177.000
177.000 181.140
181.140 184.170
184.170 186.600
186.600 190.650
190.740 193.050
193.470 205.560
205.590 207.810
207.960 210.690
210.900 215.220
215.220 220.320
220.350 226.380
226.410 231.600
231.600 235.380
235.380 241.020
241.020 247.770
247.770 251.040
251.040 259.170
259.170 260.220
260.220 262.560
262.560 269.790
269.820 271.530
271.530 280.470
280.560 287.340
287.370 299.370
299.400 304.050
304.110 308.070
308.070 310.140
310.200 313.470
313.470 315.660
315.660 320.670
320.730 323.550
323.550 326.490
326.490 328.710
328.710 333.600
333.600 335.010
335.220 338.130
338.160 341.820
342.300 350.190
350.190 357.480
357.480 363.600
363.600 367.170
367.170 372.750
372.750 383.040
383.340 384.270
