0.420 2.130
2.130 6.450
6.540 9.060
9.450 10.500
10.500 16.110
16.350 18.930
18.930 22.320
22.320 24.120
24.180 33.570
33.570 35.280
35.340 37.170
37.170 39.540
39.540 44.460
44.550 46.080
46.080 48.690
48.690 55.860
55.890 59.370
59.370 62.460
62.760 66.840
66.840 70.500
70.590 74.790
74.790 76.980
77.160 79.290
79.710 84.060
84.060 85.200
85.200 92.640
92.820 94.680
94.680 100.140
100.380 104.370
104.580 107.610
107.670 112.080
112.470 115.050
115.050 115.950
116.010 119.280
119.280 120.630
120.690 121.950
121.950 123.480
123.480 124.830
124.830 126.330
126.420 131.610
132.180 133.080
133.080 136.290
136.470 139.440
139.440 140.940
140.940 143.220
143.790 151.170
151.170 155.100
155.520 157.470
158.010 158.790
158.790 161.220
161.460 164.550
164.610 165.300
165.300 166.800
167.580 172.350
173.070 173.730
173.730 175.560
175.920 177.660
177.660 178.950
179.340 182.310
182.310 184.110
184.170 185.700
186.420 188.430
188.910 189.510
189.510 191.910
191.910 192.600
192.600 195.690
195.690 200.070
200.160 201.750
201.900 203.010
203.010 205.080
205.080 207.990
208.380 213.120
213.120 213.750
213.840 216.720
217.500 218.970
219.930 221.250
221.970 225.090
225.690 226.710
226.800 230.160
232.020 239.880
239.970 240.570
240.600 244.050
244.620 249.750
250.950 252.930
253.320 257.010
258.060 259.980
260.250 261.450
261.750 262.440
262.650 264.570
265.230 267.060
267.060 268.380
269.370 270.360
272.580 275.760
275.970 278.820
278.820 281.640
282.270 284.370
285.690 287.970
288.480 289.860
290.340 291.360
291.360 292.350
292.470 294.390
294.960 296.280
297.240 298.170
298.380 299.940
300.300 301.770
302.310 304.860
304.860 306.720
306.780 308.940
309.210 310.020
310.320 311.430
311.850 312.840
313.200 314.910
316.770 317.400
318.090 319.620
322.440 323.820
324.750 325.980
326.550 327.210
327.300 331.680
331.740 333.390
333.510 335.310
335.400 337.410
337.500 338.760
339.600 340.290
340.590 342.510
343.260 344.100
344.100 345.270
345.330 347.010
347.400 348.630
351.180 352.620
353.190 358.500
358.950 360.660
361.860 362.820
363.150 364.260
364.260 366.660
366.690 367.800
369.450 371.610
373.380 374.670
374.850 377.310
378.960 380.490
380.940 381.780
382.350 385.770
386.130 387.900
388.380 389.700
390.390 391.590
392.040 394.020
394.020 395.340
395.730 396.960
397.050 397.830
398.040 399.360
399.570 400.320
400.800 401.790
402.120 403.110
403.920 405.420
406.290 409.080
409.470 410.760
411.360 413.370
413.460 414.060
414.600 416.340
417.090 418.560
418.560 421.110
421.320 422.580
422.700 424.020
425.280 425.880
425.880 427.830
427.830 429.300
429.360 430.560
430.950 431.700
431.940 433.050
433.350 435.360
435.510 436.110
436.260 437.370
438.060 439.710
439.830 440.430
440.550 441.690
442.350 444.090
444.810 447.030
447.630 448.680
448.680 449.730
451.050 452.400
452.850 454.020
454.770 455.790
456.210 459.300
459.690 461.070
461.250 462.360
462.990 464.520
464.730 465.330
465.540 466.500
466.560 468.960
468.960 470.820
471.510 473.310
474.030 475.680
476.910 477.840
477.960 479.100
479.760 480.660
480.660 483.120
483.120 485.250
485.640 487.110
489.270 490.680
491.460 492.480
493.350 494.610
494.610 496.350
496.350 497.220
497.700 498.720
498.780 499.830
499.860 501.540
501.870 503.520
503.820 505.230
506.160 506.760
506.760 508.440
508.500 509.460
509.820 511.290
511.890 512.490
512.490 513.630
513.870 515.280
515.670 516.540
517.020 518.670
518.730 520.080
520.710 521.610
521.790 523.020
523.170 524.700
525.240 526.170
527.280 528.510
528.780 529.800
530.070 531.540
531.570 532.170
533.430 534.030
534.030 535.230
535.410 537.120
537.330 539.730
539.820 541.200
542.160 544.590
544.650 545.430
545.520 546.210
546.810 548.460
549.930 551.340
551.430 553.530
553.980 554.820
557.640 558.600
560.130 561.840
561.840 564.090
564.630 567.060
567.660 571.410
571.740 572.490
572.670 573.900
574.770 576.270
576.390 578.130
578.220 579.090
580.950 583.530
585.270 586.050
586.260 586.890
587.190 588.390
588.480 589.080
589.200 590.370
591.060 591.900
592.410 593.340
593.910 595.110
595.740 596.490
596.790 597.750
598.590 600.120
600.840 603.630
604.620 605.220
607.230 609.180
610.350 612.240
612.780 614.190
615.630 616.590
618.150 619.050
619.050 619.830
621.030 622.320
622.890 624.210
626.760 628.560
629.790 631.170
632.910 633.810
634.860 636.000
636.030 637.590
638.490 640.050
640.770 642.420
643.290 645.480
647.760 648.390
648.780 650.250
650.430 651.240
651.720 653.340
653.730 655.410
655.830 657.270
657.900 659.490
659.730 660.390
662.670 666.360
666.630 667.860
669.510 670.920
670.920 672.030
673.050 674.280
674.280 675.840
675.840 676.920
676.920 677.520
678.180 679.530
679.530 680.130
680.220 681.150
682.050 683.220
684.240 685.410
685.740 687.210
688.020 689.340
689.340 690.000
690.000 691.050
691.140 692.730
692.760 693.660
694.170 695.460
696.030 696.990
697.350 699.180
699.510 700.110
700.470 702.390
702.840 703.860
704.370 705.240
705.840 708.000
708.300 709.380
709.800 711.690
711.720 712.530
713.100 713.910
714.870 716.070
716.700 717.720
718.080 719.730
720.750 723.240
723.300 724.410
724.770 725.370
725.700 727.140
727.650 728.640
728.640 730.050
730.080 731.310
731.430 733.020
733.950 736.770
737.460 738.750
742.140 743.520
744.420 745.620
746.340 747.690
747.720 748.980
749.940 750.690
750.690 751.500
