0.720 8.310
8.310 10.350
10.500 17.640
17.640 19.230
19.230 24.270
24.420 29.100
29.100 33.180
33.300 41.550
41.610 44.580
44.580 48.270
48.660 51.240
51.270 54.540
54.540 58.140
58.230 60.120
60.120 61.320
61.380 65.370
65.580 69.810
70.020 75.600
75.720 79.440
79.470 81.930
82.200 85.950
86.130 90.330
90.480 93.420
93.420 95.610
95.610 97.980
98.130 100.140
100.230 103.500
103.500 105.600
105.630 108.330
108.510 112.830
113.070 115.950
116.220 117.360
117.570 118.740
118.920 121.440
121.500 123.660
123.900 125.520
125.640 128.490
128.490 131.400
131.760 133.500
133.710 137.160
137.280 138.630
138.630 139.620
139.620 142.200
142.590 144.690
144.810 146.700
146.760 148.860
148.860 151.170
151.350 152.760
153.030 154.710
155.340 157.590
157.770 160.260
160.440 161.880
162.300 163.350
163.500 164.610
165.420 167.220
167.520 168.840
168.930 169.560
169.560 170.970
170.970 172.320
173.070 174.630
175.020 175.620
175.620 176.760
176.760 179.310
179.310 181.020
181.020 182.070
182.220 184.080
184.140 185.490
186.390 187.230
187.770 189.150
189.360 191.160
191.190 192.360
192.390 193.170
193.230 194.430
194.850 196.110
196.110 198.300
198.300 199.470
199.860 202.290
202.440 207.030
207.510 208.650
210.300 212.010
212.190 214.440
214.440 215.880
215.910 218.040
218.100 219.180
219.390 221.040
221.100 222.480
222.600 225.660
225.720 227.010
227.010 227.850
227.850 229.980
230.370 232.470
232.470 233.100
233.430 235.290
235.410 236.640
236.670 237.690
238.890 240.720
240.870 241.980
242.190 243.330
245.100 247.110
247.890 249.210
249.210 251.700
251.820 253.320
254.100 254.910
255.090 255.990
256.410 257.850
258.780 261.630
262.260 263.460
263.460 264.600
265.380 265.980
267.120 268.200
269.280 270.750
271.620 273.000
273.060 273.900
276.630 277.410
278.220 279.060
279.210 280.590
