1.230 11.220
11.220 13.320
13.470 20.550
20.940 26.790
26.790 30.330
30.630 33.240
33.240 34.260
34.260 36.210
36.210 37.170
37.170 39.810
39.810 41.760
41.850 43.110
43.110 44.910
45.300 46.260
46.260 50.520
50.760 53.370
53.400 55.800
55.800 57.390
57.570 60.180
60.180 63.900
64.050 65.940
66.180 68.100
68.100 70.140
70.860 72.780
72.780 74.910
75.030 76.170
77.250 78.810
78.810 81.270
81.270 83.670
83.670 87.630
87.720 89.280
89.280 90.450
90.600 92.010
92.040 95.490
95.670 96.840
96.840 98.520
98.520 99.570
100.620 101.910
101.910 103.860
103.920 105.690
105.750 106.710
106.860 110.130
110.130 111.060
111.810 112.650
112.800 114.480
114.690 115.920
115.950 117.870
118.050 120.240
120.240 121.140
121.140 122.550
122.550 123.510
123.900 125.220
125.220 128.970
129.300 138.030
138.240 142.740
142.770 144.330
144.690 148.890
148.890 152.190
152.220 155.130
155.280 158.040
158.130 160.770
160.770 162.300
162.630 163.860
163.860 165.030
165.120 165.960
166.020 167.430
168.690 169.620
169.860 172.320
172.320 174.960
176.070 178.770
179.430 181.020
181.290 182.520
182.550 183.750
184.830 188.310
188.310 189.300
190.020 192.720
193.290 194.460
195.390 196.950
197.280 198.540
199.080 200.730
200.730 201.720
202.470 205.170
205.170 207.210
207.360 210.960
211.140 216.300
216.360 219.690
219.780 220.590
220.590 221.190
221.190 222.300
222.300 224.760
