1.020 2.250
2.250 4.080
4.080 6.960
6.960 10.770
11.190 15.300
15.300 19.500
19.500 21.030
21.030 24.870
25.140 28.320
28.320 30.960
31.050 34.620
34.830 38.970
39.090 41.910
42.450 44.250
44.340 45.660
45.690 48.990
48.990 51.210
51.210 53.490
53.730 58.740
58.950 60.180
60.240 63.180
63.510 65.490
65.490 66.780
66.960 69.300
69.390 71.730
71.880 75.990
76.200 78.360
78.360 80.670
80.940 83.130
83.130 85.230
85.890 89.040
89.160 91.800
91.950 93.810
93.810 95.490
95.790 98.760
98.760 101.100
101.400 103.530
104.010 116.670
116.670 119.370
119.730 124.560
124.860 126.840
127.110 129.600
129.720 130.320
130.320 134.070
135.270 136.710
137.310 141.150
141.270 142.800
142.830 143.940
144.870 149.400
149.400 152.970
152.970 155.280
155.430 158.730
158.790 160.920
160.920 162.870
162.870 167.070
167.670 168.810
169.440 171.540
171.540 172.620
172.650 175.050
175.110 176.160
176.160 177.900
178.110 179.100
179.100 183.510
183.540 185.160
185.160 186.870
187.560 190.890
190.890 193.170
193.500 195.840
195.900 197.910
198.270 199.890
199.920 200.610
200.610 203.460
203.760 205.560
206.040 206.640
206.760 207.780
208.650 210.480
210.870 212.160
212.700 213.600
213.660 215.700
215.940 216.810
216.870 218.040
218.400 220.470
220.470 222.600
223.140 225.000
225.720 227.760
227.880 229.950
230.520 231.930
231.930 232.920
233.010 234.060
234.060 234.960
237.510 238.530
239.220 240.480
241.230 242.910
243.630 244.470
244.470 246.060
246.570 248.610
248.850 250.110
250.110 252.300
252.570 253.740
254.700 255.870
256.650 257.670
258.240 258.930
258.930 260.160
261.030 262.770
262.770 264.000
264.000 266.880
267.060 267.840
268.230 269.070
269.070 270.150
271.050 272.070
272.550 273.990
274.500 275.700
275.880 277.020
277.230 277.890
278.010 279.870
280.650 281.700
284.370 284.970
284.970 287.370
287.370 288.180
288.780 290.400
291.300 292.470
292.500 293.700
293.910 294.900
295.410 297.000
297.690 298.560
298.560 300.660
301.080 302.850
303.750 304.830
305.730 308.910
308.910 309.780
310.140 311.580
311.820 313.050
313.110 313.920
313.920 314.820
315.300 316.470
316.740 317.580
317.820 318.690
319.230 320.100
320.250 321.810
322.350 323.190
323.190 324.150
324.360 325.830
325.830 327.120
327.330 329.190
329.910 331.170
331.320 332.220
332.310 333.390
333.420 334.320
334.650 335.550
336.360 337.350
337.350 338.340
338.850 340.170
340.710 342.480
343.110 345.360
345.480 346.140
346.140 347.610
348.390 349.590
350.430 352.020
352.320 353.280
353.460 354.720
355.650 357.540
358.350 360.840
361.950 363.060
364.830 366.390
366.750 367.740
368.520 370.290
370.470 371.400
371.850 373.680
373.680 374.550
374.910 376.560
376.560 378.060
378.750 380.670
381.060 382.380
383.760 385.770
386.940 388.530
389.850 391.980
392.040 393.090
393.090 394.140
394.140 395.430
396.360 397.710
398.730 400.230
400.380 402.450
403.470 405.030
405.330 406.320
406.320 409.050
409.140 410.880
411.900 414.930
414.930 415.890
417.060 418.410
419.760 420.960
421.050 423.000
423.000 424.380
425.730 427.710
429.240 430.410
431.130 432.810
433.590 434.580
435.810 436.650
436.650 437.430
439.710 441.210
441.390 442.950
443.310 444.450
445.230 447.390
448.200 449.760
449.790 451.140
451.650 453.030
453.480 454.590
454.590 457.080
457.110 459.870
460.650 461.940
462.180 465.330
