0.990 6.240
6.240 8.700
8.700 14.460
14.580 21.510
22.080 26.190
26.550 27.690
27.690 30.180
30.450 31.860
31.860 35.730
36.240 40.800
40.980 44.550
44.610 48.360
48.630 51.390
51.420 52.170
52.170 53.160
53.160 54.780
54.780 56.430
56.430 62.040
62.580 66.060
66.150 70.740
70.920 74.100
74.100 76.380
76.500 78.090
78.120 80.670
80.670 82.020
82.260 84.180
84.180 85.290
85.650 87.750
88.350 89.520
89.580 90.480
90.480 94.740
94.830 99.630
100.260 103.230
103.320 104.730
105.180 106.800
106.800 108.630
109.560 112.470
112.770 115.320
115.410 118.500
119.010 120.420
120.420 122.850
122.910 125.370
125.670 128.820
129.360 131.280
131.280 132.480
132.840 135.450
135.480 137.580
137.580 138.420
138.930 140.460
142.110 144.510
144.570 146.520
146.520 147.870
147.960 149.190
149.400 151.140
151.140 154.140
154.800 157.020
157.020 157.680
157.770 159.090
159.120 161.070
161.100 162.960
163.440 164.850
166.500 167.190
167.280 168.810
168.870 170.700
171.600 172.500
173.310 174.840
175.650 177.120
177.540 178.650
179.310 180.510
180.900 182.130
182.520 185.100
185.790 188.370
188.640 189.420
189.510 190.680
192.180 193.080
193.140 194.160
194.550 196.740
196.740 198.060
198.300 200.130
200.280 202.350
202.350 203.070
203.340 204.660
205.230 207.150
207.420 210.960
211.170 212.520
213.360 214.890
214.890 216.330
216.330 218.190
218.190 219.660
220.530 222.270
222.270 224.280
224.310 225.390
225.540 226.380
226.680 227.910
228.120 229.440
229.440 230.490
230.670 231.720
231.780 233.190
233.340 234.540
234.690 235.530
235.530 237.990
238.170 239.730
239.880 241.830
242.940 243.540
243.600 244.800
246.540 248.490
248.730 249.600
250.470 251.370
