0.000 13.650
13.680 24.150
24.150 36.060
36.060 60.150
60.150 78.090
78.180 84.930
84.930 118.950
119.100 121.770
121.770 126.030
126.030 146.700
146.820 150.750
150.750 168.870
168.900 176.280
176.280 227.430
227.430 236.580
236.580 253.290
253.290 265.380
265.440 276.150
276.150 278.580
278.850 308.760
308.760 339.780
339.780 346.380
346.380 349.920
350.040 362.010
362.010 368.160
368.160 379.350
379.440 401.550
401.670 432.510
432.510 468.150
468.150 475.950
475.950 481.050
481.050 498.150
498.150 520.050
