0.120 0.990
1.050 6.300
6.300 10.560
10.890 14.070
14.070 18.210
18.240 19.920
19.980 23.400
23.400 26.640
26.730 29.640
29.640 32.250
32.550 39.180
39.180 42.720
42.750 47.760
47.760 49.650
49.650 51.210
51.540 65.100
65.580 74.730
75.000 80.460
80.610 85.800
86.040 89.850
90.510 91.920
92.160 96.060
96.060 97.080
97.170 97.830
97.830 103.560
103.590 104.910
104.910 106.380
106.380 109.500
109.500 111.570
111.570 112.770
112.800 113.880
114.120 122.760
122.760 125.550
125.760 127.590
127.950 131.190
131.250 134.760
134.760 135.510
135.510 139.350
139.410 141.300
141.300 143.130
143.610 145.650
146.130 149.520
149.580 153.180
153.540 155.850
155.940 157.620
157.620 159.780
160.020 163.560
163.860 166.050
167.190 168.570
169.590 173.670
174.450 177.960
177.960 181.380
181.590 183.510
183.540 186.450
186.450 187.470
187.800 191.220
191.310 192.210
192.210 193.920
194.280 195.750
196.350 199.260
200.400 202.380
202.380 203.910
203.910 205.860
206.280 209.820
210.150 210.840
210.870 211.560
212.130 213.990
215.070 217.590
217.980 219.900
219.900 222.090
222.090 223.800
223.980 225.120
225.120 226.140
226.770 228.210
228.870 230.460
230.460 231.600
232.080 233.520
233.820 234.420
234.450 235.620
236.460 238.320
238.380 240.690
242.040 243.210
243.840 245.460
245.520 247.950
247.950 250.170
250.650 253.800
253.800 254.490
254.760 255.630
255.900 257.760
257.760 259.170
260.130 261.060
261.390 263.400
263.490 264.330
264.480 265.740
265.740 267.270
267.510 270.420
271.620 274.260
275.580 277.470
278.610 279.660
279.660 282.330
282.360 283.440
283.440 285.540
286.110 287.760
288.690 289.410
289.440 291.060
291.750 293.460
294.990 295.590
295.620 296.940
298.050 298.650
298.650 299.640
299.790 301.200
301.200 301.950
302.490 303.750
305.730 308.670
309.270 310.590
310.890 312.510
313.800 314.400
314.460 315.750
316.650 319.680
320.730 323.160
323.460 324.420
324.840 325.710
325.860 327.180
327.180 329.130
329.490 330.900
330.930 332.760
333.060 334.350
334.920 335.880
336.810 338.250
338.250 338.970
339.180 340.920
341.130 342.180
342.330 344.730
345.210 346.200
346.530 347.220
347.250 350.010
350.070 351.900
352.200 354.090
355.860 357.810
357.870 358.800
