0.000 5.160
5.160 12.300
12.300 14.250
14.400 23.580
23.580 34.650
34.710 39.570
39.720 42.990
42.990 47.340
47.850 51.660
51.690 54.030
54.660 56.850
56.850 57.540
57.630 60.840
61.020 66.900
67.260 73.710
73.800 77.940
78.000 79.230
79.230 82.110
82.110 85.890
85.950 89.130
89.460 90.240
90.480 97.740
97.890 99.150
99.690 102.990
103.410 104.700
104.820 106.530
107.070 107.850
107.850 110.940
111.360 112.740
112.740 114.150
114.300 116.610
116.730 118.950
118.980 120.690
120.690 121.560
121.950 124.950
125.340 127.140
127.320 128.970
129.540 133.020
133.020 134.730
134.730 138.540
139.380 140.760
141.030 141.900
141.930 145.020
145.290 146.850
146.910 148.470
148.470 149.520
149.760 151.350
151.470 152.490
153.300 154.200
154.320 155.580
155.790 157.740
157.830 159.060
159.210 163.110
163.110 164.040
164.460 166.080
166.230 167.580
168.120 170.010
170.010 171.300
171.300 171.960
171.960 173.940
174.120 176.610
177.000 178.860
179.010 181.050
181.080 186.090
186.510 187.650
187.680 188.670
189.120 192.390
192.690 194.400
194.400 195.330
195.330 197.490
197.700 199.020
199.020 199.890
199.950 202.380
202.380 203.310
203.460 204.360
204.600 205.650
206.520 208.590
208.680 211.500
211.500 212.400
212.580 214.470
215.520 216.270
216.270 218.070
218.280 219.780
220.290 221.040
221.040 223.380
223.380 225.210
225.240 226.260
226.260 227.820
228.120 229.110
229.140 231.600
231.870 232.470
232.470 233.460
235.920 237.960
239.010 243.420
243.690 244.680
245.850 247.200
248.160 249.120
249.510 252.750
252.750 254.160
254.160 255.450
255.960 257.850
258.000 259.200
261.750 263.040
263.550 267.150
267.270 270.120
270.420 271.500
272.100 273.210
273.390 276.150
276.600 278.760
279.750 280.680
280.770 282.720
283.260 284.880
285.180 288.660
288.930 290.460
293.010 294.540
295.350 296.610
297.180 298.440
298.920 300.030
300.990 302.160
302.490 306.870
307.050 308.820
309.000 309.960
310.950 312.270
312.300 313.770
313.950 314.940
316.380 318.510
318.870 320.280
320.310 321.540
321.690 323.610
323.730 325.200
325.920 326.760
326.910 327.780
327.810 329.580
331.020 332.190
332.400 333.570
335.190 336.480
337.950 339.150
340.050 341.280
341.430 342.540
342.540 343.350
344.010 345.330
345.540 347.940
348.000 349.710
349.710 350.550
351.360 352.680
352.860 353.940
356.400 357.570
357.660 358.650
360.150 360.900
360.900 362.580
363.150 364.680
365.070 365.670
366.000 367.290
367.560 369.030
369.150 370.530
370.740 373.170
373.170 375.030
375.090 375.930
375.930 379.170
379.170 380.250
380.370 381.870
382.200 384.060
384.510 385.890
386.010 387.150
388.980 389.700
390.120 392.310
392.490 395.280
395.850 396.600
398.700 399.840
400.020 401.340
403.140 404.490
405.060 406.380
407.370 408.660
409.530 410.430
411.450 412.200
412.470 413.880
414.540 415.710
416.190 417.060
417.180 418.200
418.350 419.520
419.520 420.900
421.290 422.370
423.900 424.860
425.340 426.930
427.830 429.300
429.390 430.800
431.370 432.270
433.260 435.240
436.470 437.310
437.550 438.330
438.330 439.470
440.010 441.570
441.570 442.320
442.320 443.190
443.190 444.240
444.450 445.740
446.040 447.030
448.200 449.460
451.140 452.850
452.880 453.630
454.920 455.790
456.090 457.020
457.290 457.980
458.190 459.690
460.380 461.640
461.640 463.080
463.350 464.730
464.730 465.510
465.630 466.980
467.250 467.850
467.880 469.260
470.310 471.900
472.560 473.340
473.760 474.990
475.410 476.430
476.820 478.170
479.250 480.960
483.570 484.680
485.790 486.720
487.290 488.580
489.780 491.910
492.330 493.260
493.350 494.130
494.400 495.240
496.230 497.130
498.210 499.170
500.160 500.940
501.780 503.100
504.660 505.680
506.400 507.510
508.590 510.390
510.660 512.070
512.640 514.080
514.980 516.240
516.300 516.900
517.860 518.880
519.480 520.860
522.660 523.410
523.560 524.820
527.400 528.600
528.600 529.200
529.230 530.340
530.340 532.110
532.170 533.340
534.480 535.530
536.400 537.810
538.440 539.670
540.630 541.620
545.160 546.390
546.810 548.130
549.390 550.410
551.370 552.300
553.800 554.670
554.880 557.250
557.280 558.420
558.750 560.370
560.490 561.510
563.070 564.030
564.180 565.350
