0.000 5.400
5.400 10.080
10.110 14.670
14.970 30.300
30.450 33.330
33.390 37.290
37.290 43.770
43.770 60.360
60.360 62.580
62.940 64.290
64.320 65.160
65.190 78.540
78.570 85.410
85.800 87.270
87.270 89.040
89.130 90.450
90.450 91.860
91.890 94.380
94.380 101.400
101.400 102.360
102.660 106.830
106.830 108.900
108.990 111.150
111.150 114.000
114.000 115.170
115.890 117.840
117.960 119.910
120.120 121.380
121.380 125.070
125.070 126.240
126.540 127.980
127.980 129.510
129.510 131.370
131.370 133.620
133.620 135.630
135.660 136.920
137.520 139.110
139.980 141.840
141.960 143.070
143.280 146.700
146.730 148.770
148.920 150.270
150.510 151.500
152.190 152.790
152.910 153.720
153.720 157.380
157.380 158.580
159.000 160.230
160.890 164.190
164.190 167.250
167.250 169.440
169.440 171.030
171.210 172.380
172.920 173.670
174.990 176.610
177.210 178.650
178.950 180.750
180.750 181.980
182.310 184.020
185.190 185.910
186.180 188.010
188.610 190.590
190.590 192.630
192.870 195.570
195.690 197.250
197.760 200.430
200.430 202.080
202.260 203.790
203.970 206.730
206.730 208.800
209.820 211.050
211.860 212.820
213.000 215.670
217.140 220.320
220.380 222.150
222.150 223.890
224.250 229.500
229.500 230.280
230.730 231.870
232.530 233.670
233.880 236.040
236.040 236.790
237.120 238.500
238.500 239.250
239.940 241.500
241.830 244.500
246.240 247.710
248.580 250.380
250.500 251.610
251.820 252.720
252.720 253.620
253.620 255.630
255.750 257.190
258.060 260.640
261.180 261.990
262.380 263.610
264.210 265.200
265.560 266.670
267.120 268.440
269.130 269.940
270.270 273.210
273.510 274.740
274.830 276.630
276.690 277.950
277.950 279.660
279.840 281.100
282.270 283.770
284.820 285.810
286.530 289.050
289.470 290.490
290.940 292.110
292.350 293.340
294.150 295.230
296.190 297.060
299.490 300.510
300.690 301.950
302.430 303.570
303.570 306.390
306.930 308.160
308.280 309.510
309.600 310.440
310.440 311.130
311.130 312.450
312.510 313.680
313.950 315.540
316.740 319.680
319.680 320.880
320.970 322.350
322.890 324.510
324.900 326.520
326.580 328.290
328.530 329.190
329.850 330.870
331.650 332.430
332.430 333.990
335.130 336.570
338.220 338.910
339.450 340.590
341.580 342.750
343.980 345.210
345.510 346.770
347.310 348.390
348.390 349.080
349.080 349.860
350.190 351.060
351.870 352.560
352.560 353.430
353.760 355.350
356.430 357.630
358.350 360.330
360.750 361.800
361.800 362.640
362.640 363.810
363.870 365.070
365.850 366.780
366.870 368.820
368.880 370.080
370.500 372.030
372.030 372.960
373.770 375.270
375.270 376.140
376.260 377.610
378.540 379.830
380.880 381.990
382.110 383.700
383.700 384.420
385.380 386.490
387.720 388.740
388.740 389.520
389.670 390.750
391.950 393.180
394.470 396.420
396.570 397.800
399.450 400.980
402.450 403.230
403.230 404.760
406.110 407.100
407.340 408.390
408.810 409.950
411.120 412.080
412.200 414.360
416.010 417.300
418.710 420.660
421.140 422.520
424.380 426.030
426.060 428.280
428.280 431.670
431.670 432.930
432.930 433.980
435.240 436.920
436.920 439.320
440.160 443.280
443.310 444.600
445.230 446.790
447.090 449.700
450.930 452.640
453.240 454.350
455.040 456.720
456.810 457.470
457.470 459.450
459.690 461.550
461.550 462.660
462.660 463.500
464.250 467.880
468.480 472.470
473.010 474.420
