0.030 10.710
10.890 16.560
16.560 24.450
24.510 27.240
27.240 35.670
35.670 43.920
43.920 46.500
46.500 49.860
49.860 52.080
52.080 55.620
55.650 66.060
66.060 68.340
68.730 75.900
75.900 81.570
81.870 84.180
84.210 89.400
89.490 92.940
92.940 97.920
97.950 102.060
102.060 103.260
103.260 108.540
108.540 109.680
109.680 110.970
111.960 114.540
114.540 118.740
118.740 120.270
120.630 121.590
121.830 126.390
126.600 127.260
127.440 129.450
129.450 136.650
136.830 140.580
140.670 141.390
141.390 145.200
145.410 148.500
148.890 153.990
154.950 157.020
157.320 158.430
158.460 159.840
160.260 161.490
161.490 162.660
162.750 164.130
164.220 165.810
166.350 168.540
168.990 170.250
171.060 173.940
173.940 174.960
175.050 176.340
176.790 181.320
181.440 183.780
184.050 185.400
185.430 186.630
186.750 188.040
188.220 192.150
192.510 193.920
194.400 195.300
196.470 198.780
199.170 200.040
200.040 201.120
201.210 202.020
202.170 203.130
203.880 204.750
207.120 208.260
208.590 209.190
209.190 210.240
210.390 211.650
211.770 212.820
214.800 215.640
215.940 219.750
220.020 222.660
222.720 224.550
224.550 225.930
227.040 228.030
228.030 230.700
231.030 231.630
233.040 233.700
233.820 234.690
234.690 235.710
235.830 236.610
236.700 237.750
237.930 239.130
240.240 241.620
241.620 243.840
244.050 245.190
245.340 246.390
247.140 248.850
249.870 250.800
251.190 252.180
253.590 254.850
254.910 255.540
255.630 257.820
259.170 260.010
260.670 261.600
262.110 263.070
263.460 264.240
264.300 265.380
266.730 267.780
267.870 268.740
269.430 270.600
270.690 271.710
271.740 273.180
273.810 274.710
274.710 275.820
276.630 277.860
278.310 278.970
278.970 280.500
280.830 282.030
282.030 284.130
284.130 285.510
287.340 288.810
288.930 289.710
290.370 291.510
291.510 292.470
293.670 294.540
294.600 296.070
296.190 297.510
298.560 299.640
299.640 300.690
300.690 301.920
302.340 303.480
303.630 304.500
304.500 305.400
306.030 306.630
306.660 307.530
307.860 309.390
310.050 310.950
311.790 313.830
313.980 314.580
314.640 316.050
316.530 318.360
318.810 321.810
321.960 323.910
323.940 324.990
326.340 328.320
329.220 330.300
330.330 331.410
331.500 333.570
334.560 336.810
337.770 338.370
338.550 339.270
339.780 340.440
340.440 341.280
341.340 343.080
344.130 345.150
346.230 346.950
347.100 347.940
348.960 350.370
350.940 352.740
354.030 355.830
355.860 356.610
357.180 358.470
359.880 360.750
361.170 362.130
362.310 363.960
364.290 365.160
365.190 366.210
367.140 368.250
368.460 369.780
369.780 371.070
371.100 371.940
372.600 374.910
375.000 376.260
378.240 380.610
381.120 382.080
382.140 383.400
384.480 386.550
387.090 387.870
387.870 388.740
389.400 391.320
392.340 393.210
394.500 395.280
396.630 397.830
398.070 398.850
399.660 400.980
402.360 403.470
405.900 406.950
409.200 410.220
410.400 411.570
412.350 413.040
413.550 414.570
415.980 417.060
417.180 418.170
418.230 419.160
419.520 420.360
420.360 421.470
421.980 422.580
423.660 424.380
425.010 426.210
426.870 428.340
429.330 429.930
432.360 433.470
433.800 434.730
434.760 435.870
436.560 438.270
438.540 439.710
440.940 441.900
442.830 443.820
443.820 444.780
445.560 446.400
446.700 447.990
448.830 450.540
451.650 452.730
453.300 454.230
454.470 455.880
456.390 457.110
458.010 459.300
459.510 460.470
460.710 461.520
461.520 462.360
462.630 463.440
464.070 465.180
465.270 465.870
467.070 467.850
468.630 469.950
470.070 470.910
470.940 471.900
471.960 473.670
473.730 474.990
475.860 476.910
476.910 477.870
477.900 478.980
480.990 481.740
482.460 483.390
483.510 484.320
485.040 486.090
487.740 489.030
489.120 490.170
491.130 491.730
491.760 492.600
492.660 493.830
494.340 495.570
495.900 496.770
496.920 498.060
498.300 499.590
500.370 501.750
502.500 503.250
503.400 504.540
505.980 506.790
506.850 508.050
508.740 509.820
510.060 511.380
514.320 515.700
516.420 518.010
518.970 520.320
520.320 521.760
521.760 522.900
524.970 526.200
527.070 528.240
528.840 529.530
529.560 530.430
532.560 533.520
535.530 536.400
536.880 537.660
537.780 538.980
539.370 540.330
542.280 543.540
543.870 545.520
545.940 546.540
546.630 547.440
547.680 548.490
549.990 551.790
552.540 553.530
554.460 556.350
556.620 557.550
558.300 559.770
560.490 561.240
561.780 562.980
563.430 565.260
567.150 568.350
569.040 569.970
570.180 571.140
571.530 572.370
572.700 574.050
574.560 575.430
577.380 578.550
578.550 579.810
581.250 581.940
582.360 583.170
583.950 585.210
586.380 588.240
589.470 590.250
590.280 590.910
593.310 594.330
594.840 596.040
597.330 598.710
599.400 602.790
602.790 603.780
604.350 605.790
605.940 606.930
607.020 608.400
608.730 610.170
610.230 611.190
611.430 613.020
613.110 614.490
615.420 616.650
616.860 618.180
618.420 619.170
620.100 621.030
623.700 625.590
625.620 626.550
626.670 627.300
627.630 628.560
628.740 629.610
631.200 632.850
632.880 634.080
634.230 635.400
635.400 636.090
637.050 638.250
639.690 640.830
646.050 646.650
650.490 651.360
653.970 654.660
662.430 663.180
665.610 666.450
679.290 679.980
682.500 683.520
687.930 688.830
704.010 705.000
