0.420 7.110
7.200 16.380
16.470 23.190
23.190 24.030
24.150 28.500
28.500 34.020
34.020 41.160
41.250 43.350
43.350 50.190
50.190 51.690
51.690 54.570
54.600 57.120
57.360 60.780
60.810 61.770
62.190 63.600
63.690 68.280
68.280 69.810
69.810 73.410
73.410 78.000
78.150 80.430
80.520 83.130
83.250 84.690
84.690 88.050
88.260 90.090
90.090 93.600
93.690 95.370
95.400 96.090
96.450 97.890
98.010 106.020
106.020 107.070
108.000 109.980
109.980 110.610
110.610 111.690
112.260 113.250
113.280 114.690
114.990 116.940
117.090 119.850
119.880 121.470
122.430 123.540
123.570 125.400
125.400 126.030
126.030 129.270
129.450 132.630
132.810 134.160
134.880 137.460
137.460 138.510
138.510 143.700
144.000 145.350
145.350 146.730
146.730 148.740
148.830 149.610
151.260 152.640
152.850 155.820
156.060 156.870
156.870 158.070
158.190 159.930
159.930 160.830
160.830 163.560
164.820 166.500
166.500 167.430
168.600 169.800
169.800 175.770
175.920 180.450
180.450 181.710
181.710 183.630
184.110 186.480
186.480 188.580
188.580 189.900
190.050 194.520
194.520 195.900
196.110 199.260
199.260 200.700
201.660 202.770
202.830 203.640
203.970 205.380
205.620 208.020
208.080 211.770
212.160 213.720
214.470 215.610
215.670 216.990
217.080 217.950
218.640 219.420
219.420 220.410
220.680 222.270
223.440 224.400
224.400 225.240
225.300 226.410
226.740 227.580
227.940 229.260
229.260 230.700
230.880 232.350
232.680 233.970
234.000 234.870
235.410 236.520
236.820 238.080
238.200 239.190
239.850 242.040
243.060 244.800
244.800 245.940
246.150 247.530
247.650 249.660
249.660 251.880
252.270 253.530
254.040 255.150
255.150 259.050
259.980 261.000
261.000 261.750
261.840 262.830
262.950 264.240
266.310 268.020
268.980 270.030
270.030 271.200
271.800 274.410
275.790 277.410
277.500 281.070
281.880 282.990
283.380 285.030
285.060 286.470
286.530 287.820
288.060 289.890
290.010 293.070
293.580 294.390
294.390 297.090
297.090 298.290
299.130 300.900
301.170 301.800
302.760 304.170
305.070 305.670
305.670 307.470
308.610 309.870
310.740 313.320
313.620 316.320
316.320 317.280
317.760 319.290
321.330 324.060
324.210 326.370
327.120 329.520
329.700 330.720
331.890 333.570
333.660 334.350
334.350 335.220
335.880 336.750
337.050 338.100
338.460 339.960
340.710 341.760
342.030 343.710
344.340 345.270
345.330 346.470
347.010 347.880
348.060 349.470
349.770 351.030
351.540 352.410
352.740 353.640
356.070 357.390
358.650 360.300
360.600 361.680
363.090 364.290
365.460 367.230
367.440 369.390
369.390 370.710
371.190 372.150
372.180 372.870
372.870 374.100
374.250 376.020
376.080 377.700
377.880 378.570
378.570 380.460
380.670 381.870
382.290 384.090
384.390 387.360
387.360 388.650
389.280 391.320
391.320 392.160
392.340 393.870
394.650 395.250
396.120 397.410
397.470 398.850
398.970 399.780
400.530 401.730
404.460 405.480
405.510 407.100
407.130 408.570
408.660 409.560
409.680 410.820
411.060 412.500
414.330 415.800
416.640 417.240
417.240 421.710
421.770 422.580
422.580 423.660
423.960 425.250
425.700 426.540
427.110 428.370
430.350 431.250
432.540 433.140
433.200 434.310
435.000 436.380
436.740 437.670
439.530 441.150
442.050 442.650
442.650 443.610
444.420 445.440
445.470 447.150
447.240 447.840
448.110 448.830
450.090 451.140
453.450 456.780
457.410 459.960
459.990 462.720
462.840 467.100
467.550 468.570
469.710 471.150
472.140 472.770
473.310 474.420
475.170 476.550
476.760 477.360
477.360 478.470
478.560 480.360
480.840 482.790
482.940 483.750
483.900 485.160
486.180 487.140
487.350 488.640
489.210 490.230
491.730 493.680
494.850 495.840
495.900 496.890
497.250 498.270
498.270 499.320
499.620 500.550
501.030 502.320
502.500 504.120
504.120 504.780
506.490 507.450
507.720 509.430
510.240 511.770
512.130 513.120
513.120 514.140
514.200 515.460
515.460 516.390
516.390 516.990
517.470 518.190
518.640 519.510
520.770 522.570
522.900 524.190
524.610 525.510
526.830 527.730
527.970 528.780
529.560 530.700
531.630 532.800
533.430 534.420
534.870 535.830
536.130 537.090
537.270 538.440
538.740 539.730
540.450 541.560
541.590 543.060
543.060 544.050
544.380 546.540
546.630 547.650
547.830 548.970
548.970 549.780
549.840 550.800
551.010 551.640
551.790 552.420
552.570 553.620
554.310 555.570
555.570 556.470
557.010 558.420
558.810 559.710
560.400 561.540
563.040 564.930
564.930 566.010
567.000 568.290
569.100 570.030
570.150 571.350
571.590 572.610
573.090 574.200
574.290 575.640
576.000 577.350
577.530 578.910
578.910 580.260
580.350 581.520
581.700 583.320
583.320 584.130
584.250 585.840
585.990 587.340
588.450 589.800
590.010 592.260
592.260 593.730
594.000 594.930
596.310 596.910
596.910 597.900
598.110 599.430
599.640 600.330
600.360 601.440
602.520 603.360
603.540 604.860
605.130 606.300
606.540 607.740
607.800 608.400
609.540 610.800
612.660 613.440
613.470 614.370
614.640 615.450
615.900 617.040
617.400 619.440
619.740 620.820
622.020 623.130
624.090 625.080
625.530 626.850
627.510 628.320
628.500 629.760
631.440 632.460
633.720 634.500
634.710 635.610
636.810 637.680
637.830 639.090
639.480 640.290
642.630 643.920
643.920 645.090
645.750 646.350
646.710 647.370
647.370 648.750
649.380 650.970
651.240 652.320
653.160 654.090
654.120 654.840
654.870 656.010
656.520 657.120
658.590 659.460
659.880 661.140
662.820 663.660
665.280 666.300
666.690 668.460
668.610 669.480
669.480 670.230
670.410 671.040
671.040 671.850
672.150 672.750
672.840 673.740
674.220 675.540
676.140 677.730
678.540 680.250
680.640 681.540
682.260 683.040
684.540 686.460
686.610 687.540
687.540 688.260
688.470 689.130
690.690 691.710
693.570 694.950
697.440 698.310
698.370 699.120
699.180 700.020
700.020 701.010
701.370 702.690
703.680 704.460
705.090 705.960
707.100 707.850
708.210 709.200
709.530 710.400
710.670 711.300
714.240 715.260
