0.780 5.640
5.640 10.770
10.830 13.620
13.620 16.470
16.470 26.490
26.490 29.730
29.730 31.710
31.710 38.220
38.670 46.290
46.290 50.790
50.790 53.670
53.850 65.250
65.250 71.130
71.160 81.060
81.300 85.350
85.350 91.020
91.140 98.850
98.850 101.850
102.060 105.240
105.240 107.160
107.460 108.150
108.330 112.530
112.530 114.870
114.870 118.170
118.170 122.790
122.790 125.820
126.120 129.420
129.420 130.860
131.400 133.830
133.830 134.790
134.820 135.780
135.900 136.950
136.950 139.830
139.890 144.510
144.570 145.920
146.100 147.180
147.180 150.060
150.060 152.160
152.160 155.220
155.220 157.140
158.070 161.100
162.420 163.470
163.470 165.420
165.540 167.280
167.280 168.090
168.090 169.080
169.350 170.910
170.910 171.990
171.990 173.430
173.460 179.040
179.040 181.470
182.310 184.740
185.070 185.670
185.820 189.210
189.420 191.100
192.030 196.440
196.860 197.670
197.670 200.790
200.790 205.140
205.230 207.420
207.570 208.590
209.040 212.880
212.940 214.500
214.590 215.520
215.880 217.920
218.130 219.420
219.420 222.030
