0.960 20.490
20.490 22.710
22.710 27.630
27.750 39.150
39.150 45.030
45.030 47.070
47.070 50.130
50.520 51.300
51.300 55.590
55.590 57.750
57.750 59.430
59.850 66.090
66.330 69.270
69.330 71.640
71.640 78.510
78.750 80.640
80.640 86.670
86.670 94.770
94.830 100.950
101.160 102.720
102.720 103.680
104.250 107.010
107.070 110.100
110.100 112.020
112.020 114.870
115.380 119.250
119.250 120.000
120.690 122.550
122.640 125.850
126.060 132.960
132.960 134.100
134.250 136.050
136.050 138.450
138.450 141.630
141.960 145.800
145.800 147.180
147.180 149.550
149.550 150.570
150.750 152.760
152.850 153.570
153.600 155.910
156.660 158.490
158.640 162.150
162.390 165.360
165.360 167.310
167.550 169.350
169.380 170.670
171.540 172.200
172.320 173.910
173.970 175.710
176.370 177.660
177.960 181.350
182.250 182.910
183.480 184.890
184.920 186.750
187.020 188.130
188.460 193.200
193.200 194.910
195.030 198.660
199.170 200.130
200.670 202.980
203.040 206.160
206.430 208.980
209.550 212.400
212.520 213.120
213.120 214.740
215.370 216.570
217.080 218.550
219.210 220.830
221.880 223.560
223.770 226.890
227.790 229.230
229.230 230.490
230.640 232.590
233.010 234.960
235.140 236.640
237.090 238.530
238.530 242.190
242.580 245.670
246.150 248.520
251.580 253.740
253.980 254.580
255.030 256.410
256.710 257.940
257.940 259.020
260.730 261.600
262.350 263.820
264.330 265.320
266.220 268.410
269.520 270.510
271.230 273.120
273.270 274.320
274.440 275.220
275.220 277.350
277.350 278.430
278.460 279.960
280.620 282.540
283.260 284.670
286.320 287.760
289.170 290.970
291.030 292.710
292.800 294.090
294.480 295.560
295.920 296.700
297.060 298.080
298.110 299.190
299.940 301.530
301.560 302.550
302.550 304.500
305.130 306.870
306.990 308.310
309.270 310.950
311.010 311.700
312.060 313.350
313.980 315.900
