1.110 7.650
7.650 11.820
11.820 14.100
14.190 25.890
26.010 41.670
41.730 43.920
43.920 46.530
46.530 56.310
56.310 59.790
59.790 61.530
61.530 63.210
63.690 67.560
67.590 69.570
69.570 71.790
72.150 73.590
74.040 77.010
77.040 80.640
80.640 83.730
83.760 87.090
87.180 90.390
90.390 92.550
92.610 94.710
94.830 95.490
96.030 97.350
97.680 100.170
100.200 103.500
103.590 106.380
106.410 107.460
107.460 109.860
109.980 114.960
115.020 117.750
117.990 121.740
121.740 126.270
126.840 131.910
132.120 134.040
134.460 135.420
135.420 137.520
137.700 138.990
140.580 142.470
142.680 144.330
144.420 147.150
147.390 148.170
148.200 149.880
151.440 152.280
152.520 154.020
154.470 156.630
157.410 159.750
161.430 164.100
164.370 166.440
166.740 169.140
169.140 170.340
170.610 171.510
171.600 172.530
172.950 174.150
174.180 174.840
176.250 178.050
178.830 180.090
180.270 181.290
181.290 182.370
182.370 183.150
183.150 184.800
184.800 185.610
185.610 189.000
189.180 190.800
191.400 192.840
192.870 198.780
199.080 202.650
203.190 205.020
205.290 206.610
206.970 207.840
208.170 210.570
210.690 211.740
212.190 213.180
213.420 214.380
214.740 216.300
216.300 220.410
220.950 222.300
222.360 223.200
224.220 225.480
225.480 226.920
226.920 227.850
228.960 229.980
230.970 233.040
233.310 235.530
235.560 236.820
238.170 240.210
240.210 241.050
242.550 244.140
244.530 245.220
245.220 245.910
245.940 247.410
247.590 249.420
250.440 251.610
251.610 252.210
253.710 254.940
255.360 256.200
256.260 259.470
260.010 261.450
261.690 263.610
264.390 266.490
266.490 267.990
267.990 270.600
271.320 274.290
275.670 277.260
278.670 279.540
280.860 281.700
282.390 283.920
283.950 284.820
286.320 288.450
288.600 290.610
293.700 296.370
297.360 298.500
300.690 301.620
303.150 303.960
303.960 305.520
305.910 307.350
307.950 308.730
309.780 310.680
311.400 312.210
312.360 314.370
314.550 316.200
316.410 317.370
317.520 319.470
319.680 321.000
322.980 325.110
325.440 328.920
328.920 329.790
329.850 330.720
330.900 332.520
333.720 335.850
337.170 338.490
338.490 339.390
340.200 341.940
342.360 344.100
344.730 346.620
347.070 347.670
347.670 349.530
349.800 351.390
351.600 352.920
353.070 354.030
354.090 356.100
356.160 357.150
357.150 358.110
358.650 360.030
360.930 363.030
363.030 363.960
364.050 365.880
366.240 367.770
367.800 368.730
368.940 370.230
370.980 372.840
372.840 374.280
375.030 377.730
377.730 378.360
378.630 380.310
380.760 381.540
381.540 382.800
384.450 387.390
387.390 389.130
389.130 390.240
390.420 391.710
394.410 395.640
395.640 396.450
397.410 398.910
399.150 400.260
400.890 402.300
402.570 403.320
403.350 405.840
406.470 407.250
408.450 410.340
411.090 412.110
412.680 413.400
413.820 416.190
416.250 419.310
421.560 422.610
422.970 424.050
424.800 425.760
425.760 427.230
427.350 428.790
429.090 429.720
430.890 432.120
432.300 434.190
435.150 435.750
435.750 436.350
436.350 438.000
438.420 440.010
440.310 441.480
441.510 442.560
442.560 443.250
443.400 445.260
445.650 446.250
446.370 446.970
447.000 447.750
449.400 450.570
451.170 452.400
453.690 454.710
