0.570 4.920
4.920 6.990
6.990 10.170
10.260 16.170
16.170 19.410
19.620 21.930
21.930 32.700
32.700 40.530
40.530 45.930
45.930 49.620
49.710 56.310
56.340 57.750
57.750 60.810
60.870 61.800
63.600 72.930
72.930 83.010
83.010 87.390
87.570 89.010
89.070 92.610
92.730 94.350
94.860 95.880
95.910 96.960
97.290 100.020
100.020 100.920
102.270 104.460
104.520 110.490
110.640 115.950
115.980 117.030
117.030 117.840
117.990 120.120
120.210 121.470
121.590 124.140
125.040 127.770
128.340 129.570
129.930 130.770
130.860 133.380
133.380 134.430
134.610 135.720
135.870 138.180
138.660 139.800
139.950 141.810
141.810 142.440
142.620 144.960
145.080 147.750
147.750 149.910
150.000 151.620
151.800 157.830
157.890 159.330
160.440 162.240
162.240 162.870
162.990 165.090
165.180 168.480
168.600 170.850
171.120 172.710
172.920 173.700
173.700 177.150
177.360 178.980
180.000 182.280
182.370 185.700
186.000 187.350
188.280 189.900
190.530 191.430
191.490 193.200
193.410 196.410
197.250 198.420
199.320 200.760
201.030 203.610
203.670 205.320
206.280 207.270
207.270 208.050
208.170 209.610
209.910 211.080
211.800 213.240
213.240 214.260
214.380 215.370
216.420 217.260
217.290 218.640
218.970 222.600
223.320 224.760
224.790 225.420
225.420 226.980
227.490 228.990
229.020 230.610
232.680 235.410
235.410 236.430
236.820 238.860
239.010 239.790
240.480 241.200
241.410 244.020
244.530 247.830
247.830 248.880
249.210 249.990
249.990 250.590
250.680 252.000
253.470 254.460
255.870 256.920
256.920 258.330
258.540 260.580
260.850 262.680
262.980 264.330
264.450 265.110
265.110 265.860
266.490 268.590
268.590 271.140
271.230 273.150
273.360 277.170
277.170 279.030
279.030 281.490
281.550 282.930
283.740 286.200
286.200 287.370
289.440 291.210
291.210 293.370
294.570 295.620
295.710 296.430
296.850 298.530
298.530 300.960
301.230 302.400
303.570 304.560
305.580 306.330
307.290 308.310
308.310 309.510
309.690 311.190
311.970 313.200
313.200 315.150
315.630 316.950
317.040 318.270
319.020 320.730
323.160 324.210
325.230 327.030
327.960 328.770
328.920 330.510
330.570 332.190
332.310 333.450
333.930 334.560
336.450 337.470
337.470 338.700
338.700 339.390
340.650 341.250
341.250 342.090
342.870 343.800
