0.390 8.580
8.580 16.890
16.950 32.400
32.520 36.900
37.050 52.890
52.890 56.790
56.970 62.790
62.970 69.210
69.210 73.560
73.650 80.220
80.220 83.310
83.340 86.280
86.280 95.190
95.430 98.700
98.760 99.990
100.050 102.780
102.780 105.390
105.390 111.510
111.840 113.790
113.820 121.320
121.320 122.430
122.790 127.440
127.560 131.670
131.850 140.700
140.790 144.660
144.660 145.680
145.710 146.790
147.180 147.840
147.840 148.470
148.470 150.450
150.600 156.030
156.180 157.200
159.360 161.700
162.300 163.350
163.800 164.850
166.500 168.270
168.390 170.400
170.700 171.630
171.690 173.220
173.220 174.990
175.020 176.310
176.580 177.420
180.510 181.320
181.320 183.030
184.050 185.580
185.940 187.800
188.040 190.260
190.260 191.340
191.340 192.960
193.650 196.140
196.200 198.990
200.010 201.360
202.110 205.050
205.200 210.390
210.510 211.590
211.860 213.240
213.600 215.760
215.880 216.600
216.720 218.220
218.250 218.880
218.940 220.350
220.800 222.600
222.600 225.960
226.110 228.270
228.480 230.160
230.250 230.910
230.940 235.410
236.010 237.030
238.230 242.220
242.220 242.820
242.850 244.530
244.830 248.970
249.240 250.770
252.300 253.560
254.010 257.340
257.490 259.230
259.410 260.040
261.270 262.200
262.440 264.330
264.420 265.560
265.590 267.060
267.270 269.310
270.510 271.860
273.840 274.890
275.580 277.350
277.410 278.550
278.760 279.630
279.780 282.120
282.840 283.680
285.930 288.270
288.840 289.800
290.220 292.500
293.730 294.960
295.950 297.840
298.950 301.200
301.500 303.810
303.840 305.760
306.030 307.950
308.640 310.860
313.050 314.640
315.150 315.930
316.050 317.370
319.020 321.960
322.110 324.090
325.320 326.910
328.320 330.090
330.510 331.350
331.380 333.180
333.390 334.530
334.590 336.030
336.030 338.010
338.100 338.760
338.790 340.260
340.260 343.620
343.620 345.900
345.900 346.830
346.980 347.700
347.940 349.680
349.680 351.450
352.140 353.640
353.880 354.660
354.840 356.460
356.580 357.930
358.590 359.340
359.850 360.660
360.690 361.950
362.280 363.840
364.560 365.370
365.460 366.660
366.780 368.190
368.490 369.510
369.810 370.980
371.070 373.830
373.980 374.850
375.480 377.130
377.610 378.480
378.900 379.740
381.060 382.770
383.310 384.600
384.900 387.810
387.810 388.680
389.250 390.870
390.870 392.190
392.190 393.600
393.600 394.440
395.250 396.510
398.430 399.900
400.380 401.310
402.030 403.770
404.310 406.500
406.500 409.350
409.380 410.460
411.030 412.080
413.760 414.600
415.980 418.560
418.860 420.150
421.410 423.000
424.170 425.190
426.390 428.760
428.760 429.660
