0.510 13.020
13.020 15.840
15.870 17.430
17.520 21.300
21.540 23.070
23.070 27.360
27.360 31.560
31.560 39.390
39.390 43.590
43.590 46.080
46.230 53.010
53.400 56.070
56.310 58.170
58.170 60.600
60.600 62.220
62.340 65.340
65.340 68.850
68.850 74.280
74.310 77.370
77.580 81.510
81.690 82.410
82.410 84.150
84.210 85.470
85.470 87.900
88.620 90.210
91.590 93.360
93.360 93.960
93.960 94.980
95.100 97.170
97.530 99.210
99.450 100.410
101.130 101.730
101.730 103.050
103.050 107.340
108.090 110.040
110.190 110.820
110.820 113.430
113.460 117.510
117.510 119.070
119.580 120.330
120.330 122.370
122.730 124.680
124.680 127.020
130.890 134.040
134.190 136.230
136.230 136.830
136.830 138.450
138.450 140.910
141.840 144.270
144.420 146.190
146.430 147.030
147.120 148.170
149.640 150.810
151.140 152.820
152.910 155.400
155.430 156.270
156.300 157.500
157.500 160.350
161.160 165.360
165.360 167.340
167.910 169.680
170.430 171.540
172.290 173.880
175.560 176.160
176.190 177.510
178.590 179.580
180.420 181.650
182.070 183.330
183.660 185.010
186.120 188.850
188.850 189.900
189.990 190.920
191.070 192.210
192.390 193.290
193.320 194.340
194.340 195.210
195.840 196.770
196.980 198.180
199.020 199.650
199.740 200.880
201.870 202.860
203.040 203.640
203.640 205.050
205.740 207.120
207.960 209.010
209.670 210.660
211.620 212.910
213.720 215.010
215.040 217.260
217.590 218.760
221.730 222.960
223.440 224.910
225.060 226.170
226.410 227.220
227.220 229.260
229.260 230.100
230.550 231.540
231.570 232.860
233.760 234.930
235.440 236.760
236.760 238.350
238.380 239.280
239.940 243.510
243.510 244.530
244.650 248.070
248.250 249.630
250.230 250.980
251.160 251.880
252.150 252.990
254.010 255.390
256.050 256.800
257.010 258.240
259.470 260.100
260.430 262.170
263.400 264.330
264.630 266.820
267.360 269.400
269.490 271.350
271.410 273.030
274.680 275.910
276.690 279.180
280.020 280.890
280.920 282.870
285.000 286.140
286.260 287.460
289.410 290.010
291.270 291.990
293.040 294.450
294.630 295.590
296.040 297.540
297.600 298.650
300.570 301.770
301.890 302.910
303.270 305.190
305.970 306.660
307.500 309.420
311.070 312.270
313.710 314.700
315.930 317.160
318.120 319.290
319.770 320.370
320.850 321.720
321.960 322.830
324.840 325.920
326.430 327.600
329.430 330.720
332.220 333.450
336.630 338.430
338.430 339.540
339.840 340.440
340.440 342.270
343.050 344.670
344.670 345.630
346.320 347.790
348.000 349.140
350.340 350.940
351.090 352.710
353.850 355.620
355.770 356.670
357.120 358.110
359.160 360.630
360.960 361.860
365.160 366.180
367.950 369.030
370.140 371.010
372.450 373.260
373.710 375.000
375.030 376.020
377.040 378.150
379.230 379.860
380.850 381.780
382.740 383.970
385.710 389.340
390.030 391.410
391.410 392.340
395.160 396.240
397.950 399.090
399.090 399.900
402.120 402.840
403.140 404.160
405.150 405.900
405.900 406.890
407.130 408.630
409.260 409.890
410.010 411.810
412.380 413.670
414.090 414.990
416.640 418.020
419.220 420.270
421.500 423.000
423.840 424.830
426.000 426.780
426.810 427.620
428.190 428.970
429.000 430.110
431.520 432.420
432.990 433.830
436.110 437.880
438.450 439.470
439.890 442.530
445.140 446.160
446.400 447.060
449.850 450.750
452.340 453.510
453.510 455.490
456.630 457.950
