0.000 5.610
5.610 9.450
9.540 25.350
25.440 30.960
30.960 35.940
36.030 45.960
45.960 55.440
55.440 58.140
58.410 66.570
66.570 75.180
75.210 81.240
81.240 85.140
85.140 86.730
86.730 93.870
93.870 116.250
116.310 123.600
123.630 127.380
127.410 132.750
132.750 174.480
174.480 175.950
176.070 185.010
185.010 197.670
197.790 207.180
207.270 229.200
229.230 231.390
231.450 233.130
233.130 236.340
236.340 239.730
239.730 244.320
244.590 245.910
245.910 250.560
250.590 253.830
254.010 255.510
255.540 258.540
258.570 261.960
261.960 265.200
265.200 276.780
276.780 292.680
292.680 296.430
296.430 300.810
300.810 309.570
309.690 319.470
319.470 331.920
331.920 355.050
355.080 362.250
362.250 369.690
369.690 376.920
376.920 392.100
392.100 427.080
427.080 428.280
428.280 442.080
442.080 444.180
444.330 450.240
451.680 457.500
