0.000 6.030
10.740 20.400
20.490 25.260
25.380 30.990
31.140 35.250
35.250 37.170
37.290 39.180
39.930 40.530
40.530 41.280
41.280 47.610
48.240 53.460
54.300 56.100
56.430 57.690
57.690 59.280
60.210 61.590
61.860 63.630
65.010 66.180
66.600 69.090
69.090 71.070
71.160 73.920
73.950 77.460
77.850 81.120
81.420 84.360
84.360 92.940
93.420 99.180
99.660 101.460
101.460 102.900
103.110 108.150
108.240 110.700
110.700 111.900
112.920 116.220
116.490 118.050
118.290 121.770
122.700 125.520
125.550 130.170
131.250 131.970
131.970 135.570
135.630 138.450
138.720 139.860
139.860 141.690
142.290 149.250
149.400 153.360
154.050 158.880
158.970 165.030
165.030 167.940
168.630 172.170
172.410 173.130
173.130 174.900
174.990 176.670
177.330 177.960
178.200 179.970
180.180 182.760
184.140 185.700
185.850 189.630
190.170 192.810
193.020 194.940
194.940 197.490
