0.000 14.220
14.280 16.110
16.110 20.700
20.910 23.400
23.460 27.120
27.120 28.110
28.110 28.860
28.860 32.280
33.420 36.810
36.930 37.530
37.770 42.810
42.960 45.000
45.030 48.150
48.840 50.610
50.670 51.300
51.360 53.700
54.150 57.630
57.630 59.880
59.970 60.570
60.570 61.950
62.100 62.730
62.730 63.570
63.780 66.570
66.600 69.330
69.750 72.240
72.690 73.350
73.350 75.780
75.810 77.850
78.180 79.320
79.320 83.520
83.880 84.480
84.870 85.470
85.500 88.020
88.500 89.100
89.100 89.970
90.030 91.590
91.680 93.360
93.360 95.040
95.340 99.000
99.000 100.380
101.430 104.130
104.160 107.160
107.160 109.200
110.190 115.350
115.530 117.120
117.570 122.130
122.970 125.010
125.010 126.150
126.270 127.590
128.640 130.920
132.150 136.350
136.350 139.920
139.950 141.930
142.680 145.170
145.920 150.900
151.080 155.160
156.090 158.340
158.790 160.290
160.290 163.980
164.010 165.270
165.420 169.320
169.440 170.700
170.970 171.780
171.780 177.780
177.780 178.770
178.800 181.170
181.620 184.440
184.440 186.120
186.300 187.680
187.680 189.660
190.260 191.820
191.910 192.540
192.540 196.860
196.950 198.420
198.780 200.970
200.970 203.310
203.850 205.260
205.260 206.700
206.700 208.740
208.740 209.730
210.000 212.670
212.850 214.770
214.800 216.120
216.150 217.860
217.890 221.760
221.760 224.910
224.940 229.890
230.010 231.270
231.720 237.300
237.660 238.260
238.260 238.920
238.920 240.150
240.150 241.860
241.890 243.720
243.720 245.100
245.130 247.950
247.950 250.470
250.470 251.790
251.790 253.410
253.410 256.260
256.320 257.790
257.790 259.740
260.280 265.080
265.080 265.770
265.770 272.040
272.040 273.780
273.930 274.710
275.040 276.030
276.120 277.140
277.170 280.710
280.740 282.300
282.300 283.860
283.890 286.380
286.530 288.240
288.240 290.190
290.190 292.710
292.950 296.970
297.570 298.170
298.200 302.400
302.550 306.420
306.870 310.170
310.620 312.840
313.320 315.690
315.690 318.420
318.420 322.650
322.890 325.920
326.190 332.160
332.460 334.860
335.310 337.260
337.560 339.060
339.120 341.460
342.180 343.170
343.290 343.890
343.890 348.690
348.690 349.350
349.350 351.930
351.930 354.720
354.960 358.710
358.710 361.440
361.560 368.370
368.460 369.180
369.180 371.760
371.760 375.900
376.020 377.340
377.610 384.360
385.230 385.980
386.070 389.160
389.640 390.390
391.260 394.440
395.790 397.650
397.740 401.850
401.970 403.710
403.710 407.250
407.430 410.520
411.150 416.430
416.520 418.890
418.890 419.910
419.940 424.050
424.410 431.460
431.580 435.390
435.390 436.980
436.980 442.620
443.190 447.090
447.810 451.680
451.680 455.040
455.280 459.870
460.410 464.670
465.090 466.350
466.860 467.550
467.550 471.540
472.740 476.490
476.490 479.310
479.370 480.330
480.690 485.370
485.610 487.680
487.920 489.900
490.650 491.370
491.550 497.610
498.000 500.190
500.700 501.300
501.420 502.020
502.260 504.750
504.750 507.030
507.150 510.300
510.540 511.230
511.770 520.080
520.080 522.600
522.600 523.320
523.320 525.120
525.210 527.160
527.310 530.610
530.760 534.570
534.720 535.320
535.650 538.890
539.100 540.660
540.690 543.840
543.840 545.760
545.760 549.030
549.060 552.960
553.500 557.970
557.970 560.370
560.370 561.930
562.590 565.080
565.080 568.860
569.250 571.950
571.950 576.840
578.760 579.720
579.780 588.240
588.240 590.730
590.730 593.580
593.820 595.080
595.260 603.720
603.780 606.300
606.690 607.290
609.030 613.320
613.890 614.490
615.540 620.820
620.820 624.060
624.600 626.310
626.340 629.940
630.300 634.230
634.680 635.340
635.490 637.500
637.500 639.960
639.960 641.460
641.460 645.180
645.360 649.770
649.770 653.700
654.060 658.800
659.160 659.760
659.790 660.780
661.410 667.530
667.530 668.460
668.700 670.740
670.740 674.490
674.490 677.820
677.970 679.500
679.530 684.420
684.510 685.860
685.860 689.910
689.940 691.560
691.710 695.520
695.670 697.290
697.290 700.110
700.440 702.330
702.600 706.440
706.890 709.380
709.620 712.020
712.740 715.260
715.350 718.260
718.410 719.280
719.280 720.840
720.840 721.650
722.070 724.110
724.620 725.220
726.300 727.800
728.130 730.350
730.650 734.250
734.940 736.920
737.520 738.510
739.020 742.020
742.860 743.550
743.820 745.770
745.770 754.650
754.650 756.690
756.720 758.490
759.630 764.370
764.370 766.170
766.470 768.540
768.690 770.070
770.580 771.300
771.300 773.760
773.760 775.530
775.770 778.140
779.460 780.330
780.450 782.880
783.570 787.230
787.230 791.400
791.400 795.810
795.810 797.520
798.120 802.620
802.710 804.000
804.270 808.770
809.010 813.930
814.140 815.580
815.580 817.140
817.170 819.480
819.480 821.100
821.100 821.940
822.150 824.850
824.850 829.560
829.620 832.710
832.740 836.550
836.550 838.740
839.160 841.680
841.680 846.960
847.200 851.370
851.460 852.480
852.960 856.980
856.980 859.530
859.770 863.130
863.130 865.980
865.980 866.970
866.970 867.930
867.930 869.040
869.100 870.180
871.380 872.550
872.700 874.320
874.320 876.210
876.570 877.830
877.920 881.790
881.790 885.720
885.810 889.020
889.020 889.680
890.370 891.270
891.570 894.810
894.810 896.700
896.730 897.630
