0.000 13.440
13.710 18.300
18.300 20.310
20.670 22.200
22.440 25.620
25.620 30.600
31.260 35.550
36.030 38.310
39.570 43.440
43.920 45.810
46.140 48.090
48.990 49.770
49.770 52.380
52.380 54.090
54.330 56.220
59.130 61.320
61.530 64.080
64.410 65.160
65.160 68.220
68.550 70.770
71.070 74.220
75.720 79.050
80.160 81.120
81.810 83.010
84.120 84.810
84.810 89.280
89.640 92.520
93.000 98.820
98.850 103.560
103.650 106.920
107.100 109.440
109.860 110.880
111.150 113.670
113.670 115.050
117.090 119.040
119.310 119.970
120.960 122.970
124.710 128.430
128.640 131.100
131.430 132.090
132.150 134.100
135.600 143.220
143.790 146.880
147.030 148.590
150.690 155.730
156.870 160.530
161.550 164.700
167.310 169.560
172.290 173.670
173.670 175.320
175.800 177.360
179.220 179.940
180.390 182.520
182.820 184.800
188.910 192.000
192.990 193.890
194.730 197.070
197.130 198.390
202.800 204.960
206.460 208.590
208.590 212.010
212.490 213.090
213.120 216.210
217.890 221.070
221.250 223.350
223.350 226.140
226.140 227.910
228.510 229.110
230.010 231.090
232.680 233.340
233.850 235.200
235.470 242.730
243.660 246.420
246.420 250.680
250.860 252.090
252.120 254.190
254.460 255.210
255.330 257.910
260.280 261.420
261.480 265.440
267.090 267.840
268.320 269.430
269.760 272.520
274.110 275.010
275.250 278.580
279.120 282.330
282.720 284.340
284.940 285.630
285.870 286.590
287.070 289.920
289.920 291.720
291.990 296.340
296.700 299.220
299.490 301.170
301.170 302.220
302.640 304.380
304.470 307.110
307.320 309.630
309.780 313.080
313.230 314.430
314.880 319.260
319.830 320.430
320.490 322.050
322.050 326.160
326.610 328.650
328.830 329.850
331.080 331.680
332.430 335.700
336.630 338.070
340.380 343.170
343.170 344.370
344.490 348.450
348.450 349.230
349.470 350.730
352.680 353.400
356.070 357.030
358.950 364.530
365.310 368.670
371.760 373.050
373.350 374.490
374.850 376.470
377.220 379.260
379.380 381.540
383.760 386.130
387.930 389.310
390.870 392.850
397.380 400.170
400.170 403.050
406.500 409.080
409.770 413.340
413.820 415.650
415.650 419.910
419.910 421.080
421.710 427.170
427.620 433.560
433.620 434.730
434.730 437.850
438.900 442.170
442.470 445.170
445.530 446.160
446.310 447.270
447.600 448.860
449.220 450.540
451.620 454.800
454.800 456.360
456.600 458.580
458.730 462.300
462.930 466.770
466.980 469.170
469.170 471.900
472.380 473.010
473.100 474.930
474.960 476.040
476.970 477.660
478.020 480.540
480.780 482.340
482.700 483.330
483.360 484.260
484.350 489.180
489.180 490.830
490.920 496.260
496.920 497.550
497.550 501.120
501.780 502.380
503.220 508.890
508.950 510.120
510.120 511.020
511.020 513.300
513.390 514.950
515.160 520.710
521.340 521.940
522.180 522.870
523.170 524.580
524.580 530.730
531.540 533.850
533.910 539.070
539.340 542.550
542.640 545.820
546.720 547.350
547.350 548.100
548.100 556.470
556.890 558.510
558.510 561.930
561.930 567.810
567.810 569.520
569.610 570.870
571.260 572.160
572.940 576.480
576.900 577.500
578.040 580.470
580.680 581.670
