0.000 13.740
13.740 17.310
17.760 20.490
20.490 23.370
23.370 26.250
26.340 28.590
28.620 37.080
37.110 38.040
38.970 42.030
42.330 46.170
46.320 48.990
49.290 60.840
61.620 63.390
64.380 67.980
71.490 72.930
73.140 76.920
77.280 79.260
81.420 82.620
82.620 85.230
88.380 89.610
89.700 96.000
96.330 97.500
97.530 104.040
104.160 107.250
107.280 108.930
109.260 116.820
117.030 120.660
121.800 122.580
122.910 126.060
126.060 128.040
128.370 131.070
132.240 133.140
133.140 136.050
136.560 139.110
139.110 145.650
146.610 147.450
148.230 149.970
151.710 156.660
159.180 164.670
166.110 167.130
167.370 170.970
170.970 171.780
171.780 173.130
173.550 175.560
176.100 177.870
179.100 181.380
181.740 183.420
183.660 184.980
186.630 192.330
194.220 195.000
195.630 196.290
196.290 202.380
204.270 207.090
207.570 209.250
209.910 210.930
214.620 216.180
217.680 219.210
221.550 222.990
224.160 229.500
229.500 231.870
231.960 234.240
234.240 239.460
240.660 246.330
247.740 251.550
252.120 252.840
253.350 257.280
257.460 259.200
259.350 260.970
262.800 263.850
268.410 271.740
272.370 274.380
276.120 278.670
279.750 285.510
285.930 287.580
287.970 291.240
292.080 293.130
293.130 295.950
296.520 297.660
297.660 299.970
300.450 305.970
305.970 308.670
312.390 315.600
317.970 319.710
320.040 321.660
321.780 324.060
324.210 327.000
327.840 329.340
329.340 331.770
331.950 334.860
334.860 336.240
336.240 343.410
343.770 346.080
346.290 350.280
350.640 354.360
356.490 361.500
361.650 363.150
363.510 364.500
364.560 365.550
366.870 367.830
369.900 373.080
373.860 375.090
375.120 376.620
378.300 379.500
379.860 384.270
386.370 387.390
388.710 394.920
395.400 399.330
399.330 402.600
403.440 406.440
407.400 409.350
410.490 412.260
416.580 418.680
419.220 420.150
420.150 421.830
422.100 424.890
425.310 427.770
428.040 428.940
429.150 430.200
430.500 431.610
432.600 433.590
433.590 438.480
438.480 441.180
441.180 443.280
444.420 445.920
446.280 447.330
448.320 449.130
449.310 451.050
453.690 455.700
456.270 457.740
457.770 458.430
458.430 460.320
460.860 464.430
467.760 471.090
472.890 474.570
476.610 482.790
483.270 487.020
487.020 489.600
489.690 491.340
491.460 493.020
493.440 495.690
496.230 498.030
498.030 499.200
499.560 500.970
502.620 504.090
504.180 507.720
507.720 516.210
516.900 517.620
517.620 521.640
523.110 527.640
528.060 528.960
528.960 531.210
532.890 535.830
537.630 541.620
542.070 544.050
544.050 551.880
552.000 554.040
554.040 556.470
557.070 557.910
558.120 563.040
563.040 565.050
567.150 574.050
577.110 578.700
581.700 583.740
584.040 585.870
586.410 587.700
589.560 590.730
591.420 592.530
592.890 595.920
596.280 599.100
599.580 601.170
601.230 603.390
604.980 608.430
609.060 610.110
611.040 612.390
612.570 615.090
615.210 616.740
616.890 617.760
618.420 624.900
625.110 627.630
628.020 630.060
630.060 638.730
639.120 648.750
649.860 652.080
656.070 686.160
686.670 690.720
691.200 692.550
692.610 700.380
701.070 702.720
702.900 705.720
706.080 721.680
721.830 724.260
724.260 725.700
725.730 727.530
728.850 729.930
729.990 732.180
733.230 734.910
740.490 744.450
744.480 745.740
745.740 750.660
751.380 752.250
752.640 753.990
754.710 758.370
759.420 760.680
761.130 762.420
763.140 763.890
764.700 765.720
765.720 767.430
767.940 771.900
772.230 777.660
778.260 782.820
782.940 800.310
800.310 801.930
807.750 809.250
809.250 826.410
826.470 832.380
832.380 836.010
836.010 850.050
850.050 853.680
