0.000 11.490
11.670 14.670
15.000 16.470
16.710 21.300
21.360 23.040
23.490 25.140
25.200 28.140
28.380 30.450
30.600 31.260
31.590 36.120
36.240 37.410
37.650 39.720
39.960 44.220
44.370 46.770
46.920 47.700
47.760 49.950
50.130 52.470
52.500 53.730
53.970 57.360
57.990 61.350
62.490 67.110
67.260 68.730
69.090 72.270
72.900 74.730
74.820 78.390
78.900 79.860
80.040 83.490
83.490 88.170
88.200 88.830
89.160 89.760
89.820 92.220
92.310 93.420
93.420 94.320
94.320 95.400
95.760 97.140
97.200 99.540
99.870 100.980
101.250 103.440
103.650 104.580
104.790 105.930
105.990 108.060
108.210 109.800
110.610 111.210
111.480 113.010
113.010 114.330
114.510 115.770
116.130 118.410
118.410 119.880
120.240 120.840
121.380 122.670
122.820 123.690
123.840 124.890
125.070 126.720
126.720 128.460
128.670 129.720
129.990 131.880
132.420 133.530
133.980 135.210
135.420 136.500
136.530 137.400
137.550 138.870
139.020 141.330
141.540 142.620
143.490 144.720
144.990 146.490
147.360 149.160
149.340 151.080
151.260 153.000
153.000 154.860
155.430 157.290
157.920 159.480
159.780 161.580
162.180 164.490
164.850 165.630
166.020 166.890
167.190 168.540
169.560 171.420
171.450 172.440
172.530 175.950
176.130 178.470
178.530 179.940
180.420 182.790
183.060 184.650
185.490 186.330
186.390 186.990
186.990 188.550
188.730 189.360
189.540 190.980
190.980 192.300
195.510 197.160
197.670 199.230
199.500 201.690
202.530 205.800
206.190 208.050
208.260 209.640
209.940 212.040
212.370 213.180
213.480 215.160
215.430 217.080
217.230 218.370
218.520 220.440
220.710 222.360
222.480 223.680
224.340 225.300
225.390 225.990
225.990 226.590
226.590 228.120
228.210 229.770
230.550 231.360
231.990 233.130
233.400 234.240
234.600 236.280
236.970 237.750
238.560 239.520
240.690 242.760
243.480 245.490
245.850 248.010
248.370 250.860
251.250 252.900
253.440 254.910
254.940 257.250
257.250 259.590
259.770 260.820
260.880 261.780
262.830 265.020
265.110 265.890
265.980 266.730
266.820 268.560
268.860 270.960
271.140 272.430
273.390 274.920
275.010 275.820
276.480 278.010
278.550 279.990
281.040 282.180
282.210 283.230
283.770 286.320
286.710 289.110
289.260 290.280
291.810 293.130
293.430 294.390
294.480 297.450
297.840 299.730
299.970 300.930
301.290 302.220
302.400 303.660
303.660 305.790
306.270 308.160
308.730 309.870
310.440 311.460
311.820 313.680
316.290 318.960
318.960 319.980
320.370 321.390
321.900 323.550
324.030 325.800
325.800 326.400
327.270 328.320
328.410 330.240
330.390 331.710
331.800 333.480
335.370 336.990
338.430 339.690
339.900 341.100
341.610 343.140
343.140 343.740
344.070 345.480
345.810 346.620
347.700 349.050
349.440 350.550
350.820 356.250
356.490 358.170
358.290 359.880
360.240 361.620
361.770 362.580
362.850 364.590
365.340 365.940
366.360 367.260
367.560 369.030
369.420 372.570
373.170 375.030
375.180 376.650
376.830 377.640
378.990 380.250
380.790 381.510
381.750 384.810
385.230 386.490
387.120 388.350
388.470 389.670
390.180 391.740
391.830 393.450
393.450 394.740
394.740 395.880
396.090 396.900
397.590 398.490
398.790 399.390
399.420 400.740
400.950 402.450
402.600 405.780
405.900 406.500
406.680 408.930
409.230 411.090
411.330 413.190
413.370 414.210
414.660 416.970
418.140 418.740
419.070 420.930
421.770 422.670
423.540 424.470
425.100 426.360
426.360 426.960
427.260 428.250
429.600 430.710
430.710 431.310
431.910 432.810
433.050 434.520
435.090 436.680
437.520 438.720
439.110 440.010
440.070 442.290
442.560 444.750
444.900 447.000
447.630 448.350
448.770 449.610
450.600 453.360
453.660 454.500
454.620 456.630
457.200 458.370
458.370 459.270
459.690 461.370
463.950 465.030
465.300 466.530
466.680 468.420
468.510 470.280
470.280 470.880
470.970 471.900
473.010 474.870
474.930 475.950
476.070 477.900
479.280 480.030
480.030 481.230
