0.000 12.120
12.180 13.680
13.920 15.180
15.510 17.280
17.280 18.480
19.320 24.210
24.210 25.260
25.260 26.700
26.700 28.530
28.590 30.030
30.210 31.560
31.560 33.870
34.050 37.680
37.830 39.180
39.540 40.440
40.740 42.270
42.390 43.650
44.070 45.270
45.660 50.460
50.550 51.390
51.390 52.650
52.710 54.180
54.330 55.410
55.560 59.340
59.610 62.310
62.460 63.810
63.990 65.070
65.250 66.450
66.630 67.590
67.590 70.140
70.170 71.640
72.330 72.990
73.020 74.730
74.880 75.690
76.350 77.250
77.280 79.800
79.830 83.760
84.030 85.470
85.470 88.710
88.890 90.180
90.600 93.000
93.210 97.050
97.320 100.770
101.160 102.510
102.510 103.500
104.040 105.510
106.020 108.300
108.780 110.100
110.400 112.830
113.160 116.310
116.520 118.170
118.230 119.520
119.700 121.110
121.500 124.470
124.680 126.180
126.660 128.670
128.670 129.840
129.990 131.340
131.790 132.540
132.540 135.420
135.630 136.830
136.830 137.460
138.420 139.080
139.080 140.010
140.370 142.800
143.550 145.320
145.410 147.030
147.180 148.620
148.650 149.790
149.910 150.750
150.780 156.120
156.510 158.250
158.490 159.930
159.960 160.830
161.160 162.270
162.270 164.160
164.430 165.750
165.960 167.340
167.640 168.240
168.510 172.560
172.860 174.990
174.990 176.790
177.030 178.020
178.140 179.340
179.400 181.410
181.590 182.580
182.610 183.240
183.240 185.130
185.610 187.590
187.590 188.280
188.490 189.420
190.200 192.600
192.750 193.920
194.070 197.310
198.150 200.370
200.460 201.930
202.230 202.830
202.980 207.030
207.030 208.560
208.890 210.270
210.450 211.170
211.290 214.830
215.040 216.900
217.260 221.970
222.660 224.670
224.790 226.110
226.290 226.890
227.400 228.810
228.930 229.800
230.310 231.360
231.570 233.490
233.670 234.990
235.200 235.920
236.100 238.830
238.860 240.030
240.240 241.920
242.100 243.000
243.330 244.860
245.820 247.260
247.830 248.550
248.550 249.990
250.050 251.250
251.670 252.540
253.050 254.310
254.370 255.840
256.350 258.480
258.840 259.920
260.010 262.740
263.040 264.330
264.390 266.400
267.960 270.000
271.380 273.060
273.420 274.830
274.920 277.050
277.470 279.330
280.740 283.140
283.380 284.160
284.460 285.750
286.020 287.490
289.440 293.250
294.030 294.660
294.900 296.220
297.030 298.980
299.250 300.540
300.630 301.620
301.890 303.090
303.330 304.410
304.440 305.430
305.790 306.420
306.780 307.620
307.920 308.670
308.670 309.480
309.600 310.530
311.340 313.020
313.230 314.010
314.190 315.540
316.620 318.870
321.420 323.490
324.660 325.710
325.890 327.690
327.690 330.150
330.420 333.720
335.670 338.490
339.180 340.350
340.350 341.670
341.700 344.520
345.450 347.940
348.390 349.530
349.680 350.760
350.910 351.930
354.030 354.630
354.840 356.700
356.970 359.130
359.580 360.660
361.260 363.180
363.780 364.950
365.220 366.900
367.200 368.310
368.700 369.810
371.400 372.000
372.480 374.220
375.660 376.590
376.590 377.880
378.600 380.280
380.610 382.110
382.470 384.300
384.810 386.340
386.820 388.050
388.260 389.190
389.670 391.530
391.560 393.870
394.290 395.550
395.670 396.660
397.260 397.890
398.160 398.910
398.970 400.590
402.630 403.920
404.100 405.780
405.930 406.650
407.040 408.360
408.660 410.340
412.140 413.610
413.880 414.900
415.140 417.420
417.420 418.890
419.310 421.320
421.590 422.190
422.550 424.320
424.530 425.850
426.780 427.410
427.410 428.010
428.430 429.450
429.450 430.380
432.690 433.890
434.130 435.450
437.040 438.660
438.720 439.320
439.470 441.660
443.010 444.420
445.200 446.190
446.850 448.290
448.530 449.340
450.150 451.560
451.740 453.150
453.360 454.620
456.150 457.050
458.010 458.910
460.830 461.580
462.030 463.080
463.320 463.950
464.100 465.090
465.600 466.200
466.650 469.500
469.650 470.760
471.090 471.690
471.690 472.470
472.830 474.660
475.470 476.280
477.120 479.040
479.430 480.210
480.300 484.620
484.860 486.030
486.150 488.280
488.280 489.120
489.720 491.160
491.370 492.510
492.690 493.620
494.490 497.070
497.430 498.450
498.480 499.260
500.130 500.820
501.150 502.530
502.920 504.210
505.830 508.440
508.770 510.300
513.780 514.650
514.710 515.970
517.980 519.870
520.230 521.730
521.970 523.890
523.890 524.490
524.520 525.840
526.260 527.340
527.700 529.050
531.090 532.110
532.170 533.400
533.670 534.690
534.750 536.640
538.980 540.960
541.470 544.230
544.500 545.850
547.230 548.880
550.920 551.790
552.150 554.010
554.310 555.240
555.390 558.360
564.510 566.340
566.580 569.250
569.310 570.000
570.030 571.230
571.590 573.330
573.870 575.190
575.190 576.030
576.090 576.780
576.780 577.950
