0.000 14.970
14.970 20.250
20.430 26.100
26.160 28.920
29.130 36.030
36.030 39.120
39.120 43.740
43.770 47.280
47.280 48.720
48.870 65.550
65.550 66.570
66.600 67.770
67.770 69.810
69.810 72.150
72.150 73.680
73.680 75.660
75.780 80.430
80.430 84.630
84.630 85.680
85.740 86.400
86.670 88.800
88.890 90.330
90.360 95.610
95.610 98.070
98.100 100.830
100.980 105.600
105.600 107.490
108.000 112.080
112.080 113.100
113.340 118.200
118.200 121.890
122.040 124.890
125.070 130.410
130.440 134.850
135.030 140.700
141.090 142.980
143.010 150.060
150.060 151.530
151.560 153.240
153.240 155.430
155.460 161.640
161.640 163.350
163.350 165.840
165.840 167.550
167.550 168.750
168.750 170.100
170.100 173.220
173.400 175.560
175.560 180.210
180.240 188.130
188.130 190.740
190.740 194.070
194.130 197.790
197.790 202.230
202.230 207.810
207.810 209.790
210.000 211.230
211.260 218.760
218.760 219.450
219.810 221.190
221.430 226.380
226.380 227.730
227.730 231.900
232.200 233.430
233.430 235.770
235.770 238.170
238.170 240.270
240.300 242.790
242.880 244.230
244.230 245.790
245.790 247.470
247.470 250.440
250.470 251.640
252.180 255.690
255.690 256.950
256.950 259.020
259.230 266.820
266.910 267.900
268.140 274.080
274.080 277.650
277.740 281.010
281.040 284.100
284.100 288.420
288.510 292.290
292.410 294.210
294.210 297.840
297.840 302.880
303.060 307.470
307.470 319.020
319.050 322.560
322.740 324.600
325.020 328.950
329.100 330.930
330.930 332.730
332.820 333.840
333.960 336.210
336.780 339.390
339.870 341.550
341.580 349.140
349.140 350.970
351.360 357.780
357.810 359.760
359.760 363.090
363.120 365.160
365.160 367.710
367.950 369.510
369.630 373.410
373.500 383.880
384.030 386.190
386.190 397.170
397.560 402.360
402.360 409.530
409.620 413.160
413.160 415.200
415.200 417.750
417.750 431.010
431.070 434.340
434.640 435.780
435.780 438.690
438.720 441.420
441.420 449.070
449.070 456.270
456.270 459.060
459.300 463.410
463.470 472.290
472.320 473.580
473.580 478.050
478.140 479.550
479.790 483.660
484.110 486.330
486.570 488.190
488.430 491.820
492.060 496.020
496.620 498.840
498.930 501.780
501.780 505.920
506.010 506.970
507.240 509.430
509.610 528.330
528.540 535.230
535.230 539.130
539.340 541.770
541.800 543.780
544.140 547.590
547.740 550.020
550.050 552.150
552.150 553.710
553.740 557.250
557.250 561.390
561.390 566.160
566.160 574.050
574.080 575.700
575.700 582.990
582.990 585.900
585.900 586.860
586.860 591.480
591.480 594.300
595.470 598.650
598.770 600.360
600.540 604.830
604.950 608.160
608.160 610.200
610.200 614.190
614.460 620.760
620.760 626.970
627.360 629.580
629.580 630.960
630.960 636.630
636.630 642.000
642.300 646.380
646.410 648.090
648.090 649.950
650.340 652.620
652.770 653.850
653.850 657.150
657.150 664.050
664.050 671.940
671.970 680.490
680.490 682.560
682.650 685.170
685.170 688.560
688.560 689.820
689.820 694.020
694.020 702.150
702.150 705.960
706.110 708.180
708.420 711.150
711.270 712.380
712.530 714.930
714.930 723.930
724.110 726.990
726.990 738.660
738.660 740.190
740.190 745.080
745.140 748.470
748.620 754.800
754.830 762.660
762.930 767.640
767.640 770.070
770.100 786.060
786.210 789.930
790.200 796.170
796.200 797.700
797.790 804.780
804.780 813.600
813.600 817.290
817.290 831.420
831.420 837.690
837.720 839.730
839.730 843.570
843.720 849.090
849.090 850.950
851.220 856.260
856.380 858.000
858.000 871.500
871.500 876.480
876.510 890.430
890.430 892.320
892.470 895.800
896.010 899.760
899.760 905.700
905.850 908.760
908.850 912.060
912.390 925.230
925.230 935.520
935.550 942.060
942.750 945.630
945.630 953.280
953.280 954.210
954.660 959.040
959.400 964.380
964.710 965.940
966.120 967.650
967.650 968.790
969.120 972.630
972.630 975.630
975.630 980.160
980.460 986.730
986.730 987.630
987.780 990.480
990.480 997.200
997.230 1000.830
1000.830 1003.350
1003.350 1006.260
1006.560 1010.190
1010.220 1012.200
1012.380 1015.500
1015.500 1016.610
1016.640 1018.890
1018.890 1020.600
1020.600 1029.420
1029.420 1036.020
1036.080 1044.540
1044.540 1048.650
1048.680 1052.310
1052.310 1058.280
1058.400 1069.950
1069.950 1072.050
1072.260 1076.550
1076.550 1079.970
1080.030 1081.710
1081.710 1083.900
1083.900 1086.840
1086.870 1089.120
1089.120 1091.640
1091.940 1093.740
1093.860 1096.200
1096.260 1104.060
1104.210 1119.930
1120.110 1122.510
1122.780 1127.820
1127.820 1134.090
1134.510 1138.410
1139.040 1143.030
1143.060 1150.440
1150.620 1153.590
1153.980 1156.200
1156.230 1168.320
1168.320 1170.870
1170.900 1172.910
1173.180 1177.350
1177.350 1183.800
1183.800 1185.570
1185.570 1186.800
1186.800 1187.790
1187.790 1191.540
