0.000 20.400
20.490 22.680
22.770 25.890
25.980 27.570
27.780 29.970
30.150 36.540
37.110 40.230
40.410 42.150
42.270 43.320
43.350 45.150
45.360 46.500
47.040 49.020
49.080 51.750
51.780 55.050
55.200 56.790
56.910 58.080
58.140 60.300
60.630 61.680
61.680 62.610
62.730 63.540
63.540 64.620
65.400 66.690
66.960 68.430
68.430 70.950
71.160 74.760
74.940 77.670
77.670 79.230
79.230 80.670
80.820 82.230
82.230 83.400
83.760 85.860
85.860 87.900
88.200 89.430
89.580 90.750
90.960 92.280
92.460 94.410
94.620 95.610
96.090 96.930
97.050 99.450
99.690 102.570
102.600 103.260
103.440 106.320
106.320 107.280
107.310 108.270
108.870 110.250
110.370 111.300
111.690 113.760
114.150 116.850
116.850 121.920
122.250 123.720
123.720 125.160
125.340 126.840
127.080 128.160
128.220 130.110
130.380 133.020
133.080 133.950
134.400 137.130
137.460 138.780
138.960 140.250
140.520 142.920
142.920 144.600
144.900 145.830
146.370 147.630
147.630 148.980
149.490 152.040
152.370 153.570
153.780 154.920
155.070 157.020
157.860 160.710
160.830 163.470
163.590 164.250
164.250 164.850
164.850 167.490
167.910 170.670
170.670 171.840
172.290 174.540
175.050 176.100
176.970 178.980
179.340 180.720
181.140 182.880
183.540 184.140
184.410 186.660
186.840 187.770
187.770 189.330
189.540 191.730
191.790 192.870
193.110 195.120
195.240 197.730
197.820 201.180
201.180 203.820
204.150 208.200
208.200 210.180
210.300 212.580
212.760 215.250
215.400 217.620
217.740 218.940
219.420 221.310
221.310 222.600
222.780 225.000
225.150 227.430
227.820 229.200
229.260 230.940
231.360 234.660
234.720 236.730
236.880 238.560
239.100 241.530
241.740 245.310
245.520 247.500
247.590 248.880
249.210 255.090
255.330 256.260
257.190 258.570
258.690 259.440
259.710 263.430
263.880 265.830
266.490 268.470
269.070 270.540
270.810 271.620
271.710 275.010
275.250 280.110
280.680 281.880
282.990 284.160
284.790 286.200
286.230 287.100
287.340 288.750
288.810 289.710
290.790 291.390
291.390 292.800
292.800 294.810
294.870 296.550
296.670 297.480
297.810 298.950
299.220 300.090
300.780 302.820
303.360 304.350
304.350 306.090
306.210 306.870
307.110 308.910
309.120 309.990
310.530 312.210
312.210 313.380
313.620 315.120
316.110 317.190
317.400 318.180
318.180 319.950
320.130 321.600
321.810 324.270
324.900 326.250
326.250 327.630
328.260 329.100
329.310 330.870
331.260 332.880
333.090 334.440
334.470 335.730
336.150 337.950
338.910 340.500
340.830 342.180
342.510 344.670
345.000 348.180
348.720 350.280
350.490 352.710
354.960 357.270
357.570 358.740
359.040 360.870
361.380 362.190
362.670 363.750
364.410 365.580
365.880 367.470
368.100 370.050
371.070 372.900
373.230 378.360
378.660 379.860
379.860 380.790
381.120 382.590
382.590 383.250
384.690 385.410
385.620 387.180
387.960 390.480
390.990 394.140
394.410 398.070
399.480 402.210
402.540 403.860
403.980 404.700
404.730 405.690
405.720 407.010
407.910 409.980
410.070 412.230
412.650 413.250
413.430 415.800
416.280 417.390
417.510 418.710
419.460 420.600
421.770 423.540
423.660 424.620
424.710 426.690
427.560 430.740
432.120 433.860
433.920 434.700
435.210 436.890
436.920 437.520
437.820 440.850
441.210 442.410
442.770 444.480
444.990 445.590
446.100 447.270
447.270 448.590
449.100 449.850
450.420 451.980
453.060 453.840
454.050 455.250
455.340 457.110
457.230 458.520
458.970 462.120
463.440 464.910
465.330 468.180
470.310 471.690
472.020 474.690
476.250 478.440
479.130 480.900
481.590 483.570
483.570 485.640
487.230 488.280
488.970 490.500
490.890 493.620
494.130 497.820
498.480 499.080
499.470 500.550
500.700 502.500
502.980 505.440
506.250 507.090
507.210 508.170
509.880 511.140
512.820 515.430
515.430 516.870
516.900 517.920
518.580 519.690
520.950 522.360
522.900 524.460
525.330 527.040
527.310 530.430
530.610 531.540
533.280 535.080
535.350 537.330
538.770 543.270
543.330 544.830
546.390 547.740
548.700 549.360
549.480 550.470
550.470 554.730
555.000 556.470
556.830 558.570
558.960 560.760
561.000 562.920
563.820 567.120
567.120 567.900
569.610 571.590
571.920 573.150
574.230 575.430
576.480 578.700
580.740 582.420
582.750 583.650
583.650 585.360
585.810 587.880
588.150 588.900
589.530 591.420
592.950 593.670
594.240 595.050
595.530 598.170
598.830 599.520
599.520 602.700
602.940 604.350
604.650 605.550
606.150 607.320
607.770 608.640
609.180 613.260
613.920 615.240
617.190 617.790
617.790 619.320
619.650 621.180
621.180 621.900
621.900 624.750
625.440 626.310
627.390 628.050
628.740 631.020
631.020 632.700
633.660 634.680
635.370 636.600
636.720 638.430
639.330 640.560
642.510 643.110
643.110 645.420
645.510 646.380
646.920 648.780
649.980 651.330
651.330 652.710
654.150 655.320
655.590 658.170
659.460 660.600
661.050 662.100
662.190 663.810
665.340 667.590
668.040 669.240
670.110 672.690
673.050 673.710
673.920 675.810
677.550 678.660
679.410 680.280
680.550 681.900
683.520 684.330
684.360 685.860
688.920 690.150
690.420 691.710
693.480 694.920
695.160 695.790
696.300 697.110
697.500 698.850
698.970 699.600
699.690 701.910
702.480 703.710
705.720 706.920
707.100 708.330
708.840 710.010
710.850 712.770
712.950 714.210
714.810 716.130
716.430 717.720
717.780 719.130
719.340 721.770
722.430 724.560
725.100 727.830
728.490 730.650
731.010 732.240
732.600 737.310
737.520 739.050
740.220 740.820
740.880 741.660
741.840 743.640
746.400 747.900
748.440 749.490
749.940 751.440
751.440 752.160
752.340 754.500
755.070 755.700
755.880 756.930
756.930 759.090
759.480 760.320
761.250 762.270
763.020 763.980
764.880 768.090
769.080 770.430
770.460 772.410
772.410 774.030
774.330 774.930
775.260 778.440
778.560 781.800
781.920 782.730
782.760 783.450
783.450 785.250
785.250 787.800
788.340 790.260
790.650 791.460
791.670 793.110
793.170 794.310
794.730 795.960
795.960 797.280
797.580 798.690
798.990 801.120
802.080 802.680
802.980 803.610
803.910 805.500
805.560 806.280
806.730 808.200
809.190 810.870
811.020 812.370
812.460 813.330
814.170 816.480
816.690 818.280
818.280 819.810
819.870 820.770
821.130 821.760
823.380 824.760
825.990 830.130
830.160 834.090
834.360 835.740
836.280 837.300
837.300 840.000
840.420 841.560
841.980 842.940
842.940 845.040
845.100 846.270
846.660 847.800
847.920 848.580
848.670 849.810
849.870 850.530
850.530 853.680
853.950 855.480
855.930 858.030
859.050 859.830
860.400 862.650
863.940 865.800
865.860 868.170
868.650 870.150
870.600 872.400
872.520 873.540
873.720 874.860
874.890 875.670
876.000 877.530
877.770 879.090
879.390 880.170
880.230 880.980
881.280 882.540
882.600 885.540
885.600 886.470
886.500 888.180
888.450 890.250
890.400 891.030
891.090 892.440
892.560 894.060
894.330 896.280
896.340 897.810
898.710 899.670
900.630 902.460
904.380 905.010
905.040 906.270
