0.000 11.610
11.610 13.200
13.200 15.900
16.320 20.580
21.450 22.110
22.740 24.300
25.050 26.400
27.690 29.370
29.940 31.200
32.040 33.360
33.420 35.550
35.580 36.600
36.600 43.560
43.710 45.570
46.230 46.830
46.980 48.630
49.080 52.290
52.680 53.310
53.370 55.080
55.470 58.290
58.920 61.710
62.130 63.630
64.170 67.410
67.800 68.460
68.460 71.250
71.340 76.050
76.680 80.340
80.760 84.810
85.080 87.660
87.660 91.620
91.680 95.460
95.940 96.570
96.570 99.060
99.210 100.470
101.670 106.350
106.890 108.300
108.450 109.170
109.410 111.030
111.150 112.020
113.160 114.750
114.840 117.150
117.300 121.020
121.830 122.760
122.850 125.670
126.210 130.170
130.290 131.520
132.180 134.940
134.940 139.440
139.830 145.440
145.500 147.660
148.560 152.370
153.480 154.110
154.230 156.240
156.390 158.970
159.180 159.780
159.810 160.470
160.620 165.930
166.050 166.770
167.280 170.280
170.280 171.480
172.350 173.820
173.880 175.800
175.800 177.330
178.830 179.910
180.330 181.680
182.190 183.000
183.330 184.530
184.920 186.330
186.450 187.890
188.280 188.910
189.450 190.950
191.160 192.270
192.330 194.940
197.700 198.780
199.410 201.390
201.510 203.910
204.960 206.100
208.050 209.940
209.940 211.290
212.160 214.260
215.580 216.450
216.900 217.500
218.130 221.580
221.580 223.320
223.590 224.370
224.550 228.060
228.600 232.620
233.250 234.990
236.070 236.820
237.210 239.400
239.460 241.170
241.710 243.180
245.190 248.910
249.210 251.580
252.390 254.520
255.630 256.470
256.500 260.460
260.820 262.740
263.070 263.760
263.790 264.870
265.170 267.660
268.380 269.070
269.100 274.170
275.880 276.990
277.500 279.630
280.440 281.040
282.570 283.680
283.680 285.150
286.140 287.130
288.810 291.810
291.810 293.490
294.000 296.070
296.460 300.210
300.510 301.740
301.980 305.610
306.360 306.990
307.200 307.800
307.860 310.560
311.580 313.320
313.530 314.130
314.760 317.700
318.240 319.860
321.330 323.550
323.700 326.370
327.600 330.630
330.690 332.460
334.500 335.280
336.480 337.200
338.400 339.510
340.140 340.800
340.980 342.660
344.730 346.170
346.170 347.430
347.760 350.250
353.370 354.270
355.770 356.940
362.580 364.710
365.010 365.640
365.640 367.860
368.040 369.930
370.170 371.010
371.610 372.450
372.600 373.680
374.220 374.820
