0.000 12.480
12.480 14.790
15.000 18.090
18.090 26.190
26.280 30.360
30.630 31.440
31.560 33.870
33.930 35.100
35.280 39.300
39.840 45.120
46.050 46.680
46.830 50.070
50.730 52.560
53.700 55.680
58.140 58.740
59.760 61.740
62.130 63.060
63.930 64.620
65.280 67.170
67.260 68.040
69.420 70.320
72.300 73.440
74.400 75.210
76.140 76.950
77.010 78.000
78.420 86.400
86.490 88.200
88.350 89.340
89.520 90.510
90.720 92.190
92.430 93.660
96.300 100.650
100.770 101.670
101.670 102.990
104.880 107.220
107.250 109.020
109.170 112.170
112.170 117.030
117.030 118.740
118.740 120.930
121.980 126.840
127.020 128.520
128.640 133.170
133.710 135.240
135.870 142.980
143.880 144.960
145.080 146.850
146.850 148.950
149.430 150.270
150.480 151.560
151.860 153.090
153.330 159.660
159.870 161.040
161.130 162.660
163.050 166.740
167.640 168.330
169.350 170.820
171.510 173.640
174.870 175.800
176.940 179.970
179.970 181.170
181.920 183.360
184.290 186.420
189.180 190.380
191.730 193.620
194.340 196.230
196.590 198.030
198.030 200.520
202.620 205.050
205.830 208.020
209.970 211.590
213.420 214.440
216.510 218.970
221.670 224.340
224.340 226.380
227.190 230.700
231.210 232.800
234.450 238.620
239.370 240.570
242.460 243.810
246.930 248.130
248.130 252.420
252.930 255.240
255.630 258.660
260.910 261.900
266.970 268.890
270.150 271.290
271.530 274.110
274.320 276.510
276.870 278.010
278.070 278.910
279.600 286.680
286.830 288.090
288.120 289.590
289.740 291.120
291.120 295.860
296.130 297.630
297.900 299.670
301.380 306.870
307.800 308.400
308.700 312.210
312.390 316.320
317.250 320.100
320.220 322.170
322.290 325.050
326.220 328.650
328.650 331.800
332.490 338.880
339.540 340.140
340.230 341.940
342.360 343.890
344.760 345.420
345.450 348.570
348.930 350.040
350.370 352.200
355.020 355.770
355.890 356.940
357.210 358.260
359.550 362.070
362.790 366.270
368.100 369.240
369.240 373.200
373.410 376.560
377.010 380.970
381.450 382.080
382.080 385.740
386.820 391.140
392.220 392.820
393.030 394.380
394.560 397.050
398.670 401.280
401.370 403.740
403.830 404.460
404.610 407.820
408.690 409.680
410.430 411.060
412.980 413.610
413.670 416.940
416.940 418.260
418.260 419.670
419.670 420.840
421.950 423.630
423.630 426.420
426.420 427.440
427.830 428.730
430.380 432.060
432.390 433.410
