0.000 12.630
12.780 15.150
15.780 18.510
18.720 29.670
30.060 32.430
32.880 37.680
37.710 38.490
38.490 40.620
40.620 42.750
43.080 43.800
43.890 44.820
46.500 47.520
47.910 50.340
50.880 51.510
52.170 53.130
53.310 58.350
59.190 60.510
60.780 62.010
65.070 65.910
67.260 67.950
68.310 70.440
71.160 73.650
73.680 74.670
75.690 77.280
77.640 78.540
81.180 84.090
84.270 86.100
86.610 91.020
91.170 92.910
92.910 95.670
95.910 101.190
101.460 107.160
107.940 108.570
108.660 111.960
112.380 115.200
115.500 116.130
116.130 116.880
116.940 119.580
120.090 121.950
123.540 125.250
128.400 129.630
130.020 131.070
131.070 133.650
133.860 136.830
136.830 138.420
138.930 139.530
139.830 142.650
142.890 151.860
152.610 153.210
153.270 154.200
154.470 155.280
155.280 157.800
158.220 159.090
159.360 160.680
162.600 163.650
164.790 166.740
168.420 170.730
170.910 173.580
175.200 177.180
178.230 180.060
180.300 182.040
182.700 184.500
185.970 188.280
190.080 191.400
193.620 194.310
194.460 195.600
196.530 197.700
198.720 200.040
200.520 202.590
206.490 207.270
211.560 213.270
213.690 214.860
217.110 217.860
218.760 219.630
219.840 221.790
222.570 225.810
225.900 233.850
233.880 236.520
236.910 247.950
247.980 249.600
249.600 255.030
255.180 259.080
259.290 260.520
260.520 262.080
262.440 263.610
263.610 268.770
268.920 272.910
272.910 274.290
274.290 278.400
278.460 279.690
279.690 282.810
283.560 285.960
285.960 288.690
289.290 289.980
292.500 293.610
294.150 295.500
295.500 301.620
302.700 304.230
304.320 308.040
308.760 309.390
309.870 310.710
311.010 313.620
316.560 317.730
318.930 320.580
320.970 323.790
327.690 329.520
329.850 332.400
333.900 344.010
344.010 345.900
346.050 348.450
348.450 355.980
356.160 359.850
360.210 360.840
360.870 361.650
361.740 363.840
364.170 365.220
366.240 367.380
368.550 369.630
370.470 371.490
371.700 373.050
373.320 374.400
376.170 376.920
377.400 378.330
378.360 381.240
381.270 383.250
383.730 384.360
385.020 385.950
387.870 388.560
388.560 390.030
391.110 393.720
393.720 394.740
395.010 395.910
395.910 396.840
397.620 398.310
398.310 400.890
401.400 402.870
403.230 405.810
409.860 410.700
410.700 413.100
413.880 414.720
416.850 417.630
418.860 419.670
420.210 423.330
424.800 425.790
426.630 428.220
428.250 432.870
432.870 436.410
436.410 438.030
438.150 438.780
438.780 441.570
442.170 443.760
445.440 447.330
447.720 448.800
449.310 450.630
450.630 455.670
455.700 465.570
465.570 467.910
468.060 471.660
471.900 472.800
473.280 475.380
475.410 478.440
479.250 480.780
481.260 486.840
487.020 488.880
488.880 492.630
493.830 496.710
496.800 499.020
500.820 502.320
504.570 506.700
507.030 508.110
508.530 509.940
513.120 516.210
516.570 518.910
518.970 519.870
519.870 521.790
521.790 524.970
525.270 526.350
526.710 528.510
528.720 529.860
532.050 533.760
533.940 535.200
535.470 536.550
539.580 541.050
541.200 542.580
545.190 547.170
547.500 552.690
554.100 555.090
555.270 556.890
558.150 559.800
560.850 563.400
563.550 564.930
565.620 566.490
566.610 567.660
567.810 569.940
570.030 572.850
573.570 576.270
576.960 578.340
581.040 583.320
583.860 587.280
592.200 593.100
593.520 595.950
597.390 600.780
600.900 602.070
610.530 614.580
614.910 615.960
615.990 617.220
617.730 619.680
619.980 623.370
623.370 626.130
626.130 629.910
630.330 633.060
633.690 636.360
637.110 640.650
640.770 644.190
644.610 647.790
648.060 649.890
650.250 651.300
654.600 655.530
656.130 656.880
657.150 657.870
658.050 660.000
660.180 668.310
668.400 675.240
675.240 678.480
678.570 684.990
684.990 689.340
689.790 691.350
691.350 693.690
693.690 696.390
696.390 700.320
700.320 701.520
701.580 702.660
