0.000 56.100
56.100 58.080
58.080 58.680
58.680 76.080
76.230 80.160
80.160 82.590
82.590 92.010
92.040 101.640
101.640 104.040
104.610 135.510
135.720 159.420
159.450 161.250
161.490 165.510
165.780 198.240
198.240 223.770
223.890 224.550
224.550 225.180
225.180 227.700
227.700 236.220
236.220 241.170
241.200 250.230
250.230 252.690
252.690 305.550
305.640 316.050
316.140 324.780
324.780 327.270
328.080 335.040
335.040 450.720
451.140 456.840
457.290 461.430
461.820 465.180
465.720 467.850
467.880 485.940
485.940 493.350
493.350 494.070
494.610 509.100
509.100 511.080
511.110 535.920
535.920 536.700
536.700 548.340
548.340 555.930
555.930 568.380
568.380 578.070
578.070 580.620
580.650 586.560
586.560 587.280
587.400 603.210
603.450 619.470
619.590 623.670
623.760 638.490
638.550 685.530
685.620 698.760
699.120 699.810
700.320 706.590
706.590 714.180
714.360 729.390
729.630 759.000
759.300 761.910
763.920 765.570
765.570 772.470
772.590 803.370
803.370 815.610
815.910 819.750
819.900 821.130
821.160 835.800
835.830 855.900
855.900 874.710
