0.000 15.330
15.450 19.020
19.380 20.610
20.700 21.810
21.810 28.350
28.410 33.720
34.050 36.450
36.450 38.970
39.150 44.400
44.490 46.170
47.220 54.240
54.240 57.540
57.600 62.610
63.240 64.020
64.050 65.220
65.490 68.760
69.000 69.690
69.900 71.130
73.110 75.060
75.330 76.440
76.680 77.370
77.370 81.540
81.660 85.500
85.680 88.170
88.440 92.310
92.340 94.590
94.920 95.520
95.670 98.520
98.580 100.800
100.800 101.700
101.700 102.660
102.660 104.580
105.150 106.470
106.740 112.230
112.680 113.370
113.580 114.240
115.410 123.900
124.530 127.470
127.560 133.860
133.860 136.050
136.530 137.160
137.220 140.940
141.570 142.710
142.710 146.970
147.060 151.410
151.410 157.290
157.710 158.610
158.640 163.560
163.560 167.340
167.850 170.730
170.730 172.350
172.350 174.390
175.050 177.150
177.150 185.370
185.850 187.590
187.590 193.590
193.590 195.270
195.270 201.270
202.200 207.390
207.390 211.350
211.590 215.700
215.820 218.040
218.040 219.840
219.870 220.560
220.560 227.070
227.100 228.570
229.200 229.830
230.250 233.550
233.790 235.710
235.860 237.030
237.420 239.220
239.460 241.050
241.110 244.770
244.890 245.970
245.970 246.720
246.720 249.000
249.480 250.320
250.950 252.570
252.660 255.030
255.330 256.680
257.460 258.060
258.390 263.670
263.700 265.950
266.550 270.900
271.020 279.030
279.030 280.200
280.440 283.620
283.650 285.900
285.900 288.930
288.990 291.330
291.330 297.780
297.870 304.770
304.860 312.690
312.690 315.270
315.360 317.580
318.000 322.050
322.050 323.220
323.220 325.350
327.780 331.860
331.860 335.280
335.520 338.370
338.580 341.490
341.490 344.460
344.790 346.170
346.170 349.020
349.590 350.220
350.220 354.270
354.360 355.380
355.440 357.090
357.120 360.270
360.570 363.090
363.090 368.070
368.130 369.000
369.120 372.900
373.200 376.620
377.250 380.700
381.540 383.400
383.400 386.520
386.610 389.580
390.060 392.250
392.250 398.970
399.480 404.760
404.910 405.810
405.810 408.750
408.870 411.450
411.630 413.040
413.160 415.500
415.500 417.780
418.380 420.330
420.540 421.170
421.170 428.280
428.280 430.710
430.770 437.550
437.580 445.470
445.830 449.430
449.550 453.750
454.050 459.720
460.020 464.670
465.150 466.260
466.260 467.340
467.430 470.460
470.520 471.330
471.390 473.190
473.190 474.750
474.750 476.790
476.790 479.250
479.310 482.100
482.100 483.990
484.260 485.940
486.600 487.860
488.640 490.170
490.170 492.780
492.780 495.120
495.150 498.180
498.180 501.150
501.510 503.130
503.460 505.860
506.250 506.850
506.910 511.740
512.430 514.620
514.920 516.240
516.600 519.720
519.720 522.330
522.390 523.800
523.830 526.680
526.680 529.110
529.230 530.700
532.020 533.550
533.640 535.200
536.100 538.560
538.890 539.760
540.060 541.140
541.140 544.200
544.200 548.580
548.730 553.530
553.560 554.520
554.520 556.020
556.140 559.920
560.460 561.900
562.110 567.540
567.930 571.800
572.190 572.820
574.290 575.640
575.700 584.280
584.340 589.800
589.800 591.690
592.170 596.910
596.910 600.090
600.630 605.610
605.850 607.290
607.590 610.950
611.610 612.270
612.270 614.040
615.570 616.170
616.470 622.410
622.740 623.610
623.610 625.890
626.160 630.480
630.720 634.350
634.800 637.110
637.200 641.280
641.280 643.650
644.040 650.400
650.520 652.710
652.710 654.390
654.390 656.580
656.640 660.600
660.600 662.430
662.640 663.420
664.740 665.490
665.550 666.570
666.720 667.770
667.950 669.480
669.510 672.150
672.600 673.740
674.280 676.500
677.160 679.800
680.400 682.560
683.070 684.660
685.710 686.370
686.370 689.850
689.850 691.230
691.530 695.880
696.030 696.660
696.840 699.360
699.510 702.360
702.360 704.130
705.150 706.620
706.800 708.840
708.840 711.450
711.690 712.770
712.770 713.880
713.910 718.920
718.980 720.450
720.720 722.970
722.970 724.170
724.650 727.800
727.800 728.880
729.000 731.790
731.790 733.020
733.920 734.610
734.610 737.130
737.730 740.010
740.220 741.120
741.120 743.760
744.030 745.230
745.470 748.230
748.380 749.760
749.790 751.380
751.380 752.970
753.090 760.380
760.590 763.200
763.200 765.330
765.540 769.230
769.230 773.220
773.610 778.290
778.290 786.600
786.630 789.000
789.000 791.010
791.010 795.810
795.810 798.690
798.690 800.010
800.190 801.750
803.370 804.930
805.350 808.260
808.950 810.090
810.390 814.710
815.250 821.760
822.000 823.740
824.730 826.110
826.110 826.710
826.980 828.060
828.060 829.470
829.560 830.640
830.640 832.650
832.710 835.380
835.920 837.960
838.110 839.850
839.940 840.630
840.630 845.190
845.190 846.240
847.230 851.400
851.970 852.570
852.570 857.250
857.490 858.630
859.440 861.960
861.960 868.770
869.040 870.540
870.540 871.800
872.670 877.500
877.500 880.440
880.440 882.330
882.450 884.010
884.010 888.990
888.990 895.590
895.590 897.210
897.210 901.140
901.140 902.460
902.460 903.930
904.380 905.250
905.490 908.640
909.330 910.710
910.860 914.550
914.550 916.380
916.530 917.340
917.340 920.550
920.640 924.030
924.120 925.320
925.680 929.370
929.370 930.930
930.930 933.840
933.870 936.360
936.660 938.610
938.610 943.410
943.410 944.400
