0.000 6.030
10.980 14.550
14.550 16.470
17.220 22.800
24.420 25.410
26.640 28.200
29.070 38.130
38.280 39.450
39.450 42.000
42.690 44.370
44.550 47.700
48.090 49.650
49.650 54.540
54.750 56.520
56.610 57.870
57.870 60.000
60.450 63.210
63.270 64.740
65.040 66.270
66.450 68.550
68.550 70.230
70.470 71.310
71.460 74.730
74.970 80.970
81.210 86.820
86.970 88.710
89.010 93.030
93.030 97.860
98.070 102.120
102.720 104.070
104.460 106.080
106.140 107.820
108.120 109.110
109.140 110.640
111.030 113.430
113.580 114.570
114.690 115.710
116.040 119.820
120.450 121.560
121.560 123.780
123.780 125.490
126.300 130.020
130.020 134.490
134.640 136.380
136.620 138.180
138.900 141.480
142.500 145.950
146.280 148.440
148.500 149.460
149.520 153.540
153.570 156.480
156.630 162.870
163.200 165.990
166.200 168.300
168.690 173.640
173.790 176.370
176.970 179.250
180.510 184.950
185.070 189.690
190.260 194.040
194.400 195.870
195.870 197.430
197.430 198.780
198.840 200.070
200.220 206.160
206.220 207.240
207.450 209.790
210.270 214.680
214.680 217.680
218.400 220.500
220.800 222.360
222.570 223.710
224.040 225.660
225.660 227.310
227.550 228.540
228.720 231.990
232.620 235.350
235.350 236.430
236.430 239.190
239.190 242.400
242.850 245.130
245.400 248.760
248.760 249.720
250.740 256.650
258.330 261.690
262.230 264.390
265.170 266.880
267.450 270.690
271.020 272.700
273.210 274.770
274.770 276.000
276.300 277.350
277.740 279.930
280.110 283.620
284.640 288.240
288.390 289.890
290.490 291.360
291.420 294.720
295.470 296.400
296.400 297.600
297.600 299.520
299.640 301.920
301.980 304.290
304.290 306.330
306.330 308.730
309.540 313.440
313.560 315.030
315.240 316.260
316.260 317.010
317.370 319.860
320.010 322.380
322.500 329.370
329.370 331.080
331.200 332.790
332.970 334.980
334.980 336.420
336.420 337.020
337.110 339.000
339.780 342.630
342.990 345.690
345.720 350.130
350.760 351.480
351.570 352.920
353.280 355.560
355.770 356.790
356.910 358.650
358.980 360.000
360.000 361.710
361.890 363.060
363.210 366.900
367.200 367.860
368.070 368.730
368.970 370.950
371.160 377.190
377.190 379.500
380.790 381.390
381.420 382.350
382.590 383.190
383.430 384.570
384.750 385.590
386.250 387.750
387.750 389.940
390.360 391.890
394.140 396.300
397.140 397.740
398.220 399.300
399.660 400.620
401.100 403.500
403.680 405.780
405.810 406.830
408.750 412.860
413.430 415.440
415.440 416.130
416.250 417.060
417.870 418.710
419.580 420.420
420.420 421.500
421.830 423.030
423.780 425.790
426.930 427.530
428.040 431.610
432.030 433.650
434.520 436.530
436.530 437.760
438.390 439.170
439.380 440.100
440.250 441.090
441.270 442.290
443.040 443.730
443.880 445.500
446.700 449.820
450.330 451.710
451.710 453.540
453.540 454.410
454.500 455.340
455.970 457.260
457.620 459.240
459.990 462.180
462.300 463.110
463.770 465.030
465.210 466.620
467.490 468.600
469.140 470.100
471.630 473.370
474.000 474.930
475.020 478.380
479.040 483.180
483.270 484.200
485.190 486.210
486.480 487.410
488.100 490.680
491.040 492.300
492.360 493.530
493.980 496.620
496.740 501.240
501.600 502.710
503.190 505.590
505.860 507.540
508.500 509.970
510.180 512.130
512.640 513.240
513.300 514.200
514.620 516.990
517.620 518.940
519.540 521.610
521.910 524.280
524.970 527.160
527.190 529.410
531.870 532.590
533.190 535.590
537.060 538.560
539.850 541.560
541.860 543.990
544.020 547.110
547.530 549.150
549.480 550.710
552.120 554.880
555.630 556.770
557.370 558.810
559.410 561.540
561.930 563.430
563.760 565.440
567.060 568.350
570.480 572.400
572.460 575.520
577.440 578.760
579.390 581.370
581.370 582.420
582.570 583.530
583.680 587.520
587.910 591.330
591.780 593.850
593.880 595.710
595.980 597.000
597.240 598.380
598.680 599.640
599.640 600.450
600.510 601.710
601.980 604.770
605.550 606.900
607.110 608.880
609.090 610.200
610.920 612.510
612.570 613.590
613.890 617.790
618.300 622.050
622.710 623.520
623.580 627.390
627.780 629.940
630.930 631.770
632.040 634.140
634.140 634.740
635.490 636.090
636.600 640.620
641.190 641.970
642.210 643.230
644.040 644.940
645.210 646.350
646.560 647.670
