0.000 11.940
12.000 13.830
13.830 16.350
16.350 17.370
17.370 23.370
23.790 27.210
27.210 28.530
28.530 30.690
30.930 34.020
34.410 37.920
37.920 40.740
41.010 42.660
43.020 44.070
44.070 52.980
53.220 57.090
57.090 60.600
60.600 62.520
62.940 67.500
67.920 75.360
75.360 76.950
77.100 79.050
79.350 82.080
83.220 84.750
85.320 90.330
90.330 93.750
94.020 97.290
97.290 98.910
99.210 103.560
103.770 104.790
104.790 108.390
108.810 110.670
110.880 115.650
115.920 120.450
120.510 121.740
121.770 129.360
129.360 133.830
134.070 136.140
136.140 137.070
137.070 140.250
140.280 144.990
145.560 163.050
163.290 167.790
167.880 168.870
169.200 174.390
174.390 179.070
179.070 187.950
187.950 191.550
191.550 200.580
200.580 203.970
204.030 207.660
207.660 213.180
213.360 214.500
214.590 221.280
221.280 224.490
224.490 229.410
229.410 231.630
231.630 237.180
237.330 241.260
241.260 244.410
244.410 257.250
257.340 268.530
268.740 283.470
283.560 286.200
286.200 287.190
287.310 290.100
290.340 296.310
296.490 297.780
297.780 301.440
301.440 304.590
304.590 306.210
306.210 310.230
310.350 312.300
312.300 321.150
321.150 322.110
322.170 340.410
340.440 347.070
347.070 356.160
356.160 362.820
363.270 364.320
364.320 370.320
370.530 380.640
380.640 387.210
387.450 396.120
396.300 403.470
403.500 406.740
406.740 414.300
414.360 430.020
430.020 430.890
430.980 436.080
436.080 442.260
442.320 443.910
444.090 451.950
451.950 457.710
457.710 461.730
462.030 468.180
468.360 471.570
471.630 487.500
487.710 493.980
494.100 495.690
495.690 502.110
502.110 510.930
510.930 512.250
512.700 516.180
516.210 518.880
519.690 525.150
525.510 534.300
534.870 537.330
537.570 542.490
542.550 549.510
549.690 552.090
552.270 557.250
557.250 569.280
569.400 572.490
572.640 578.850
579.420 582.300
582.540 590.040
591.060 599.790
600.300 604.560
604.680 606.600
606.600 612.150
612.540 627.750
627.750 638.220
638.220 647.520
647.910 649.440
650.160 654.180
654.480 657.660
657.660 659.220
659.220 660.000
660.030 664.620
664.740 675.180
675.180 677.910
678.150 687.540
687.840 690.510
690.870 698.310
698.310 709.470
709.710 719.130
719.130 720.390
720.570 725.550
725.580 729.990
730.140 735.780
735.780 736.530
736.530 739.020
739.080 742.830
742.920 748.680
748.800 751.710
752.100 756.180
756.810 760.740
760.800 764.550
764.550 765.990
766.080 782.730
782.730 789.660
789.990 792.750
792.870 796.770
796.860 804.600
804.930 808.800
808.860 814.380
814.410 820.770
820.770 825.630
825.960 827.070
827.280 829.680
829.680 831.120
831.120 834.870
834.870 838.110
838.110 840.840
841.050 842.610
843.300 845.610
845.850 848.640
848.730 855.630
855.960 859.980
859.980 861.960
862.050 863.790
863.790 868.680
869.070 877.230
877.380 879.660
879.690 880.680
880.830 883.950
884.910 885.870
885.870 887.430
887.580 889.890
890.310 894.000
894.330 898.350
898.350 906.810
906.840 914.280
915.150 920.070
920.130 921.270
921.600 928.290
928.410 933.270
933.870 936.720
936.930 946.500
946.500 951.360
951.690 961.020
961.230 965.760
