0.000 15.480
15.570 18.690
18.990 21.480
21.660 23.250
23.520 26.610
26.610 29.670
29.820 31.470
31.770 37.110
37.110 45.630
45.660 49.470
49.740 50.940
51.000 53.550
53.640 57.540
58.170 61.710
61.800 63.300
63.360 66.960
66.960 69.870
70.500 72.180
72.360 75.180
75.240 79.260
79.260 82.860
83.670 87.030
87.330 91.470
91.560 95.220
95.400 102.180
102.240 102.840
102.840 104.490
104.970 109.620
109.620 111.000
111.000 113.160
113.220 114.660
114.660 116.040
116.250 117.630
117.690 121.080
121.440 123.210
123.510 125.370
125.370 126.480
126.480 127.950
128.820 130.380
130.680 134.040
134.070 140.010
140.070 144.150
144.360 147.090
147.210 150.480
150.750 154.920
155.280 156.120
156.450 162.450
162.450 176.190
176.580 180.750
180.930 185.100
185.760 186.600
186.600 189.180
189.270 195.690
195.690 197.610
198.030 202.260
202.770 207.900
208.020 211.740
211.860 212.580
212.880 215.850
215.970 217.260
217.440 220.710
220.950 222.000
222.180 226.410
226.620 228.540
228.780 232.470
232.710 238.530
238.530 239.190
239.190 244.830
245.460 248.940
249.060 250.500
250.680 252.570
252.930 258.930
259.020 263.190
263.490 264.840
264.840 266.940
267.000 276.720
276.750 279.360
279.450 284.100
284.460 292.020
292.260 296.700
296.820 301.710
302.250 304.080
304.230 307.020
307.560 311.160
311.550 316.230
316.380 320.850
321.150 323.010
323.010 324.960
325.440 327.540
327.990 329.760
330.390 336.030
336.420 340.200
340.200 342.960
342.960 345.510
345.510 349.290
349.290 351.450
352.020 354.300
354.720 359.730
360.660 368.340
368.400 372.000
372.450 373.860
373.860 377.130
377.310 377.910
378.990 379.590
379.740 385.290
386.700 388.260
388.260 388.920
388.920 389.940
