0.000 14.070
14.340 17.550
17.550 21.810
21.810 26.190
26.280 27.630
27.720 31.020
31.140 32.430
32.730 34.830
34.860 42.000
42.180 43.620
43.620 47.280
47.280 68.640
68.790 70.350
70.440 72.360
72.360 75.030
75.360 78.330
78.810 80.580
80.820 84.540
84.780 87.780
87.930 89.070
89.070 90.780
90.870 95.160
95.160 101.130
101.190 110.100
110.310 115.770
115.770 122.940
122.970 125.190
125.190 130.980
130.980 137.340
137.340 139.920
140.160 144.870
144.870 153.660
153.780 154.380
159.570 161.610
161.760 164.820
164.910 167.250
167.250 169.770
169.770 172.650
172.650 178.440
178.560 182.520
182.550 183.450
183.450 189.030
189.120 193.140
193.140 203.850
204.180 206.580
206.580 211.320
211.320 214.680
214.680 217.080
217.350 224.550
224.910 230.460
230.460 237.570
237.630 243.510
243.510 253.230
253.230 254.880
254.910 261.690
261.690 263.700
263.700 276.150
276.210 281.130
281.130 282.690
282.690 286.500
286.590 291.300
291.300 293.970
293.970 299.940
299.940 303.810
303.840 310.860
310.980 316.020
316.080 320.610
320.760 346.200
346.380 348.690
348.810 353.670
353.700 358.830
359.010 360.390
360.810 366.810
367.230 369.960
369.960 379.710
379.710 387.960
387.960 390.090
390.090 395.490
395.760 403.050
403.050 424.350
424.350 429.150
429.720 432.420
432.420 434.820
434.910 437.370
437.370 439.800
439.800 444.660
444.750 448.110
448.110 456.240
456.600 460.410
460.560 461.730
461.790 463.710
463.800 473.820
474.360 479.370
479.460 480.420
480.450 484.920
485.220 489.210
489.210 492.120
492.300 495.780
495.780 498.090
498.090 502.020
502.020 515.040
515.040 528.030
528.150 529.770
530.130 536.250
536.490 546.900
546.960 547.830
547.830 548.790
548.790 555.840
555.900 558.120
558.150 566.460
566.460 571.320
571.320 574.290
574.290 577.320
577.560 580.440
580.440 586.620
586.650 588.990
588.990 593.700
593.700 596.040
596.040 598.530
598.860 602.130
602.160 609.480
609.480 614.760
614.790 634.380
634.740 646.350
646.620 649.200
649.200 653.070
653.280 657.780
657.810 681.540
681.690 693.060
693.150 705.270
706.140 726.720
726.720 728.700
728.700 730.020
730.020 732.690
732.750 735.150
735.300 742.140
742.290 748.770
748.770 751.380
751.710 753.540
753.570 755.730
755.730 759.660
759.660 764.700
764.700 778.620
778.620 781.470
781.470 784.800
784.800 785.910
786.120 788.910
788.940 794.430
794.460 796.470
796.470 802.560
802.560 807.180
807.180 813.360
813.360 817.650
817.650 820.170
820.350 828.660
828.660 837.720
837.780 846.390
846.390 848.130
848.130 849.420
849.630 851.130
851.250 854.370
854.610 855.660
855.660 858.180
858.180 860.460
860.460 866.850
866.850 875.010
875.010 878.310
878.310 882.750
