0.000 12.960
13.110 16.230
16.260 18.480
18.930 25.590
25.800 26.790
26.790 31.680
31.680 33.300
33.330 34.620
34.620 36.660
36.810 38.010
38.250 43.620
43.740 44.940
44.970 46.320
46.530 48.420
48.510 49.200
49.350 57.930
58.200 61.170
61.320 63.750
63.750 65.880
66.090 68.850
69.090 71.940
72.180 75.420
75.480 78.150
78.360 80.010
80.640 81.690
81.870 85.500
85.620 86.550
86.610 88.620
88.680 89.610
89.610 91.470
91.860 93.480
93.540 95.010
95.160 97.320
97.530 100.050
100.350 102.450
102.540 103.950
104.010 107.910
107.970 111.090
111.090 112.080
112.230 112.830
113.010 115.590
116.010 117.060
117.240 120.510
120.600 122.130
122.580 125.580
125.640 127.050
127.410 131.160
131.430 133.830
133.860 135.210
135.660 136.470
136.650 137.700
138.210 140.160
140.220 141.990
141.990 144.150
144.480 147.000
147.090 154.080
154.500 156.360
156.900 158.520
158.940 160.470
160.920 165.150
165.240 168.240
169.470 170.730
170.970 172.140
172.590 175.590
175.620 176.820
177.000 178.830
179.220 181.650
181.890 183.120
183.360 184.110
184.320 186.540
186.780 188.370
189.030 189.990
190.290 191.640
191.910 193.230
193.410 194.970
195.540 197.940
198.000 198.600
199.530 201.390
201.930 207.240
207.870 209.370
209.580 210.870
210.870 211.470
211.590 213.420
213.420 214.620
214.620 215.610
216.570 218.010
218.010 219.420
219.480 222.330
223.050 224.370
224.490 226.290
226.500 228.570
229.140 229.950
230.070 231.060
231.300 232.680
232.680 233.760
235.440 236.340
236.460 237.690
237.690 240.630
240.720 242.460
243.330 245.100
245.460 246.060
246.300 247.740
248.160 248.910
249.000 250.800
250.920 252.510
252.900 254.820
255.330 256.200
256.470 259.590
260.700 261.930
262.140 262.890
263.100 263.970
264.090 265.080
265.290 268.110
269.130 272.430
272.820 274.590
275.460 276.510
276.930 277.770
277.890 279.330
279.570 281.370
281.610 282.570
282.600 283.710
284.040 288.090
288.540 290.760
290.850 291.810
291.870 292.530
293.040 293.730
293.850 296.010
296.460 297.120
297.780 299.160
299.610 300.270
300.960 304.740
304.950 305.790
305.910 307.890
308.820 310.110
311.130 313.110
313.380 314.370
314.370 315.000
315.120 316.290
317.400 321.360
322.500 323.310
323.310 324.360
324.480 326.400
326.820 330.960
331.230 331.830
331.830 332.580
333.090 334.050
334.050 334.650
334.950 335.550
335.610 336.510
336.630 337.680
338.160 339.330
339.450 341.220
341.730 343.350
345.570 346.200
346.200 347.550
347.760 349.080
349.740 352.140
352.740 353.790
354.180 357.480
357.960 360.780
360.900 361.500
361.770 363.960
365.040 367.890
368.130 368.880
369.330 369.930
370.050 371.280
371.370 372.690
372.720 373.320
374.520 376.110
376.590 377.460
377.880 379.170
380.490 381.900
382.050 382.980
383.340 386.190
386.460 388.680
389.700 391.230
391.380 393.390
393.780 395.340
395.580 396.570
396.810 397.650
397.830 400.350
400.410 401.190
401.370 403.020
403.380 404.250
405.540 408.210
408.330 409.470
410.340 412.710
413.550 415.530
415.800 417.870
418.350 419.040
419.100 420.360
420.450 421.680
421.890 424.290
424.350 426.420
426.660 429.150
429.210 430.590
431.400 433.230
433.230 433.860
433.920 435.270
435.330 436.560
436.560 437.160
437.280 439.950
440.160 441.480
441.960 443.100
443.790 445.590
445.650 449.610
449.850 451.140
451.560 452.700
453.180 454.230
454.440 456.030
457.800 459.000
459.240 460.080
461.670 463.710
464.820 465.960
466.200 466.800
466.860 469.050
469.080 470.190
470.760 472.050
472.620 476.340
476.370 477.330
478.650 479.610
479.640 480.690
480.900 481.950
482.070 483.090
483.450 484.590
484.890 486.450
486.720 488.070
488.220 489.090
489.930 491.130
491.760 492.540
492.780 493.650
494.190 495.630
496.560 499.470
499.890 501.870
502.020 504.450
505.170 507.000
507.060 509.040
509.250 510.420
510.810 511.770
511.890 513.720
513.720 515.460
515.460 516.060
516.270 517.560
518.010 518.670
519.900 523.140
523.200 524.520
525.300 526.530
527.430 530.280
531.420 532.350
533.430 535.980
536.190 536.820
536.850 537.810
537.900 539.400
539.940 541.290
541.500 542.520
542.730 544.200
544.260 545.310
545.310 545.940
546.000 547.260
548.370 548.970
