0.000 6.210
10.710 21.120
22.140 24.990
25.020 26.970
27.240 37.440
37.440 41.310
41.580 43.890
43.890 51.150
51.180 61.560
61.560 64.620
64.620 73.140
73.140 76.260
76.380 86.190
86.340 98.790
98.940 104.970
105.090 116.070
116.070 123.360
123.360 134.460
134.700 139.410
139.500 144.270
144.300 150.330
150.330 152.340
152.370 176.670
176.670 186.330
186.330 187.860
188.040 190.890
190.890 193.110
193.350 197.280
197.490 211.350
211.680 217.140
217.170 220.620
220.800 225.510
225.990 235.650
235.650 248.730
248.730 249.720
249.720 250.530
250.590 255.120
255.450 276.720
276.780 289.890
290.370 293.460
293.460 295.590
295.590 308.100
308.100 315.060
315.060 319.830
319.830 324.810
325.020 327.690
327.690 328.440
328.590 329.970
329.970 349.740
349.740 353.070
353.610 358.260
358.260 362.340
362.340 368.130
368.130 376.800
376.800 387.990
388.290 390.840
391.050 405.090
405.540 413.700
413.700 415.110
415.110 417.600
418.200 435.540
435.540 437.310
437.490 439.470
439.470 441.240
441.240 447.870
447.870 451.860
452.070 456.090
456.090 458.400
458.400 463.170
463.170 464.250
465.060 466.200
466.260 478.440
478.440 480.240
480.360 486.810
487.140 498.630
498.660 507.510
507.780 510.600
511.020 513.030
513.030 514.170
514.170 515.010
515.070 516.840
516.840 528.960
528.960 544.290
544.500 555.210
555.450 559.230
559.500 561.060
561.630 565.650
565.650 577.470
577.860 580.590
580.590 587.970
587.970 596.520
596.610 597.660
597.660 606.810
606.810 608.640
609.000 613.170
613.350 618.210
618.930 623.550
623.550 624.510
624.510 628.740
628.740 631.650
632.010 632.880
632.940 633.540
