0.000 12.240
12.240 15.720
15.810 24.300
24.330 31.710
31.710 39.810
39.840 47.070
47.070 50.490
50.490 55.200
55.290 57.570
57.570 62.580
62.610 75.990
76.080 78.510
78.510 94.830
94.830 98.430
98.880 107.910
107.910 110.310
110.460 111.150
111.420 114.660
114.660 118.860
119.010 121.080
121.230 122.670
122.700 124.530
124.530 126.240
126.240 126.930
126.990 129.420
129.420 131.310
131.370 140.010
140.040 142.860
142.920 154.860
155.970 156.570
156.990 158.160
158.400 161.970
161.970 165.780
165.930 172.140
172.140 174.720
174.720 178.920
178.920 181.920
182.100 183.240
184.500 185.760
185.760 187.530
187.530 191.610
191.640 201.420
201.420 204.390
204.420 205.800
205.800 208.890
208.950 209.760
209.760 211.710
211.710 215.220
215.220 220.650
220.650 224.250
224.250 227.910
227.910 229.770
229.980 231.420
231.480 235.590
235.650 247.350
247.350 248.940
248.940 256.830
256.830 264.450
264.450 272.340
272.340 274.620
274.620 286.590
286.590 290.430
290.430 292.920
292.920 295.680
295.680 296.940
297.420 303.030
303.150 305.430
305.880 308.040
308.040 314.520
314.520 315.900
315.900 317.700
318.060 324.570
324.570 345.990
345.990 350.850
350.880 366.000
366.000 367.770
368.370 376.320
376.320 382.290
382.410 395.160
395.250 404.160
404.160 412.200
412.200 413.460
413.520 424.620
424.620 425.700
425.760 446.130
446.370 449.250
449.250 454.470
454.500 455.970
455.970 458.220
458.340 465.300
465.570 469.320
470.190 473.280
473.280 475.050
475.590 476.850
479.460 483.960
483.960 486.660
486.690 488.400
489.240 490.770
490.800 522.660
522.900 525.990
525.990 536.310
536.310 539.040
539.580 543.660
543.660 545.190
545.190 549.660
549.690 556.890
556.890 586.230
586.560 590.520
590.550 594.600
594.600 600.060
600.060 601.080
601.170 616.620
616.620 624.090
624.210 629.610
629.850 630.570
631.020 640.140
640.140 641.730
641.790 646.860
647.100 648.780
648.870 664.350
664.350 667.650
667.650 670.170
670.170 672.030
672.030 673.590
673.830 684.900
684.900 691.200
691.560 696.030
696.030 704.970
704.970 715.260
715.410 725.610
725.670 727.410
727.410 732.120
732.120 735.240
735.240 749.640
749.640 758.880
758.910 760.860
760.860 762.720
762.720 766.800
766.800 772.020
772.020 780.990
780.990 784.980
785.010 790.620
790.620 791.670
791.670 795.300
795.450 800.760
800.760 805.110
805.380 807.390
807.390 811.560
811.560 812.790
812.820 814.080
814.770 815.550
815.610 824.580
824.580 832.320
832.380 836.880
836.880 839.520
839.520 840.960
841.560 845.520
