0.000 18.090
18.180 18.900
18.900 29.520
29.550 37.320
37.320 39.960
39.960 44.310
44.310 46.080
46.080 50.460
50.460 51.270
51.990 59.520
59.580 66.180
66.450 77.040
77.040 82.050
82.260 83.400
83.430 86.940
86.940 92.100
92.100 93.690
93.690 108.570
108.600 118.980
119.100 126.420
126.780 128.970
128.970 139.290
139.320 140.070
140.070 143.460
143.490 144.750
145.020 145.860
147.180 153.150
153.150 156.990
156.990 175.740
175.740 176.670
176.670 180.030
180.030 181.800
181.800 193.950
193.950 209.100
209.670 218.010
218.040 221.760
221.760 224.460
224.640 227.940
227.970 237.570
237.570 242.340
242.490 243.930
244.050 268.680
268.740 276.450
276.540 277.380
277.740 286.620
286.620 289.260
289.260 290.370
291.030 291.750
292.770 293.820
293.820 297.210
297.210 300.030
300.030 304.500
304.500 313.080
313.230 314.460
314.520 316.980
317.070 323.520
323.670 325.470
326.190 327.630
327.630 329.640
329.640 342.990
342.990 344.100
344.250 355.650
355.650 359.610
359.640 365.190
365.340 368.160
368.160 374.070
374.430 375.660
375.810 379.770
380.610 386.910
386.970 397.830
397.830 400.020
400.020 413.280
413.280 416.790
416.790 424.470
424.470 425.700
426.360 427.080
427.080 464.430
464.490 468.750
468.780 472.140
472.140 478.890
478.890 492.930
493.260 504.600
504.600 507.060
507.060 528.750
528.750 531.900
531.990 535.290
535.440 541.470
541.470 545.700
545.700 548.430
548.430 549.720
549.720 556.050
556.050 558.900
558.900 564.480
564.480 567.690
567.810 569.370
569.940 578.550
578.610 580.680
580.680 590.310
590.310 594.210
594.210 596.100
596.100 620.400
620.400 627.900
627.900 634.770
634.830 642.900
642.900 643.500
643.590 645.120
645.420 649.350
