0.000 11.370
11.370 20.070
20.190 21.900
22.050 29.910
29.910 34.800
35.160 42.750
42.750 43.440
43.440 55.890
56.400 63.090
63.330 65.070
65.160 66.330
66.510 67.950
68.190 68.790
68.820 70.650
71.550 73.740
74.460 75.840
75.840 79.890
80.130 82.350
82.350 85.950
86.070 90.570
91.020 100.680
100.680 111.330
111.540 115.080
115.080 118.050
118.050 120.270
120.270 122.370
122.370 124.260
124.380 126.030
126.030 129.420
129.420 134.430
134.430 137.100
137.280 139.710
139.890 144.180
144.690 146.160
146.400 148.260
148.260 151.260
153.390 155.490
155.670 158.940
159.360 165.090
165.540 167.640
167.730 169.650
170.070 170.910
170.940 173.790
174.960 175.920
175.920 177.150
177.150 179.700
179.760 181.380
181.440 182.820
183.240 184.620
184.920 185.610
185.910 186.930
187.740 188.400
188.670 189.480
189.600 190.920
191.160 194.820
199.290 200.340
200.490 201.690
203.640 205.290
206.010 207.780
207.870 209.640
209.640 212.460
213.090 214.290
214.620 218.430
218.610 219.780
220.650 221.490
222.330 223.800
225.660 226.590
227.100 228.510
228.690 229.950
230.370 232.470
232.920 233.700
236.610 237.720
237.930 239.820
240.060 241.140
241.320 243.270
244.230 246.180
248.520 250.170
251.400 252.000
252.240 255.540
257.850 258.510
258.930 259.620
260.220 261.210
261.210 262.860
262.890 263.730
264.360 267.060
267.960 269.400
275.040 284.070
284.100 286.380
288.000 289.200
289.200 291.210
292.740 293.460
293.460 295.260
295.260 297.360
297.450 303.330
303.690 304.290
304.590 306.120
308.010 308.610
308.940 313.680
318.990 322.290
323.100 327.090
327.360 330.270
330.270 334.080
334.500 336.690
337.110 339.330
346.230 350.730
350.850 351.720
352.170 353.550
353.550 356.400
357.090 361.560
362.310 364.380
364.380 367.050
367.710 370.140
371.430 373.710
374.790 379.620
380.100 381.870
384.660 387.090
387.090 391.380
392.070 392.700
392.970 395.490
395.490 398.550
398.610 402.720
402.900 403.530
403.530 404.310
404.310 406.380
408.090 409.200
409.890 411.960
411.960 414.690
415.230 422.910
422.910 424.230
424.230 429.840
430.050 431.820
432.240 433.470
435.570 438.240
438.330 440.460
440.880 441.750
444.330 445.320
445.500 448.740
450.180 450.870
450.870 453.870
454.020 455.370
456.240 457.440
458.850 459.480
459.810 460.590
460.770 465.780
466.500 467.790
468.960 470.010
470.850 472.560
475.470 477.240
480.720 483.720
483.720 489.300
489.690 490.290
490.560 495.630
496.650 498.510
498.840 500.520
502.560 504.390
504.540 505.890
509.610 511.650
512.010 515.340
515.520 517.230
518.190 519.270
519.420 521.310
524.670 529.320
530.010 531.660
533.340 535.140
535.320 539.490
539.730 542.610
544.950 545.730
546.600 548.490
550.020 551.400
551.820 553.530
555.780 556.380
556.410 558.990
563.430 564.150
564.840 565.650
565.680 566.670
566.670 567.570
568.260 569.820
570.630 571.590
572.340 573.450
574.260 575.160
575.940 577.020
580.620 581.970
583.380 586.110
586.260 587.850
587.880 588.540
588.870 592.680
593.700 594.840
596.340 597.510
599.820 601.080
602.280 603.420
605.580 606.390
606.450 611.790
611.880 617.670
618.150 618.750
619.020 623.220
623.670 625.620
625.710 626.730
626.970 628.410
628.710 630.090
630.090 637.080
637.140 644.280
644.310 647.730
647.730 648.660
