0.000 11.880
12.540 13.860
13.950 17.790
17.940 18.750
18.960 22.710
22.830 28.560
28.620 30.630
30.810 31.950
32.130 37.350
37.440 41.070
41.070 41.670
41.790 42.510
42.810 45.330
45.840 47.670
47.850 48.540
48.900 50.040
50.340 51.600
51.750 54.300
55.200 57.030
57.390 58.170
58.620 59.580
59.790 61.890
64.440 65.040
65.190 68.370
68.700 72.930
73.710 78.480
78.870 80.640
81.210 81.870
83.430 86.820
86.820 90.930
91.020 91.920
93.330 94.590
96.450 97.920
98.340 99.690
104.190 106.290
106.980 108.450
110.490 112.770
113.070 113.670
113.760 116.280
117.300 121.620
122.640 123.270
126.000 129.900
130.110 132.180
132.630 134.220
134.220 138.540
138.870 141.330
141.570 144.810
145.080 149.160
149.310 149.970
150.000 151.050
151.290 152.550
152.760 154.980
155.880 156.810
157.050 158.400
158.730 159.780
160.530 162.210
163.830 165.150
165.510 167.190
167.610 168.240
168.660 169.560
169.590 172.500
172.860 175.200
175.650 176.640
177.780 179.190
181.050 183.840
184.140 184.800
184.890 188.640
190.920 192.630
192.870 193.770
194.280 195.150
195.540 196.770
199.350 200.520
202.830 205.230
205.290 206.430
207.210 208.920
209.640 211.260
213.270 214.050
214.260 215.820
216.330 217.440
217.680 218.340
218.700 222.540
223.590 224.430
224.580 225.570
227.490 229.380
229.440 231.930
231.930 234.060
235.050 237.690
238.230 239.220
239.880 241.980
242.070 243.120
243.390 244.620
245.070 246.600
246.690 249.480
249.480 251.520
251.790 255.690
255.750 259.050
259.230 263.580
264.210 264.810
265.380 266.550
266.610 270.510
270.660 275.700
275.940 276.600
276.930 281.970
282.300 283.890
283.980 284.970
285.090 289.350
289.350 292.710
293.130 293.760
293.760 296.340
296.340 296.940
297.630 301.230
301.470 303.420
304.440 306.030
306.240 308.220
308.970 309.660
310.350 311.100
311.130 317.370
317.760 319.320
320.280 322.320
324.900 327.450
327.510 330.540
331.080 332.520
333.150 333.930
334.170 336.840
337.500 338.130
338.520 350.340
350.340 353.220
353.220 358.470
358.650 366.840
366.990 369.240
369.870 372.870
372.930 374.940
375.150 377.010
377.010 384.330
384.390 386.700
386.700 393.180
393.240 394.590
395.400 397.200
397.800 401.970
401.970 406.860
406.920 407.940
407.970 410.760
411.030 412.470
412.710 414.390
414.510 416.190
416.700 418.260
418.680 419.850
421.800 425.910
426.840 429.720
430.380 431.010
432.570 435.360
437.940 439.890
444.270 445.020
445.860 448.380
448.380 451.890
452.040 453.180
453.180 453.960
455.610 457.560
458.010 458.610
458.760 462.000
462.480 463.080
463.080 463.980
464.130 467.550
468.180 470.520
471.000 473.820
474.480 477.180
478.290 480.990
481.170 482.160
482.430 484.710
484.860 485.970
486.990 489.510
489.510 490.650
490.770 496.770
496.860 503.910
504.150 507.210
507.210 508.080
