0.000 11.850
11.850 13.200
13.410 22.410
23.160 26.460
26.460 32.610
32.610 34.500
34.500 37.170
37.380 39.180
40.050 43.830
43.830 52.440
52.440 53.490
54.030 57.270
57.480 65.370
65.370 67.560
67.560 68.310
68.310 81.750
81.930 86.250
86.280 89.820
90.000 90.870
90.870 93.900
93.900 98.220
98.220 99.810
100.950 103.470
103.470 105.000
105.510 106.620
106.680 111.510
111.510 114.990
114.990 116.400
117.240 137.520
137.520 140.550
140.550 150.810
150.810 179.340
179.340 193.770
193.830 205.920
206.070 212.460
212.460 229.860
229.920 234.390
234.420 245.100
245.430 248.970
249.120 271.890
271.920 273.450
274.020 275.520
275.520 277.650
278.160 279.450
279.510 280.770
280.770 287.460
287.460 301.350
301.410 302.940
303.210 308.670
308.670 310.530
310.530 321.510
321.600 323.880
323.880 328.860
328.980 332.310
332.400 336.000
336.000 338.010
338.040 342.720
342.720 357.240
357.330 367.770
367.770 372.450
372.450 469.170
469.170 470.910
471.420 479.910
479.910 482.640
482.640 498.930
498.960 517.230
517.620 519.330
519.330 528.840
528.840 529.800
529.800 540.300
540.900 543.240
544.260 545.010
545.010 547.440
547.830 569.190
569.280 574.800
574.830 585.210
585.300 600.060
600.060 603.480
606.570 607.320
607.320 616.290
616.320 619.440
619.440 634.440
634.590 636.060
636.210 647.520
647.520 648.420
648.450 719.880
719.880 720.660
721.020 721.680
722.310 723.090
723.090 734.220
734.220 750.930
750.960 752.130
752.130 753.690
754.380 761.160
761.280 789.990
789.990 810.270
810.480 820.110
820.170 827.130
827.130 832.260
832.260 854.940
854.940 858.120
858.690 861.480
861.480 872.370
872.400 874.470
874.530 899.490
899.490 925.350
925.350 926.670
926.730 930.000
930.000 933.840
933.840 938.160
938.160 941.010
941.010 964.530
964.590 978.900
978.960 981.180
981.570 984.720
984.720 987.750
987.750 989.490
989.610 994.410
994.410 998.160
