0.000 16.470
16.500 18.990
19.080 21.540
21.540 25.530
25.530 27.270
27.390 30.990
31.110 34.920
34.920 37.260
37.470 39.840
40.050 43.890
44.490 45.930
45.930 47.370
47.370 48.510
48.720 50.370
50.610 52.920
52.950 56.490
56.790 57.660
57.660 61.770
61.770 64.740
65.040 66.600
66.780 68.460
68.490 71.310
71.490 73.740
73.740 75.000
75.750 77.400
77.940 79.410
79.680 84.900
84.930 86.430
86.670 87.990
87.990 88.620
88.740 90.180
90.180 91.410
91.800 94.020
94.020 95.010
95.430 96.660
96.660 99.420
99.900 101.310
101.640 103.530
103.770 105.300
106.410 109.710
109.740 113.640
114.570 115.290
116.160 117.870
117.960 119.400
119.610 122.580
122.760 126.780
127.320 130.530
131.760 132.870
133.830 135.480
135.840 137.130
138.060 139.410
140.760 143.040
143.880 146.130
146.490 147.090
147.810 149.640
149.640 152.730
152.970 155.730
156.360 160.260
160.350 161.070
161.490 163.920
164.460 169.650
169.890 171.300
172.140 174.390
174.660 177.450
178.050 179.280
180.150 181.410
181.500 183.450
183.630 186.060
186.540 187.320
188.430 190.680
191.160 192.480
193.500 194.550
195.300 197.970
199.860 200.610
201.120 202.650
202.980 203.970
204.120 205.770
205.950 209.760
210.330 211.800
212.850 214.080
214.860 215.760
215.760 218.370
218.850 219.990
220.020 222.090
222.120 223.620
223.650 224.760
224.940 226.380
226.620 229.200
229.380 230.220
230.400 231.000
231.210 233.460
233.670 235.590
235.650 238.170
238.440 241.350
241.500 242.490
242.520 243.900
243.960 246.300
247.350 248.250
248.310 250.080
250.980 253.110
253.590 254.580
256.200 257.100
257.100 257.970
258.150 260.250
260.490 261.900
261.900 263.340
263.640 264.420
264.630 265.470
265.470 266.400
266.970 270.060
270.660 271.920
272.010 273.150
273.570 275.670
276.360 278.220
279.180 280.020
280.200 283.230
283.620 285.420
285.720 289.260
289.260 290.100
290.730 291.690
292.020 293.070
293.550 295.140
295.680 297.090
297.090 297.690
297.930 299.250
299.310 299.910
299.970 301.410
301.770 303.390
303.390 304.110
304.560 305.640
305.700 306.840
306.990 309.540
309.780 310.560
310.950 311.730
311.910 312.840
313.560 314.910
315.360 317.250
320.220 322.110
322.830 323.640
324.420 327.120
327.510 328.320
328.440 330.960
330.990 331.980
332.100 333.780
333.990 335.460
335.790 336.600
336.990 338.190
338.190 339.000
339.240 341.250
341.700 342.570
342.930 344.160
344.280 345.990
346.200 346.800
347.940 349.320
349.620 350.850
351.180 352.680
353.460 355.830
356.340 357.510
357.780 359.610
360.060 361.920
362.130 363.330
363.450 364.920
365.190 366.120
366.690 367.710
367.740 369.960
370.110 372.000
372.000 373.110
373.440 374.220
374.400 377.040
377.130 378.570
380.160 380.970
381.240 382.530
382.530 383.940
384.030 385.140
385.350 386.790
387.960 391.680
391.770 395.970
396.390 398.550
398.880 399.600
401.610 403.140
403.290 404.670
405.000 406.470
407.250 409.440
409.710 412.290
412.410 413.130
413.910 414.510
414.570 415.170
415.170 415.830
416.490 418.470
418.800 420.510
420.720 424.500
425.490 426.600
426.810 428.160
430.620 431.760
431.880 433.080
433.320 434.700
434.820 436.350
436.890 437.700
438.120 439.560
440.160 441.510
442.050 443.490
443.880 445.470
446.040 447.390
448.140 448.950
449.190 450.960
451.110 452.580
452.730 454.530
454.800 457.770
458.040 460.710
460.710 462.000
462.360 463.440
463.890 466.290
466.680 468.090
468.180 468.930
469.050 470.010
470.100 471.930
472.080 472.950
474.960 475.560
476.070 476.670
476.820 478.560
478.830 480.210
480.210 481.440
482.880 484.680
484.680 486.270
486.360 487.050
487.260 488.400
488.700 491.130
491.430 493.020
493.530 496.050
496.830 498.630
499.140 500.760
501.300 503.160
503.220 504.060
504.120 504.960
505.230 506.370
506.370 507.150
507.420 508.020
508.140 510.240
511.350 512.280
512.610 514.110
514.530 516.780
519.660 520.650
521.970 522.570
522.750 524.760
524.910 526.710
527.580 529.650
530.100 531.000
531.780 532.770
532.860 534.990
535.530 536.430
536.460 539.250
539.760 541.560
541.860 542.700
543.330 544.080
545.580 548.160
548.910 550.080
550.710 551.460
551.880 554.280
554.670 555.480
555.780 556.620
556.680 558.270
558.570 560.670
560.940 563.160
563.730 565.410
565.440 567.330
569.490 571.530
571.620 572.670
572.850 573.720
573.990 575.430
576.540 578.100
578.280 579.540
579.870 582.240
582.480 583.350
583.800 584.670
584.910 586.170
587.070 588.060
588.420 589.590
589.800 592.200
592.650 595.920
595.950 597.630
597.690 599.220
599.280 600.120
600.240 601.140
604.650 605.790
605.790 608.040
608.340 609.090
609.210 610.890
610.890 614.070
614.070 615.000
615.210 616.050
616.110 618.150
618.300 619.680
619.680 620.340
620.460 621.510
622.920 624.060
624.060 624.960
624.960 625.680
625.830 627.390
628.500 629.400
629.790 630.510
630.510 631.560
