0.000 14.940
15.090 17.220
17.220 25.230
25.710 31.080
31.230 35.040
35.310 38.730
38.730 41.190
41.190 46.170
46.620 47.250
47.550 49.770
50.100 53.190
53.190 54.840
55.200 59.010
59.400 63.480
63.810 64.410
64.410 67.500
67.800 68.490
70.320 71.370
71.640 77.400
77.700 78.960
78.960 81.480
81.570 84.060
84.480 85.410
85.440 86.940
88.170 90.960
90.960 92.310
92.430 94.560
94.740 97.050
97.050 98.280
98.280 99.630
99.750 101.550
101.640 105.030
105.030 105.660
106.320 107.790
107.790 109.740
109.830 113.550
113.760 115.500
115.650 117.960
118.260 120.750
121.140 122.070
122.280 123.540
123.930 128.820
129.180 129.870
129.870 132.870
133.680 136.950
137.310 139.350
139.500 141.480
141.630 144.360
144.810 151.320
151.590 152.970
153.090 156.150
156.450 158.520
158.820 165.450
165.450 168.150
168.210 170.520
170.580 172.110
172.380 174.720
174.720 177.690
177.870 182.490
183.480 185.970
185.970 187.290
187.290 191.700
191.700 195.360
196.500 198.930
199.020 201.270
201.750 202.890
202.890 205.590
205.800 208.140
209.010 210.480
210.660 213.000
213.300 214.200
214.200 215.280
215.580 218.880
219.330 220.800
220.920 225.120
225.150 227.640
227.640 229.890
230.160 231.030
231.030 235.080
235.350 237.630
237.690 238.380
238.650 239.700
240.720 244.470
244.620 245.760
246.270 246.990
247.230 249.210
249.390 250.680
250.680 251.790
251.820 259.860
259.950 262.500
262.710 267.180
267.510 271.830
272.880 274.470
274.470 276.690
276.690 277.380
277.380 278.580
278.910 285.960
287.820 288.930
288.990 290.490
290.490 291.210
291.300 294.240
295.110 299.100
299.250 301.710
301.770 303.390
303.390 305.670
305.940 309.000
309.690 311.760
311.910 313.140
313.140 315.330
315.480 318.150
318.420 321.360
322.410 325.200
325.680 332.100
332.370 333.360
333.360 335.100
335.220 338.640
338.700 341.250
341.580 345.360
345.930 348.690
348.690 352.830
353.040 354.750
354.810 357.120
357.420 362.910
362.910 364.890
365.310 366.630
366.630 367.440
367.560 370.980
371.340 374.790
375.330 378.000
378.180 379.620
379.650 381.690
381.690 382.320
382.770 386.400
386.670 387.480
387.720 390.660
390.660 395.910
395.910 396.690
396.690 402.330
404.040 409.590
409.620 410.370
410.370 411.450
