0.000 9.750
10.020 11.190
11.190 14.040
14.220 15.420
15.600 17.700
17.940 18.660
18.660 21.330
21.630 23.250
23.490 27.000
27.000 28.590
28.830 30.960
31.230 31.860
31.860 33.240
33.240 35.340
35.340 36.120
36.210 36.930
37.260 37.860
37.860 38.670
38.730 40.260
40.680 42.360
42.630 43.590
43.710 45.810
46.080 47.370
47.610 48.900
49.950 50.880
51.150 53.880
54.060 57.330
57.600 59.610
59.640 62.430
62.790 63.960
64.230 64.950
64.950 65.970
66.540 68.730
68.940 70.440
70.830 71.880
72.150 74.430
75.030 77.580
77.970 79.830
80.130 83.040
83.190 85.230
85.230 85.860
86.010 88.140
88.530 90.090
90.090 91.530
92.010 93.150
93.150 94.020
94.080 96.000
96.120 101.250
101.700 102.450
102.810 106.320
106.320 109.110
109.470 111.870
111.960 112.920
113.070 113.700
114.150 115.170
115.530 116.340
117.180 118.500
118.500 122.070
122.580 125.100
125.220 127.470
127.800 130.470
131.100 133.740
134.250 135.300
135.390 136.650
138.360 139.440
139.440 140.670
140.670 145.110
145.410 147.660
147.810 148.800
149.520 153.450
153.870 154.710
155.490 156.360
156.450 157.560
157.830 158.970
159.090 159.930
160.380 161.130
161.160 161.880
162.480 165.750
165.750 168.180
168.570 169.740
169.920 172.740
173.580 177.660
177.690 178.860
179.370 181.290
181.680 182.280
182.340 185.610
186.180 189.000
189.510 190.110
190.290 191.670
191.820 192.990
193.260 195.330
195.450 197.100
197.400 198.120
198.210 200.820
200.910 203.640
203.940 204.660
205.380 206.310
206.790 208.050
208.410 209.490
209.550 210.840
212.220 217.800
218.550 221.670
221.880 223.470
223.470 224.070
225.240 227.550
228.540 229.800
230.010 230.820
231.540 232.950
233.040 235.080
235.080 235.740
236.280 237.150
237.240 238.170
238.170 239.550
239.730 241.380
241.650 242.400
242.430 244.230
244.320 245.130
245.580 250.140
251.160 252.450
252.690 253.950
253.950 256.980
257.340 259.920
259.950 261.060
261.450 262.200
262.440 268.590
268.890 271.500
271.950 273.030
273.360 275.820
275.820 285.090
285.480 287.880
288.060 290.070
290.370 292.950
293.280 296.070
296.100 299.610
299.970 302.970
303.030 305.910
306.330 311.460
311.730 315.930
316.170 317.370
317.460 319.710
320.220 321.930
322.440 325.230
325.410 326.310
327.870 329.070
329.700 332.970
333.120 334.440
334.470 336.030
337.170 340.230
340.290 341.550
341.640 343.320
343.620 348.330
348.510 351.180
351.330 354.510
354.750 358.080
358.140 358.740
359.010 360.600
360.660 365.160
365.250 366.150
366.150 369.180
370.080 370.800
370.800 373.560
374.520 375.780
375.780 378.870
379.620 381.180
381.480 385.260
385.650 387.120
387.240 387.990
388.140 389.340
389.760 391.890
392.190 394.950
394.950 395.910
395.970 398.940
398.970 402.720
402.840 403.440
403.980 406.740
407.160 408.900
409.650 413.190
413.850 416.850
417.000 419.040
419.340 422.580
423.390 425.100
425.880 427.500
428.100 429.720
430.050 432.150
432.780 433.680
434.010 435.240
435.990 438.840
439.740 441.060
441.270 445.830
446.040 447.480
447.930 449.130
450.150 451.650
451.650 453.990
454.680 455.970
456.450 457.230
457.290 458.760
458.880 460.290
460.470 463.410
463.800 466.500
466.800 468.330
468.750 471.660
471.660 476.490
476.880 480.150
480.750 483.120
483.210 485.160
485.430 486.900
487.410 490.020
490.230 493.620
493.950 496.860
497.220 497.940
498.030 502.500
502.800 507.150
507.390 509.070
509.070 511.530
511.800 514.020
514.110 515.100
515.100 517.230
517.230 520.560
520.560 521.610
521.610 523.590
523.590 524.250
524.280 526.860
526.860 528.660
528.900 531.150
531.570 532.740
533.160 534.180
534.300 537.660
537.870 539.730
539.970 541.020
541.140 543.240
543.390 544.170
544.560 546.360
546.870 548.310
548.490 550.380
551.130 553.020
553.440 555.600
555.930 557.100
557.160 559.380
559.440 563.010
563.100 563.820
563.820 568.380
568.380 570.360
570.360 572.400
573.030 577.470
577.710 578.940
578.970 580.200
580.290 585.720
585.900 587.370
587.580 590.970
591.300 597.480
597.570 599.100
599.100 600.360
600.360 601.650
601.650 604.560
604.770 606.870
606.990 608.250
608.430 609.900
610.260 612.870
613.170 614.580
614.580 616.410
616.770 617.550
617.610 619.050
619.050 621.390
621.480 626.310
626.400 627.690
627.870 628.980
628.980 632.700
632.940 633.840
633.870 638.550
638.580 642.450
642.720 644.130
644.250 649.650
650.400 652.950
652.950 656.370
656.460 659.040
659.910 663.390
663.570 664.860
664.860 668.820
669.540 674.100
674.730 676.140
676.200 677.820
677.850 680.490
680.610 682.980
682.980 684.990
684.990 686.790
686.850 690.240
690.450 698.610
698.700 699.960
700.020 710.490
710.490 711.600
711.900 715.770
715.950 718.800
718.800 721.320
721.500 723.300
723.570 726.870
727.290 728.010
728.100 729.630
729.690 730.290
730.470 734.610
734.610 736.950
736.950 738.300
738.300 739.020
739.020 740.400
740.400 741.510
741.510 744.090
744.150 745.410
745.530 750.150
750.210 750.930
751.530 755.190
755.340 757.620
758.370 761.580
761.790 763.740
763.830 766.530
766.680 768.600
768.840 771.060
771.060 772.020
772.230 773.910
774.150 775.980
776.640 779.520
779.670 781.080
781.650 784.650
785.370 786.630
786.810 789.600
789.600 792.900
792.900 794.130
794.130 795.450
795.930 797.670
797.730 798.660
798.660 799.590
799.710 800.340
800.340 802.470
803.100 804.420
804.420 805.500
805.800 807.540
807.630 811.410
811.740 813.240
813.300 817.020
817.260 817.980
818.100 819.840
820.080 820.980
822.000 823.950
824.070 826.020
826.350 829.110
829.200 832.290
832.290 833.220
833.520 835.110
835.200 838.710
838.920 841.260
841.260 845.070
845.070 846.870
846.870 848.820
849.390 850.020
850.020 850.770
850.770 852.840
852.960 853.830
853.830 854.430
854.430 857.100
857.130 859.860
859.860 863.190
863.580 866.730
867.300 870.210
870.270 871.440
871.680 873.300
873.660 874.530
875.520 879.540
879.750 881.580
881.790 884.490
884.550 885.960
886.290 887.250
887.250 887.880
887.940 889.860
890.340 892.140
892.320 893.370
893.370 894.360
894.360 897.210
897.540 899.610
899.970 902.370
902.370 904.140
904.560 905.760
906.060 909.540
909.990 912.810
913.530 914.190
914.370 915.630
