0.000 10.800
10.920 14.850
15.540 17.550
17.550 25.650
25.980 30.000
30.000 32.250
32.250 33.480
34.170 34.890
36.000 40.260
40.830 45.600
45.600 50.730
51.330 54.090
54.630 55.230
55.230 58.650
58.920 63.060
63.150 67.740
67.740 70.650
71.010 71.670
71.910 73.830
74.310 75.180
75.180 83.400
83.400 84.630
85.050 85.650
85.650 90.570
90.870 93.300
93.300 96.630
96.780 99.360
99.360 105.630
106.470 109.800
110.160 112.950
113.280 117.300
117.450 120.270
120.510 123.210
126.780 127.650
127.650 128.250
128.340 130.770
131.820 135.390
135.720 143.550
143.850 145.170
145.170 147.360
148.110 149.250
149.250 151.650
152.160 152.760
152.760 154.800
154.950 156.090
156.900 161.070
161.220 165.270
165.450 168.810
168.870 173.040
173.040 175.830
175.830 178.890
178.980 180.390
181.650 188.250
188.910 191.070
191.280 192.870
192.870 194.490
194.490 199.590
199.830 204.300
204.300 208.200
208.620 210.630
210.810 213.300
213.570 219.000
219.420 220.410
221.730 222.870
223.080 224.910
225.270 226.650
226.830 229.800
229.800 231.300
231.300 232.950
232.950 236.400
236.460 240.660
240.720 242.880
243.000 245.070
245.190 247.200
247.350 251.310
251.340 253.740
253.950 261.300
261.600 262.830
262.860 264.180
264.570 265.230
265.290 266.490
266.580 272.010
272.580 274.770
275.070 277.290
277.890 282.150
284.100 288.090
288.360 290.340
290.430 291.030
291.570 294.030
294.180 300.510
300.600 305.850
306.360 310.650
310.650 314.010
314.430 316.830
316.860 320.760
320.880 321.720
322.080 323.340
324.150 326.310
326.580 327.720
327.720 329.520
330.300 330.930
331.290 335.670
335.820 339.150
339.540 341.550
341.880 342.480
342.510 343.290
343.410 347.940
348.570 352.410
352.500 353.400
353.460 355.530
355.560 358.170
358.920 362.250
363.510 367.260
367.380 368.160
368.190 374.160
374.400 375.900
376.500 377.760
377.850 383.850
384.660 387.780
387.960 388.620
388.830 392.010
392.640 393.240
393.240 398.790
398.940 400.830
401.130 404.670
405.300 407.820
408.240 409.170
409.710 412.770
412.830 414.180
414.180 416.190
416.940 417.810
418.410 420.990
421.290 427.320
427.830 433.140
434.160 434.760
434.850 435.630
436.290 438.720
439.830 442.650
443.280 448.080
448.080 451.110
451.110 452.430
452.520 454.470
455.160 456.270
456.270 458.250
458.970 460.620
460.650 461.730
462.030 468.240
468.450 469.050
469.110 470.310
470.340 474.600
474.960 478.920
479.190 480.090
480.510 485.940
486.210 489.330
489.510 492.840
493.050 499.620
499.950 503.310
503.610 505.680
505.680 507.090
507.750 515.580
515.850 518.520
518.580 522.510
522.660 527.880
528.120 529.560
529.560 530.970
531.180 531.870
531.870 533.970
534.150 536.490
536.490 539.040
539.220 542.760
543.630 544.530
544.530 545.730
546.030 548.640
548.670 550.350
550.350 552.540
552.540 554.520
554.520 555.600
555.720 557.730
557.910 560.160
560.250 561.210
561.540 562.500
