0.000 12.510
12.750 14.340
14.400 21.450
21.570 28.680
28.920 30.180
30.690 31.290
31.800 33.600
33.690 35.040
35.910 38.550
38.730 43.320
43.320 45.810
46.260 47.730
47.850 50.280
50.670 52.620
52.620 53.280
53.280 58.170
58.980 59.580
59.820 62.820
62.820 66.780
66.870 68.880
69.150 69.780
69.780 73.290
73.830 78.390
78.660 81.360
81.810 85.110
85.650 86.250
87.420 89.160
89.700 92.340
93.120 94.740
94.800 95.400
95.700 97.560
97.560 102.420
102.480 105.090
105.090 109.500
109.620 114.360
114.480 123.060
123.180 131.370
131.550 132.690
132.690 134.100
135.090 137.520
137.850 144.120
144.150 148.260
148.470 149.550
150.210 151.380
151.440 152.850
158.250 160.620
161.100 161.910
162.930 168.600
168.960 169.650
169.650 173.820
173.850 175.710
175.920 178.560
180.270 184.830
185.490 186.840
187.920 188.550
188.880 191.700
193.320 194.310
197.040 199.590
200.340 201.750
203.040 207.270
207.690 208.290
208.680 210.000
210.120 215.310
215.370 219.900
220.260 222.270
222.390 225.450
226.050 226.650
227.070 229.530
229.560 232.590
233.010 235.080
235.320 239.340
239.610 240.210
240.660 246.330
246.390 248.730
248.940 250.080
250.290 252.510
252.870 255.510
256.080 257.340
257.490 258.120
258.300 260.040
260.430 261.240
261.240 262.440
263.100 263.760
263.760 267.960
268.320 271.830
272.550 273.210
273.330 275.070
275.580 277.050
277.260 279.150
279.420 280.050
280.050 281.760
282.060 282.750
282.810 286.470
287.910 288.510
288.990 289.830
290.760 293.550
294.540 300.060
300.480 302.370
302.730 306.180
306.570 307.170
308.070 311.730
312.180 317.190
317.400 319.350
319.530 321.630
321.750 323.520
324.060 325.110
325.350 328.620
328.770 329.640
329.880 332.580
332.610 333.600
333.870 335.010
336.600 340.860
341.190 343.620
344.070 345.180
345.960 346.980
347.970 348.570
350.460 351.630
353.130 356.970
357.150 359.820
360.240 361.710
361.890 363.240
363.630 370.620
371.460 372.060
372.270 372.870
372.870 374.700
374.700 378.960
379.020 380.880
380.940 383.190
383.790 385.680
386.250 390.240
390.360 395.010
395.190 397.620
397.740 401.160
401.670 405.090
405.330 406.710
406.740 410.160
410.310 411.000
411.120 412.740
412.740 415.020
415.020 415.620
415.620 416.730
416.820 418.500
418.770 423.810
423.840 426.240
426.750 429.690
429.690 431.400
431.610 434.520
434.820 435.570
435.630 437.550
437.850 441.300
441.300 442.800
443.070 445.680
445.860 451.920
452.640 453.270
453.330 453.990
454.050 458.280
459.180 459.780
460.890 462.900
462.900 464.430
464.430 466.380
466.890 467.520
467.670 468.690
468.870 469.920
471.780 476.700
476.820 479.370
479.820 482.310
483.030 484.230
485.130 486.660
489.060 490.770
490.800 493.620
495.960 496.560
496.770 498.720
499.740 500.850
501.330 503.070
503.520 504.120
504.600 505.770
505.770 508.080
508.500 511.890
511.950 514.830
514.830 518.730
519.330 519.930
520.170 522.090
522.090 526.170
526.500 529.920
531.600 532.230
533.670 537.300
537.870 538.530
538.680 542.250
542.340 544.500
544.680 547.050
548.220 552.750
553.590 554.550
554.670 559.650
559.800 563.100
563.400 564.450
