0.000 14.460
14.640 16.830
16.830 20.460
20.610 21.720
21.720 26.340
26.730 28.230
29.100 34.560
34.560 35.160
35.160 38.430
38.670 43.680
43.680 48.510
48.750 51.420
51.930 54.360
54.420 55.890
56.070 57.510
57.660 60.150
60.660 61.260
61.440 62.220
62.580 63.690
64.740 69.750
69.900 72.060
72.450 74.130
74.340 76.290
76.920 81.780
82.680 84.390
84.390 92.280
92.490 95.640
95.850 97.560
97.560 101.340
101.760 102.810
103.140 103.740
103.770 104.520
104.820 106.020
106.980 110.160
110.190 112.710
113.820 115.530
116.250 117.360
118.890 120.780
121.230 122.100
122.550 123.390
123.990 126.210
127.410 130.800
133.890 139.320
139.320 140.460
140.790 141.390
141.540 143.700
144.420 145.680
146.820 148.380
150.180 150.780
150.780 154.620
157.140 161.220
161.490 163.380
163.530 165.870
166.380 166.980
168.180 173.670
174.480 176.700
176.730 179.550
179.610 183.810
184.170 187.770
188.220 188.820
189.120 190.350
191.010 194.910
195.300 204.690
204.840 210.270
211.110 214.140
214.320 219.090
219.240 222.450
222.900 224.640
224.640 232.410
233.070 235.470
236.100 237.510
240.330 245.190
245.220 248.640
251.880 254.460
255.570 257.820
258.360 260.160
260.220 262.620
263.310 265.200
266.580 269.370
270.180 271.500
271.800 272.790
272.850 274.890
275.490 276.090
276.240 279.480
279.990 281.640
284.850 285.480
285.810 289.950
291.240 291.840
292.590 293.190
293.250 294.540
294.750 299.100
299.430 300.060
300.210 304.230
305.400 307.590
307.950 309.540
311.040 313.770
314.190 315.210
316.290 317.940
319.080 320.070
320.100 321.690
322.590 324.510
324.570 326.670
326.910 332.190
332.250 334.290
335.010 337.110
337.590 338.190
340.230 342.930
343.200 344.160
344.760 347.460
347.730 348.390
349.020 350.130
351.060 352.050
355.290 358.410
358.800 363.030
363.300 366.720
367.380 368.790
369.990 372.450
372.960 375.270
375.570 376.410
380.670 381.780
382.230 383.490
383.910 384.570
385.140 389.250
389.610 392.190
392.670 393.300
393.300 396.480
398.580 399.540
399.720 400.440
401.490 406.830
407.280 408.420
408.960 411.360
411.480 412.590
412.890 413.490
413.490 414.870
416.790 417.690
418.170 420.510
424.950 426.390
427.740 428.670
428.790 431.910
432.210 433.020
433.740 434.490
435.750 436.350
436.440 437.820
437.970 441.480
441.960 442.950
443.400 447.090
447.240 449.100
449.490 450.090
450.090 452.100
454.020 455.010
455.010 455.910
456.090 457.440
457.980 460.260
460.290 461.430
462.390 466.170
466.470 470.520
471.030 472.320
472.470 474.360
475.650 476.310
476.370 480.090
482.370 484.350
485.310 486.720
492.630 494.490
494.790 496.050
496.410 498.510
498.630 499.830
500.790 501.420
501.900 502.650
503.340 504.180
504.390 510.000
512.010 512.640
512.880 517.710
518.790 519.390
519.630 522.120
522.510 523.770
524.220 528.090
528.270 529.170
529.440 530.520
531.810 536.430
537.300 537.930
538.920 540.750
543.840 544.440
545.220 546.180
546.510 550.650
550.710 556.650
556.650 559.560
559.710 563.580
563.640 567.840
568.590 571.950
572.190 574.020
574.410 575.070
575.370 576.450
577.020 578.100
578.100 579.060
579.570 580.980
582.870 586.230
587.280 588.180
588.180 589.080
593.430 595.170
595.590 597.750
598.830 600.750
601.140 602.430
602.670 603.840
603.840 605.220
605.670 607.710
607.740 609.240
609.960 610.560
610.560 615.300
615.810 616.890
617.100 618.090
618.090 623.670
624.660 625.290
625.410 626.280
626.280 627.870
628.110 631.890
633.420 634.020
635.430 636.510
636.510 639.270
639.660 643.500
643.500 644.220
644.970 645.780
646.350 648.930
648.930 649.590
650.160 651.750
652.740 654.210
654.210 655.260
657.480 658.110
661.320 662.640
665.010 667.080
667.410 668.430
668.790 671.520
672.990 673.590
675.000 681.150
682.080 685.050
685.680 686.610
686.910 687.690
689.490 690.090
690.090 691.800
697.290 698.160
698.430 699.420
699.780 703.320
703.440 705.870
707.580 711.210
711.600 715.740
716.190 718.470
719.580 720.210
720.510 723.510
723.600 724.770
725.880 726.540
728.520 730.920
731.460 734.280
738.180 739.050
739.770 742.410
742.500 748.620
748.620 750.240
750.240 753.330
753.360 755.100
755.100 756.210
757.440 761.160
761.310 764.100
764.250 768.450
769.110 770.700
770.970 773.160
773.820 778.140
778.830 779.880
780.720 781.650
782.790 785.430
787.410 788.250
789.450 790.350
792.840 794.160
794.160 795.180
795.330 799.020
803.070 806.430
806.970 807.720
809.280 811.800
813.720 814.320
814.470 818.040
818.460 819.060
819.330 819.960
819.960 820.800
821.310 823.080
823.440 824.130
824.370 825.540
825.540 828.270
831.150 832.140
832.830 836.190
838.440 839.700
842.520 844.200
845.130 845.910
846.690 849.630
849.930 851.760
851.850 852.960
853.080 854.370
856.170 856.980
857.520 858.330
860.370 862.800
864.990 865.860
868.680 869.850
870.390 871.230
871.890 874.470
875.760 878.940
880.770 881.730
882.390 883.710
884.490 885.270
886.890 889.290
890.010 891.960
892.410 895.560
898.110 899.790
900.210 901.290
902.100 903.390
905.910 906.510
906.810 911.670
912.210 914.940
915.150 916.830
917.100 918.840
918.870 920.490
920.490 921.390
923.250 924.540
925.950 931.500
932.010 932.670
935.220 935.910
936.150 938.790
940.440 941.550
946.230 947.790
948.600 949.440
949.770 952.950
954.000 954.660
954.720 958.560
963.570 965.670
968.340 969.060
969.480 970.920
971.400 976.650
976.830 978.330
978.390 979.800
979.800 981.270
981.480 984.030
984.270 987.900
987.990 990.240
991.110 991.740
992.130 994.230
996.120 998.880
999.270 1001.370
1002.510 1003.530
1005.000 1006.260
1006.290 1009.080
1009.590 1010.790
1010.940 1011.750
1011.900 1015.320
1015.320 1016.970
1017.300 1018.410
1019.400 1020.960
1021.770 1025.520
1025.550 1026.450
1027.050 1027.650
1027.860 1028.910
1029.150 1030.650
1030.800 1034.040
1034.040 1037.490
1038.480 1040.880
1040.880 1041.840
1041.840 1044.210
1044.900 1046.940
1046.970 1049.100
1049.100 1053.810
1053.930 1054.890
1055.100 1057.680
1057.740 1058.580
1059.750 1061.190
1061.400 1063.020
1063.530 1064.670
1065.150 1071.930
1072.800 1073.760
1073.790 1077.570
1077.600 1078.950
1078.980 1081.320
1081.320 1083.330
1083.720 1086.420
1086.900 1087.680
1089.270 1091.730
1091.790 1093.980
1094.610 1099.050
1099.140 1102.140
1102.320 1103.670
1103.880 1108.410
1108.470 1112.070
1112.760 1115.370
1115.460 1116.450
1116.540 1118.400
1118.400 1121.610
1121.880 1123.260
1123.260 1127.280
1127.280 1129.920
1130.100 1132.770
1132.980 1134.090
1134.570 1136.730
1137.570 1138.560
1139.010 1144.560
1144.800 1146.420
1146.420 1150.980
1151.040 1152.210
1152.270 1153.710
1153.710 1157.940
1158.000 1159.050
