0.000 12.540
12.630 34.980
35.220 39.120
39.330 46.140
46.320 49.140
49.140 52.050
52.320 54.960
55.740 59.640
59.640 65.340
65.460 69.210
69.360 71.970
72.090 81.270
81.780 83.730
83.790 86.010
86.010 87.270
87.840 89.520
89.850 91.020
91.290 92.460
92.790 95.550
95.880 96.780
97.290 98.400
99.000 99.870
99.870 100.680
100.830 102.450
102.900 103.770
103.800 108.240
109.050 110.580
110.820 111.900
112.350 113.130
113.610 115.260
115.590 116.640
116.790 117.870
118.470 119.430
119.850 121.470
122.160 122.760
124.440 130.020
130.560 132.900
133.200 135.420
135.420 136.710
136.950 139.890
139.890 142.740
144.060 146.430
146.970 148.110
148.260 149.070
149.730 152.970
153.240 154.350
