0.030 15.420
15.690 17.820
17.880 20.100
20.160 20.760
20.970 25.680
25.680 27.150
27.180 28.590
28.590 30.510
30.540 32.130
32.430 34.500
34.650 38.940
38.940 42.150
42.150 42.930
43.140 43.920
43.920 45.510
45.600 50.070
50.130 52.860
52.860 55.050
55.110 59.490
59.730 64.200
64.260 65.940
65.940 69.630
69.660 76.350
76.350 79.020
79.290 82.050
82.140 85.110
85.290 86.070
86.070 91.740
91.860 95.730
95.910 98.010
98.010 102.360
102.390 105.870
106.200 106.950
107.010 110.430
111.000 113.520
113.610 116.190
116.190 117.810
118.410 119.700
119.880 121.110
121.410 122.730
122.850 125.340
125.640 127.560
127.680 128.730
129.000 131.070
131.190 135.180
135.450 138.360
138.360 139.920
139.920 144.030
144.030 145.950
145.950 150.930
150.930 152.670
152.670 153.540
153.570 160.590
160.680 165.000
165.150 166.440
167.280 171.180
171.420 172.740
172.740 177.570
177.690 179.670
180.000 181.740
181.800 186.150
186.450 193.230
193.410 195.180
195.180 197.430
197.460 204.090
204.090 205.950
205.950 208.410
209.010 209.730
209.820 212.640
213.810 217.620
218.040 218.760
218.820 220.800
220.800 221.670
221.670 223.410
223.410 224.820
225.450 228.900
229.200 232.020
232.380 234.870
234.870 238.620
238.620 241.290
241.290 243.510
243.690 245.670
245.970 248.610
248.850 250.590
250.650 252.240
252.330 254.190
254.340 256.800
257.100 259.260
259.290 263.820
264.000 266.340
266.700 270.240
270.540 271.440
271.560 274.650
274.980 277.140
277.140 278.460
278.550 282.120
282.180 283.560
283.650 285.540
285.630 286.740
286.770 287.550
287.550 290.700
290.940 291.870
291.900 294.330
294.330 296.970
296.970 299.400
299.430 302.790
303.000 303.930
304.200 306.900
307.740 310.110
310.110 314.040
315.090 317.730
317.910 318.630
318.630 319.830
319.830 323.580
323.580 326.070
326.520 327.570
327.690 331.290
331.290 335.130
335.250 338.520
338.760 340.830
340.920 343.650
343.740 344.730
344.820 349.110
349.260 350.580
351.180 354.090
354.390 355.800
355.800 358.650
359.460 360.210
360.210 362.130
362.130 363.870
363.960 365.610
365.640 366.690
366.990 369.300
369.570 371.340
371.370 372.450
372.630 374.190
374.280 377.550
377.820 378.960
