0.060 23.940
23.940 33.630
33.690 38.340
38.340 48.570
48.570 53.160
53.400 57.930
57.960 58.590
58.590 66.810
66.810 77.100
77.100 78.960
78.960 82.560
82.560 86.460
86.550 89.310
89.400 94.020
94.020 102.030
102.090 104.430
105.000 108.900
108.930 112.230
112.230 117.390
117.390 119.280
119.280 122.730
122.730 127.770
127.860 132.180
132.600 133.680
133.980 138.510
138.570 144.780
144.780 151.860
151.860 158.640
158.730 162.300
162.360 164.190
164.190 166.920
167.130 172.920
173.640 174.660
174.660 176.820
176.820 186.390
186.390 189.180
189.180 193.470
193.470 194.400
194.400 196.650
196.650 200.730
201.210 208.890
208.890 210.240
210.240 222.360
222.390 225.450
225.450 230.280
230.280 231.840
231.840 234.750
234.840 235.710
236.370 241.560
242.070 245.400
245.520 246.840
246.870 248.610
248.670 252.000
252.210 253.350
