0.000 17.910
17.910 22.290
22.290 25.140
25.140 29.130
29.250 32.640
32.730 35.670
35.700 40.770
41.310 43.530
43.560 49.890
49.980 54.060
54.360 56.460
56.610 61.680
62.610 64.440
64.590 68.010
68.250 69.960
70.020 73.110
73.200 75.450
75.480 79.380
79.440 80.490
80.490 89.370
89.430 92.610
92.670 96.420
96.600 100.590
100.590 104.100
104.130 111.030
111.030 112.980
113.040 116.490
116.790 122.160
122.370 124.920
124.920 128.100
128.160 136.830
137.010 142.620
142.650 145.230
145.620 147.060
147.060 151.530
151.530 156.060
156.600 157.350
157.890 158.670
158.790 161.550
161.550 164.190
164.400 167.010
167.130 168.210
168.210 172.410
172.410 174.390
174.420 175.620
175.620 179.130
179.370 181.260
181.260 186.780
186.780 190.020
190.170 192.030
192.210 193.020
193.020 196.680
196.680 201.480
201.540 202.710
202.800 211.320
211.320 215.850
215.850 216.960
217.050 219.150
219.150 228.660
228.660 240.270
240.270 245.370
245.700 246.570
246.690 249.630
249.690 252.660
252.660 260.520
260.520 263.670
264.030 265.710
265.710 270.000
270.000 271.890
271.890 275.580
275.640 278.190
278.340 281.910
281.910 285.360
285.360 286.440
286.440 287.730
288.060 290.670
290.670 292.680
292.920 296.040
296.340 300.690
300.690 301.620
301.920 306.240
306.240 307.500
307.500 308.700
309.240 310.380
310.380 314.430
314.790 315.420
315.420 320.010
320.010 322.710
322.710 325.650
325.650 328.080
328.110 329.400
329.880 330.630
330.630 334.950
334.950 337.470
337.470 339.300
339.300 341.430
341.430 343.650
343.650 346.500
346.650 354.420
354.420 357.480
357.510 358.980
358.980 361.200
361.230 363.720
363.720 367.020
367.260 368.370
