0.060 15.060
15.090 19.110
19.110 22.650
22.920 26.460
26.670 29.160
29.160 30.780
30.780 33.660
34.050 36.420
36.690 41.400
41.430 44.850
44.850 47.460
47.700 50.160
50.340 53.820
54.030 56.160
56.160 57.240
57.240 58.620
58.710 60.960
60.960 63.960
64.080 69.180
69.300 72.390
72.570 77.280
77.280 79.140
79.140 81.120
81.300 86.760
86.760 92.280
92.280 96.690
96.690 100.230
100.260 102.750
102.930 106.470
106.470 110.220
110.220 114.030
114.030 116.760
116.820 119.670
119.970 122.100
122.100 122.820
122.820 125.070
125.070 130.380
130.620 131.490
131.490 134.880
135.240 141.210
141.210 143.610
143.760 146.850
146.850 150.240
150.630 151.320
151.320 155.130
155.250 159.450
159.450 163.410
163.440 165.330
165.420 169.170
169.290 172.950
173.280 175.050
175.050 176.880
177.090 181.380
181.620 186.150
186.300 188.490
188.610 191.730
191.730 193.830
193.830 194.970
194.970 196.740
196.980 199.230
199.440 202.680
202.680 206.910
206.910 209.340
209.340 211.110
211.110 214.740
215.070 218.040
218.040 219.390
219.480 223.260
223.350 230.550
230.550 234.120
234.150 239.010
239.490 243.750
243.750 247.500
247.500 251.400
251.430 253.680
253.770 263.310
263.310 266.190
266.220 268.470
268.500 271.800
271.800 278.220
278.220 284.700
284.700 290.400
290.490 294.120
294.480 296.040
296.430 299.790
299.820 302.580
302.580 304.560
305.640 315.510
315.510 323.610
323.730 326.850
327.030 333.840
334.110 335.160
