0.000 15.150
15.150 26.400
26.400 50.250
50.430 58.560
58.560 69.390
69.390 77.670
77.670 81.330
81.420 89.220
89.340 96.600
96.690 97.920
97.920 99.720
99.720 118.710
118.710 195.180
195.330 246.210
246.210 247.800
247.800 251.490
251.520 253.500
253.530 255.300
255.300 282.510
282.510 290.340
290.340 291.810
291.990 294.000
294.000 298.050
298.050 302.100
302.100 310.530
310.530 311.820
311.820 321.060
321.120 323.160
323.160 327.270
327.270 329.310
329.490 350.460
350.790 353.040
353.070 385.950
385.950 407.460
407.610 409.350
409.530 412.470
412.470 413.550
413.550 415.320
415.320 417.780
417.780 421.080
421.080 425.250
425.310 426.990
427.230 442.830
443.010 444.300
444.300 448.620
448.800 449.940
