0.060 13.410
13.410 18.540
18.570 72.720
72.720 77.400
77.400 85.350
85.440 101.970
101.970 108.510
108.510 112.260
112.260 177.600
177.600 193.050
193.050 201.660
201.660 237.300
237.300 243.990
243.990 263.280
263.280 264.030
264.120 264.960
264.960 266.160
266.160 279.990
279.990 291.090
291.090 291.750
291.750 292.590
293.040 296.160
296.160 300.270
300.270 304.530
304.800 307.740
307.740 311.340
311.400 322.830
322.830 335.430
335.490 338.070
338.070 348.480
348.480 351.690
351.750 355.470
355.470 364.830
364.830 369.960
369.960 371.250
371.280 374.940
374.940 376.200
376.200 382.320
382.320 387.390
387.390 409.200
409.200 414.630
414.810 425.520
425.520 427.620
427.620 434.460
434.490 439.620
439.620 443.280
443.280 451.320
451.320 452.040
452.040 453.960
453.960 455.580
455.580 457.440
457.440 458.640
458.730 463.500
463.500 467.490
467.490 472.560
472.560 474.870
474.870 480.210
480.210 489.150
489.150 495.090
495.120 496.140
496.140 499.890
499.890 501.330
501.330 502.530
502.650 505.080
505.170 510.450
510.450 521.220
521.220 522.660
522.750 524.550
524.850 525.750
525.750 526.740
526.800 533.190
533.190 535.800
535.800 537.780
537.780 538.860
538.860 539.940
539.940 558.510
558.510 560.880
561.000 573.510
573.510 576.420
576.570 585.720
585.750 603.540
603.540 604.590
604.890 614.220
614.220 618.000
618.000 621.210
621.450 622.530
