0.000 15.060
15.090 17.400
17.520 22.800
22.800 30.540
30.540 38.520
38.520 40.710
40.800 44.400
44.730 47.130
47.190 54.000
54.060 61.680
61.740 64.140
64.140 66.360
66.600 81.120
81.120 84.450
84.960 86.280
86.400 88.470
88.470 96.510
96.690 99.150
99.570 100.530
101.280 102.660
102.780 106.380
106.380 115.410
116.130 117.480
117.480 118.260
118.260 122.730
122.910 127.200
127.560 128.640
128.700 129.840
130.020 131.670
131.700 134.100
134.100 135.420
135.420 138.480
138.570 143.130
143.280 144.180
144.420 146.460
146.580 148.260
149.970 151.140
153.720 154.710
156.030 157.230
157.440 165.090
165.180 169.740
169.770 174.240
176.580 179.040
179.280 182.250
182.370 188.970
189.660 190.950
191.160 192.300
192.300 193.530
193.620 197.400
197.700 201.780
201.870 204.390
204.420 206.250
206.370 209.100
209.130 209.850
209.850 212.550
212.550 214.110
214.110 216.480
216.570 222.960
223.410 224.880
225.840 231.480
231.480 234.180
234.750 235.980
236.100 237.060
237.570 238.380
238.590 239.970
240.600 244.290
244.290 245.910
246.210 247.170
247.170 252.210
252.210 259.500
259.620 263.610
265.290 272.850
272.940 274.980
275.010 276.120
276.270 280.380
280.950 284.160
287.730 291.810
291.810 295.560
295.710 297.570
297.690 299.190
300.210 308.310
309.930 313.590
313.590 316.770
317.400 322.410
322.410 326.580
326.580 330.810
330.810 332.550
332.580 334.890
335.490 336.990
337.800 338.610
338.610 339.900
339.900 347.010
347.310 350.310
350.550 351.420
351.420 353.490
354.570 355.440
355.560 358.650
358.650 361.980
362.130 364.020
364.080 371.550
371.550 377.820
377.820 381.180
381.660 382.530
382.530 384.870
385.230 387.210
387.240 396.390
396.390 398.460
398.460 399.810
399.810 402.810
402.810 404.220
404.520 410.340
410.790 415.530
415.650 417.000
