0.000 6.030
10.260 12.090
12.180 17.460
17.730 20.370
20.550 24.270
25.710 29.760
29.820 32.880
32.880 34.650
34.650 35.310
35.310 36.510
36.540 38.550
38.550 40.170
40.530 43.560
43.650 47.520
47.640 53.070
53.190 55.110
55.380 57.960
58.140 62.820
63.060 64.140
64.140 65.610
65.940 68.940
68.940 71.730
72.300 74.490
74.730 77.340
77.340 82.530
82.530 83.340
84.870 92.100
92.130 96.540
96.540 98.190
98.280 99.630
99.660 101.040
101.430 104.010
104.040 109.290
109.350 114.000
114.000 117.120
117.300 119.040
119.040 122.700
123.060 126.030
126.030 127.920
128.280 132.180
132.450 133.830
134.220 135.000
135.000 139.950
139.980 144.600
145.350 150.030
150.690 152.130
152.130 154.020
154.320 155.790
155.790 158.880
158.910 161.250
161.280 165.270
165.270 172.140
172.290 176.700
176.940 182.100
182.130 190.800
190.980 193.020
193.050 193.740
193.830 195.930
195.960 201.450
201.450 205.230
205.260 206.070
206.820 208.560
208.800 215.670
215.670 219.120
219.450 221.550
221.550 223.560
223.560 229.800
229.980 234.420
234.720 236.910
236.910 238.740
238.740 240.870
241.380 243.150
243.390 247.770
247.830 249.930
249.930 255.690
255.810 256.920
257.040 261.960
262.230 271.020
271.200 273.630
273.630 276.480
276.810 283.290
283.350 284.190
284.190 286.230
286.560 289.380
289.560 296.580
296.580 297.870
297.930 301.950
302.070 305.760
305.760 311.010
311.070 312.270
337.110 339.960
340.050 343.020
343.020 344.280
344.610 345.750
345.870 348.420
348.450 349.770
349.770 352.200
352.380 358.860
359.610 361.410
361.410 366.300
366.300 367.800
368.010 370.650
371.160 375.270
375.270 376.230
376.590 379.470
379.620 384.630
384.840 387.120
