0.000 15.300
15.300 22.410
22.590 26.640
26.640 29.910
29.910 36.330
36.330 39.780
39.780 41.910
41.970 44.820
44.820 47.460
47.730 48.660
48.840 52.410
52.560 53.460
53.760 55.860
55.950 57.090
57.270 60.360
60.870 62.310
62.430 66.540
66.810 68.310
68.430 78.990
78.990 80.850
80.850 87.360
87.360 97.080
97.080 100.680
100.680 109.410
109.500 110.670
110.670 111.900
112.140 114.750
114.840 115.590
115.830 117.870
117.900 118.800
119.190 123.570
123.780 124.470
124.620 128.370
128.460 131.790
131.790 133.650
133.650 139.830
139.830 141.990
142.110 147.780
147.840 152.190
152.220 158.730
158.730 161.070
161.070 172.710
172.860 175.740
175.740 178.650
178.890 181.440
181.440 185.010
185.010 186.270
186.270 192.600
192.600 193.650
193.650 194.460
194.460 197.580
198.090 201.930
201.930 204.510
204.510 209.700
209.940 214.470
215.190 220.410
221.160 225.090
225.120 229.410
229.440 233.010
233.010 237.180
237.180 238.260
238.260 239.040
239.040 244.260
244.260 246.600
246.630 251.790
252.300 254.280
254.280 258.840
258.960 261.000
261.000 264.390
264.600 267.210
267.870 269.910
269.970 272.370
272.370 272.970
272.970 279.090
279.090 281.580
281.610 285.900
285.900 287.760
287.940 290.520
290.520 292.140
292.140 293.820
293.820 298.650
298.650 299.250
299.250 301.410
301.620 303.810
303.810 306.060
306.120 307.050
307.050 310.080
310.350 313.140
313.440 314.460
314.460 317.280
317.490 319.110
319.170 325.980
326.130 327.780
327.780 330.510
330.510 331.110
331.110 334.050
334.050 338.160
338.160 339.330
339.510 341.490
341.490 343.200
343.680 348.810
348.930 360.210
360.270 361.620
361.620 365.430
365.430 370.140
370.170 378.030
378.060 385.860
386.010 389.040
389.040 390.750
391.200 393.600
393.780 396.780
396.870 398.550
398.550 401.970
401.970 406.560
407.460 412.830
412.830 417.630
418.140 421.710
421.710 425.040
425.160 426.870
426.870 433.590
433.590 435.990
436.080 437.220
437.280 440.310
440.310 444.810
444.870 445.800
445.800 446.760
446.790 450.390
450.420 451.980
451.980 456.810
457.050 461.580
461.790 462.600
462.720 465.780
465.870 470.790
470.850 473.130
473.190 475.380
475.380 477.270
477.540 478.140
478.320 484.230
484.260 487.230
487.440 489.330
489.420 492.540
492.540 495.450
495.720 498.210
498.360 499.110
499.290 501.000
501.240 502.920
502.920 508.290
508.560 509.610
