0.000 13.860
13.860 15.450
15.450 16.620
16.890 21.090
21.450 24.450
24.480 28.530
28.530 30.030
30.090 34.770
34.800 37.230
37.440 40.050
40.200 42.060
42.750 43.500
43.500 46.470
46.470 50.970
51.480 52.380
52.380 54.120
54.210 56.370
56.460 66.420
68.910 71.370
72.150 74.310
75.060 76.500
84.090 89.820
90.210 91.380
91.740 93.240
94.470 95.520
95.610 97.110
98.760 101.880
101.940 103.140
104.490 107.070
107.070 109.080
109.650 110.430
110.520 112.680
113.280 114.330
117.480 119.730
119.850 121.950
122.280 123.570
124.110 124.950
125.040 126.420
128.880 131.310
131.760 132.630
132.690 138.180
138.300 140.460
140.460 142.140
142.170 144.210
144.900 145.620
150.390 152.100
152.160 152.760
153.630 154.500
155.010 156.000
158.550 159.870
160.170 160.920
162.090 163.080
164.100 165.180
167.550 170.640
172.530 176.040
176.160 177.810
177.870 180.480
180.600 182.610
184.410 185.070
186.870 187.560
187.590 189.090
189.300 192.840
196.800 199.590
199.590 201.060
201.360 202.470
204.870 206.160
206.160 206.850
207.270 208.620
208.620 210.630
211.110 212.550
214.080 214.890
215.250 216.210
218.040 218.940
219.240 219.870
220.410 221.490
222.330 223.080
223.350 225.270
231.600 232.950
234.540 235.920
238.410 241.710
242.190 242.880
243.510 244.680
244.680 246.270
246.540 249.360
250.590 253.110
253.260 257.370
257.730 259.230
259.680 260.370
263.400 265.560
266.970 268.440
269.910 270.660
273.330 275.910
276.960 278.940
280.080 282.000
283.500 285.240
286.170 287.010
288.000 289.230
289.320 290.550
290.550 292.050
292.140 293.010
293.280 297.210
297.210 298.980
299.160 300.900
300.900 302.370
303.000 303.960
304.170 306.720
306.930 309.300
309.660 311.100
311.670 317.100
317.700 319.260
319.260 321.210
321.360 325.830
325.950 327.420
327.990 332.190
332.640 333.870
333.870 335.040
335.670 338.550
338.580 341.490
342.240 344.100
344.370 347.040
350.400 352.500
352.530 353.190
353.340 354.240
355.200 356.880
357.750 359.370
359.520 360.960
361.230 362.700
363.750 366.870
369.180 370.770
371.100 375.930
376.530 377.730
378.000 379.560
381.870 384.630
384.630 385.230
386.070 388.230
388.230 390.690
390.990 392.460
392.460 393.150
395.070 395.940
397.590 399.870
400.320 401.520
404.010 405.300
405.300 406.320
408.510 410.280
410.700 413.760
414.390 415.620
415.770 417.180
417.750 419.370
419.880 421.980
422.760 423.630
423.630 424.740
425.070 426.120
426.750 427.680
427.710 429.570
432.060 432.750
434.970 436.650
437.550 438.720
439.110 439.800
440.010 443.760
444.030 444.720
444.720 446.760
447.780 448.950
453.780 455.370
456.030 457.680
458.100 458.760
463.050 463.680
467.100 467.700
468.060 470.850
471.600 472.320
474.030 474.660
474.990 475.770
476.670 477.990
478.170 478.770
481.470 483.690
483.900 484.500
487.020 489.000
492.390 496.320
498.960 500.490
504.660 505.410
505.710 506.640
506.790 508.650
509.280 512.040
515.400 516.270
516.480 517.590
517.860 519.300
519.900 522.120
525.840 527.460
529.290 529.890
534.210 535.050
535.380 536.520
537.300 538.290
542.880 544.110
544.380 546.090
547.470 550.470
551.190 552.030
552.450 553.080
553.110 554.250
554.520 555.570
556.920 558.060
559.920 560.580
561.270 562.740
563.340 565.080
569.040 570.420
570.750 571.350
574.440 575.040
575.070 576.120
576.150 577.560
578.340 578.940
580.080 581.310
581.400 582.150
582.750 583.680
584.910 586.230
586.260 587.040
588.720 589.680
597.660 602.610
602.610 604.620
604.800 606.210
606.450 607.530
607.650 609.420
609.510 611.220
611.730 613.560
613.560 614.160
614.160 614.790
615.240 618.060
618.210 620.190
620.220 621.780
622.110 625.530
625.980 628.110
628.110 631.020
631.560 632.670
632.670 634.710
634.710 635.400
635.970 636.750
637.680 644.460
645.390 649.950
649.950 651.420
652.890 653.700
653.850 656.580
657.000 658.500
658.860 659.460
661.020 661.650
663.630 665.100
668.130 668.910
669.330 670.860
671.700 672.300
673.320 674.850
676.470 677.220
678.120 680.070
681.270 682.410
682.680 683.670
684.240 684.840
688.710 689.610
693.660 695.220
695.760 696.450
696.780 697.530
698.100 699.630
699.870 701.010
701.100 701.940
705.510 706.200
706.470 709.380
710.760 714.600
714.630 716.880
718.140 718.830
719.010 720.690
720.960 721.650
722.490 723.660
723.870 725.850
726.240 729.600
730.350 732.000
732.780 733.470
734.700 736.050
737.580 738.330
738.780 739.950
741.510 743.130
743.670 744.390
745.080 745.680
745.890 748.170
748.650 750.390
751.050 752.850
753.420 755.070
755.910 756.810
757.020 759.630
759.630 760.560
760.680 761.370
761.670 762.810
763.020 763.620
763.830 766.170
766.290 767.130
767.910 768.780
768.780 769.710
769.800 772.020
774.750 776.400
776.490 777.870
779.970 781.110
783.330 784.290
785.160 786.270
788.460 789.330
790.440 791.220
793.140 795.420
795.630 796.770
796.950 803.790
804.570 805.800
808.170 809.430
810.180 810.810
811.410 812.070
812.580 813.900
814.050 815.760
816.390 818.340
818.430 819.450
819.870 820.980
821.070 821.940
822.900 825.480
826.380 828.900
829.170 830.310
830.760 831.510
833.190 834.870
835.890 837.360
840.360 840.960
841.050 842.370
842.370 843.210
851.460 852.780
853.020 853.710
854.340 855.210
855.870 856.500
856.650 859.140
859.860 861.240
861.720 862.980
863.130 864.090
866.250 867.120
869.940 871.020
871.050 871.770
873.120 873.810
873.840 875.190
875.610 876.570
876.750 877.650
878.280 878.880
879.210 879.810
880.170 880.890
880.920 881.580
881.580 883.410
883.980 886.260
889.350 890.310
895.650 896.400
896.640 897.450
897.720 898.890
899.070 900.870
901.110 904.350
905.580 906.480
906.930 908.160
908.430 911.610
912.240 913.020
913.920 914.730
915.030 916.410
917.310 918.900
919.920 920.550
922.470 924.750
926.310 927.270
928.170 929.880
930.120 931.500
931.950 932.850
932.940 935.070
935.970 936.750
937.080 939.210
939.990 941.370
941.820 942.450
946.020 946.620
947.340 948.030
948.120 948.750
952.860 954.480
957.390 958.440
958.440 959.580
959.700 961.890
962.280 966.330
967.530 968.730
969.600 970.290
970.470 974.850
975.450 978.480
978.810 981.990
981.990 983.280
983.280 984.630
984.720 985.590
985.680 986.610
986.610 989.490
989.490 990.630
990.780 993.000
993.630 995.130
995.790 996.930
996.930 999.960
1000.410 1001.100
1002.210 1004.580
1004.970 1005.600
1005.600 1007.310
1007.910 1009.080
1009.410 1011.060
1011.780 1012.440
1013.580 1014.270
1014.810 1015.470
1016.100 1016.760
1016.850 1017.540
1018.710 1021.920
1022.250 1023.300
