0.000 13.770
13.770 14.550
14.610 18.540
18.540 20.370
20.520 25.260
25.620 30.270
30.270 35.400
36.120 37.260
37.620 40.140
41.400 42.690
43.920 46.410
46.650 47.850
48.240 49.200
49.200 50.550
51.570 52.410
53.040 54.210
55.590 56.520
56.520 59.520
60.030 60.750
61.800 63.510
63.780 64.920
65.100 68.700
69.000 74.100
74.190 76.380
76.380 78.300
78.300 79.770
79.980 82.170
82.410 85.350
85.350 86.490
86.490 87.780
87.810 88.950
92.010 94.320
94.680 95.880
96.090 96.930
97.440 98.790
100.020 102.330
102.390 103.620
104.310 105.960
106.800 107.850
108.090 109.350
110.070 112.440
112.500 113.280
113.400 118.230
122.520 123.180
123.690 124.950
125.220 127.470
127.620 131.310
133.320 133.920
134.010 136.380
136.590 138.150
138.240 139.260
140.220 143.610
144.150 146.970
147.960 148.710
149.730 150.390
150.390 154.260
154.500 155.250
155.340 157.350
157.380 158.910
159.000 160.080
160.080 163.530
163.560 164.790
165.390 168.810
169.050 171.570
172.410 173.040
173.190 175.380
175.770 176.670
176.820 179.220
179.490 180.240
180.390 182.010
182.670 184.140
185.580 186.840
191.070 191.880
193.020 194.190
195.480 198.480
199.680 200.550
203.130 205.230
205.290 207.540
207.540 209.430
209.910 210.900
211.350 214.050
214.410 215.160
215.850 217.080
217.260 218.310
218.340 219.150
219.150 220.500
221.190 222.480
224.670 225.480
226.500 227.700
227.700 230.400
230.520 233.880
234.000 237.480
237.480 239.760
240.330 245.610
245.610 247.470
247.800 248.520
249.150 250.230
250.410 252.750
252.810 254.010
255.150 255.930
256.530 260.490
261.180 262.800
262.800 265.050
265.140 266.580
266.970 268.020
270.000 271.200
272.460 273.330
273.570 275.040
278.010 279.090
279.690 281.430
283.470 284.670
286.080 287.130
287.940 288.840
288.840 289.800
289.950 290.550
292.770 295.200
295.800 296.520
300.840 302.250
302.700 303.690
304.890 305.640
307.350 308.550
309.420 312.690
313.320 316.230
317.130 317.760
318.030 319.740
320.010 320.970
321.060 323.160
323.160 326.130
326.550 328.950
329.130 332.160
332.880 333.570
333.570 336.150
336.990 337.860
338.610 339.570
340.200 341.250
341.340 342.450
343.020 345.660
346.770 347.400
347.400 350.040
350.400 352.680
352.710 354.060
355.500 356.820
356.820 358.290
358.770 360.630
363.030 365.970
366.000 367.050
367.560 369.570
370.350 371.070
371.760 376.710
376.950 377.760
378.210 378.900
378.900 380.790
380.790 383.580
384.330 385.500
385.560 387.480
387.540 389.670
390.960 394.320
394.410 397.320
397.560 400.860
400.860 403.740
404.490 405.270
405.270 406.110
406.110 408.570
408.570 410.100
410.550 411.510
411.540 413.280
413.340 418.080
418.410 420.960
421.200 425.430
426.120 428.430
428.700 429.780
430.620 432.270
432.480 433.500
433.680 435.780
436.140 436.800
437.070 437.880
438.090 439.560
440.130 444.690
444.690 445.890
445.950 449.730
449.730 451.440
452.340 453.120
453.450 458.370
458.550 461.640
461.640 462.840
462.840 464.700
464.730 466.440
466.950 467.610
468.060 470.640
470.640 472.020
472.020 475.260
475.560 476.640
