0.000 12.330
12.540 14.940
15.540 19.230
19.230 19.950
20.070 21.600
21.660 24.480
24.480 27.690
27.990 30.840
30.840 32.280
32.400 37.230
37.320 40.350
40.470 43.710
43.710 46.770
46.770 48.420
48.510 53.250
53.760 55.140
56.040 59.790
59.850 61.500
62.040 63.270
63.750 70.410
71.130 72.210
72.300 73.650
74.730 76.890
77.070 83.070
83.070 83.880
83.880 86.970
87.240 88.080
88.500 89.580
90.750 91.350
94.470 96.000
96.000 100.470
100.620 101.880
102.480 104.250
104.250 105.450
105.450 107.280
107.790 108.870
108.930 112.920
114.420 115.290
116.490 117.090
118.050 119.670
120.480 122.760
123.150 128.010
128.010 128.790
129.330 131.580
131.910 133.800
134.010 137.790
137.790 139.980
139.980 146.250
146.850 148.260
148.260 149.190
149.400 152.580
152.730 153.690
154.050 156.180
156.330 157.890
158.580 161.550
162.120 167.910
167.910 172.470
172.740 175.500
175.500 178.530
178.860 180.780
181.230 182.670
183.390 184.410
185.160 188.370
188.730 189.690
190.830 191.790
191.790 195.300
195.540 199.290
199.920 200.790
200.880 202.770
202.830 204.600
205.170 207.870
208.590 210.630
210.900 213.330
217.980 220.380
220.680 221.670
221.820 224.640
224.970 226.800
227.460 230.970
231.690 232.770
233.220 236.280
236.730 238.620
239.010 241.410
241.410 244.440
244.590 247.320
247.320 249.480
250.620 253.170
253.770 258.120
258.360 260.580
260.970 262.560
264.480 265.800
267.180 267.900
270.060 272.670
273.150 273.960
274.020 275.700
275.700 276.750
276.960 278.520
278.610 281.370
282.090 283.530
283.680 285.180
286.680 288.750
292.260 293.130
295.440 296.880
296.880 300.360
300.480 310.680
311.010 313.740
315.360 325.500
325.620 327.870
328.200 330.810
331.440 334.740
334.740 336.750
337.350 340.410
340.440 342.480
343.260 345.570
346.170 347.010
349.950 351.780
351.810 353.250
354.720 357.000
360.420 361.500
361.500 363.060
363.540 364.920
367.110 368.100
368.310 370.680
371.160 373.980
375.090 376.290
380.400 382.170
382.200 384.390
384.930 385.770
385.770 388.830
389.070 391.200
391.860 392.940
393.870 395.820
395.820 397.230
397.830 403.080
403.500 405.480
405.480 407.910
408.630 411.000
411.060 411.720
412.710 413.700
416.610 418.470
420.000 420.870
421.140 423.480
423.870 426.480
427.380 432.420
435.540 436.140
439.650 440.730
442.740 444.360
444.360 445.890
449.640 450.570
452.160 456.300
456.630 458.340
458.940 459.900
461.040 463.170
466.650 467.520
467.700 474.060
474.180 477.000
477.330 483.060
483.060 485.280
485.550 487.350
487.350 490.440
491.760 492.660
493.140 498.210
498.240 502.110
502.500 505.020
505.590 510.810
511.380 513.720
515.100 518.580
519.030 519.900
520.170 524.550
524.670 527.400
528.000 533.100
533.880 534.660
535.230 538.020
538.200 541.020
541.470 543.780
546.030 550.620
550.620 551.490
552.210 553.140
554.790 555.390
555.510 558.060
558.270 559.740
559.740 564.390
564.510 569.040
569.580 578.850
579.030 580.410
580.620 584.970
585.060 586.770
587.100 587.970
587.970 593.340
593.400 597.240
597.240 599.070
599.070 605.100
605.100 611.820
612.120 622.350
622.530 624.930
624.930 628.710
628.740 630.780
630.960 634.350
634.350 644.280
644.310 645.780
646.530 651.000
651.000 655.410
655.410 663.030
663.030 665.490
665.580 673.410
673.590 677.040
677.130 678.540
