0.000 15.750
15.750 19.110
19.260 20.700
20.700 22.200
22.530 24.960
25.050 27.990
28.350 32.730
32.820 33.900
33.900 35.520
35.520 37.680
37.680 38.880
38.880 39.900
40.200 42.570
42.570 44.460
44.460 45.870
45.870 46.890
47.040 48.630
48.630 50.070
50.070 54.540
54.690 55.980
56.040 57.720
57.720 59.040
59.040 60.480
60.630 63.060
63.210 66.690
66.690 69.390
69.390 71.040
71.040 76.860
76.950 88.140
88.350 107.010
107.190 109.380
109.410 113.820
114.150 128.130
128.130 133.110
133.110 136.710
136.710 140.310
140.370 150.480
150.480 151.770
151.890 162.600
162.600 171.330
171.330 185.040
185.040 188.370
188.460 192.000
192.000 194.220
194.220 220.890
220.890 223.440
223.470 231.570
231.570 236.190
236.340 251.370
251.370 260.430
260.430 261.660
261.660 273.090
273.090 275.760
275.880 279.600
279.600 308.070
308.070 308.940
308.940 310.020
310.110 313.500
313.500 318.960
318.990 320.670
320.730 322.920
322.920 324.750
324.840 326.100
326.700 329.010
329.040 330.870
330.870 346.800
346.800 349.350
349.350 351.120
351.120 355.470
355.650 374.790
374.790 384.750
384.750 388.320
388.320 389.730
389.730 392.670
392.700 397.980
397.980 399.030
399.030 403.200
403.200 414.000
414.000 415.680
415.680 418.140
418.140 423.270
423.330 431.070
431.070 433.470
433.470 435.990
435.990 442.680
442.680 453.600
453.600 461.310
461.310 494.400
494.400 496.800
496.800 500.580
500.730 517.710
517.710 521.520
521.550 523.590
523.590 530.010
530.010 561.780
561.810 564.900
564.900 569.430
569.430 584.970
584.970 586.740
586.740 588.000
588.000 589.410
589.410 595.740
595.740 617.220
617.220 655.290
655.380 661.890
661.890 674.550
674.550 682.260
682.380 684.600
684.600 690.180
690.180 704.310
704.400 718.650
718.650 720.660
720.810 727.410
727.410 732.930
732.990 746.250
746.250 752.160
752.160 771.990
771.990 789.150
789.150 799.320
799.320 800.160
800.160 803.670
803.670 807.030
807.150 809.310
810.120 823.020
823.020 872.970
873.240 891.150
891.150 899.640
899.730 901.860
901.920 905.610
905.610 907.470
907.650 909.120
909.630 916.800
916.800 918.240
918.240 920.700
920.700 930.570
930.750 933.300
933.300 939.300
939.300 955.830
955.920 965.430
965.430 968.340
968.430 988.740
988.860 1025.250
1025.340 1026.720
