0.270 15.720
15.900 20.010
20.040 21.900
21.900 23.100
23.100 39.060
39.060 46.230
46.230 50.790
50.790 58.800
58.800 61.410
61.410 62.220
62.220 63.540
63.540 68.400
68.610 70.980
70.980 73.170
73.230 75.420
75.510 79.830
79.950 81.120
81.120 83.190
83.400 87.360
87.420 88.470
88.470 91.560
91.710 94.080
94.080 95.430
95.550 96.390
96.510 98.820
98.850 101.430
101.460 102.810
102.900 103.620
103.710 105.150
105.540 106.260
106.320 109.350
109.350 115.230
115.320 116.340
116.340 117.960
118.020 120.360
120.360 122.250
122.340 124.770
124.770 125.430
126.000 127.950
127.950 129.270
129.330 132.600
132.690 133.650
133.920 134.850
134.850 137.130
137.220 139.950
139.950 142.770
142.770 149.940
149.970 151.230
151.440 153.720
153.870 155.070
155.070 158.070
158.070 159.420
159.510 162.000
162.120 163.920
164.190 165.750
165.750 166.890
166.890 167.760
167.820 169.890
170.070 171.750
171.750 174.330
174.540 176.730
176.790 180.180
180.630 182.310
182.370 185.310
185.520 187.740
187.830 189.090
189.180 191.910
192.120 193.950
193.950 194.970
195.150 197.220
197.220 199.200
199.200 200.190
200.520 202.200
202.380 205.050
205.080 206.010
206.010 207.840
207.900 208.950
209.160 211.920
212.130 214.650
214.740 218.220
218.490 220.050
220.170 221.580
221.790 222.990
223.080 224.370
224.370 226.140
226.140 235.740
235.740 236.940
236.940 238.980
238.980 241.530
241.710 243.000
243.180 245.820
245.820 248.010
248.070 248.730
248.730 249.750
249.750 253.830
254.190 256.050
256.110 257.220
257.220 258.480
258.540 260.190
260.280 261.360
261.360 262.500
262.560 266.100
266.130 267.000
267.000 268.500
268.500 276.960
277.110 279.210
279.210 279.990
280.080 284.850
285.090 287.220
287.460 288.390
288.390 290.250
290.250 291.930
292.230 293.010
293.010 298.620
298.620 299.430
299.640 302.850
302.850 309.300
309.300 312.390
312.390 321.840
322.020 324.840
325.200 326.580
327.030 329.100
329.100 331.830
332.040 334.350
334.500 336.840
337.080 340.020
340.380 342.960
342.960 344.850
345.000 348.930
349.140 351.120
351.120 352.110
352.290 358.530
358.650 362.400
362.610 366.420
366.480 367.740
367.740 372.090
372.270 375.420
375.630 378.930
379.140 380.640
380.640 383.100
383.340 386.100
386.220 387.390
387.390 393.570
393.690 395.040
395.040 396.990
397.050 399.960
399.960 401.010
401.340 404.670
404.880 405.840
405.870 407.280
407.280 411.600
411.870 414.000
414.090 415.620
415.770 421.680
421.680 424.050
424.200 426.330
426.420 428.250
428.250 430.200
430.350 431.970
432.030 433.890
433.980 436.830
436.860 439.950
439.950 445.950
445.950 447.570
447.750 448.980
448.980 449.940
449.970 451.590
451.590 453.120
453.120 456.120
456.180 457.500
457.500 459.120
459.120 463.530
463.530 465.180
465.540 469.380
469.710 475.230
475.260 476.580
476.580 477.210
477.480 480.330
480.600 481.650
481.650 483.180
483.210 486.450
486.480 488.160
488.370 489.450
489.480 492.420
492.660 493.800
494.280 496.170
496.200 497.610
497.730 499.980
500.250 502.320
502.320 504.930
505.230 508.920
508.920 510.420
510.510 511.830
511.830 519.510
519.630 522.090
522.240 523.440
523.500 525.780
525.930 526.680
526.800 529.800
529.980 534.450
534.450 536.190
536.310 537.420
537.510 541.050
541.110 543.150
543.390 545.550
545.550 546.630
546.630 549.210
549.210 550.440
550.440 551.280
551.280 553.650
553.950 554.880
555.090 556.110
556.350 557.370
557.370 559.800
559.800 562.650
562.650 566.310
566.310 567.990
567.990 570.960
570.960 571.980
571.980 573.810
573.810 575.010
575.010 579.990
579.990 581.010
581.040 583.260
583.260 586.290
586.440 587.220
587.520 589.260
589.410 596.610
596.880 597.720
597.750 600.030
600.300 604.050
604.050 605.280
605.280 606.330
606.330 607.920
607.920 609.420
609.840 610.950
610.950 612.630
612.660 616.080
616.350 617.490
617.730 619.200
619.350 621.000
621.090 622.290
622.590 624.450
624.540 625.740
625.950 629.250
629.250 632.040
632.190 635.640
635.850 637.440
637.470 643.320
643.380 645.030
645.060 646.170
646.200 649.260
649.560 651.270
651.510 653.340
653.340 656.130
656.310 657.870
658.500 660.810
661.020 663.330
663.630 667.710
667.920 671.340
671.460 672.210
672.480 673.680
673.980 675.210
675.510 678.690
678.690 680.220
680.220 681.330
681.360 682.320
682.320 684.450
684.540 686.670
686.820 688.710
688.740 691.860
691.860 693.090
693.090 693.990
694.080 696.270
696.330 698.160
698.160 700.260
700.260 701.550
701.550 703.350
703.350 711.000
711.300 714.240
714.240 715.050
715.230 718.950
719.040 720.480
720.480 723.840
723.840 726.600
726.690 727.950
728.040 729.450
729.450 730.350
730.350 730.950
730.950 732.270
732.270 734.940
735.060 736.470
736.470 738.900
738.900 744.660
744.660 748.770
748.770 753.960
754.080 757.470
757.560 760.020
760.020 761.910
761.910 763.050
763.170 766.230
766.500 769.980
769.980 771.150
771.150 772.080
772.080 774.060
774.360 788.400
788.400 791.760
792.090 793.980
793.980 795.900
795.900 797.220
797.220 799.770
799.770 801.630
801.630 802.440
802.530 803.520
803.520 807.900
807.900 810.840
810.840 812.160
812.160 813.630
813.870 815.760
815.940 817.830
818.010 821.880
821.880 825.090
825.210 828.390
828.420 829.590
829.770 831.210
831.300 832.650
832.770 843.540
843.600 845.220
845.250 846.450
846.480 848.220
848.700 850.380
850.650 851.730
