0.000 14.610
14.700 15.840
15.840 16.920
17.070 20.460
20.460 22.410
22.680 26.910
26.910 29.640
29.730 31.920
31.920 33.600
33.600 37.740
37.770 39.060
39.120 43.080
43.530 44.400
44.550 45.960
45.960 47.550
47.580 50.280
50.490 53.790
53.790 56.460
56.640 59.790
59.790 61.410
61.440 65.160
65.370 66.420
67.170 69.210
69.210 72.090
72.120 79.140
79.650 81.780
81.840 87.870
88.080 88.980
88.980 89.970
90.090 92.550
92.880 97.950
97.980 99.030
99.150 105.240
105.630 106.410
106.410 107.430
107.430 117.030
117.030 122.100
122.280 127.950
127.950 133.560
133.830 137.850
138.030 140.610
140.700 143.730
143.820 149.190
149.220 152.010
152.010 155.520
155.580 157.290
157.290 158.760
158.760 161.880
161.880 163.440
163.680 167.400
167.400 171.780
171.900 177.270
177.900 178.650
178.710 182.310
182.310 184.290
184.290 186.930
186.930 191.850
191.850 192.840
192.840 200.160
200.370 204.840
204.840 207.900
207.900 209.730
209.730 211.740
211.860 214.170
214.200 215.370
215.370 216.810
216.990 220.020
220.140 225.180
225.330 227.310
227.400 228.960
229.470 230.190
230.310 234.330
234.450 235.980
235.980 237.900
237.900 239.040
239.160 242.610
243.240 244.410
244.410 248.010
248.010 251.490
251.550 252.600
252.840 253.650
253.650 254.760
254.850 256.140
256.320 257.100
257.160 258.990
259.170 260.400
260.400 265.740
265.950 271.500
271.890 274.230
274.260 275.910
275.910 277.530
277.710 279.780
280.440 284.250
284.250 286.590
286.740 291.030
291.090 291.810
291.810 293.340
293.430 294.720
295.050 297.120
297.120 300.630
300.660 302.790
302.790 306.900
307.170 312.900
313.140 313.770
313.770 315.450
316.020 320.250
320.370 321.240
322.050 322.710
322.920 324.750
324.900 331.920
331.920 333.210
333.210 334.920
335.100 336.870
337.020 338.880
339.120 341.010
341.010 344.460
344.730 345.990
346.020 347.580
347.880 349.530
349.770 351.210
351.540 354.870
355.200 359.190
359.280 362.220
362.520 364.860
364.920 365.970
365.970 369.300
369.300 370.890
370.890 375.420
375.420 377.910
377.910 380.850
381.060 390.390
390.390 391.710
392.010 393.570
393.570 399.780
400.320 402.480
402.630 404.550
404.850 407.700
407.790 410.460
410.550 412.050
412.680 413.520
414.240 416.220
416.580 420.060
420.630 421.710
421.860 422.610
422.610 426.600
426.660 428.070
428.190 434.700
434.880 437.040
437.070 438.420
438.660 443.400
443.400 444.960
444.960 446.760
446.790 452.970
453.120 454.770
454.890 459.270
459.630 462.840
462.930 464.130
464.340 468.390
468.450 471.030
471.030 474.750
474.810 480.450
480.450 482.520
482.520 485.340
485.430 491.160
491.160 492.060
492.090 494.970
494.970 495.870
496.050 500.160
500.190 502.560
502.680 504.360
504.690 518.280
518.430 520.050
520.230 520.860
520.950 522.420
522.870 526.890
526.890 529.920
529.920 532.260
532.260 534.600
534.750 535.980
536.220 538.200
538.470 540.990
541.050 541.800
541.890 543.600
543.720 545.490
545.490 546.420
546.630 549.060
549.210 556.590
556.590 557.700
557.700 559.590
559.740 560.820
560.910 564.810
565.080 568.710
568.710 570.420
570.780 574.860
574.950 578.220
578.790 584.880
584.970 586.800
586.980 590.820
590.820 592.890
593.100 596.850
597.780 599.100
599.790 601.500
602.160 603.330
603.330 604.560
604.830 606.960
607.230 612.000
612.150 613.800
613.800 618.390
619.020 622.860
623.220 626.460
626.730 628.020
628.530 631.140
631.320 636.000
636.210 641.010
641.010 642.600
642.600 646.380
646.530 649.230
649.230 651.150
651.150 653.520
653.580 654.450
654.660 656.370
656.430 657.870
658.080 660.570
660.600 663.360
663.360 665.100
665.130 666.330
666.660 668.070
668.490 671.070
671.190 673.590
674.100 676.140
676.380 676.980
677.310 683.820
684.270 685.770
685.770 688.290
688.320 690.480
690.600 693.990
694.020 694.890
695.010 697.140
697.230 697.980
697.980 702.690
702.720 704.310
704.700 705.480
705.480 707.190
707.220 710.460
710.520 713.310
713.310 714.750
714.840 717.450
717.450 719.910
720.150 722.340
722.520 723.660
723.930 724.770
724.860 725.820
726.240 727.080
727.260 729.510
729.540 730.410
730.680 731.790
731.820 733.230
733.350 734.400
734.400 736.800
736.800 738.240
738.240 741.150
741.150 745.380
745.470 747.030
747.150 750.030
750.060 751.080
751.650 753.600
753.600 756.990
756.990 758.010
758.070 758.970
759.630 760.710
760.710 764.160
764.640 765.900
766.560 768.720
768.720 773.040
773.040 773.970
774.960 777.690
777.810 779.460
779.460 780.090
780.090 781.110
781.230 782.430
782.430 785.070
785.160 785.970
786.780 787.860
787.860 790.170
790.590 792.390
792.510 793.920
793.920 794.970
795.060 798.840
798.840 801.690
801.690 804.570
804.570 806.220
806.310 807.720
807.720 809.190
809.190 814.740
814.740 819.450
819.600 820.620
820.650 823.530
823.530 824.790
824.910 825.780
826.230 827.970
828.090 829.290
829.290 830.670
830.670 833.160
833.790 834.930
834.930 836.580
836.610 840.660
840.780 844.560
844.560 846.150
846.150 846.750
846.810 849.450
849.570 850.980
851.130 855.270
856.110 857.790
857.820 860.310
860.580 862.260
862.860 868.830
871.530 872.580
