0.000 13.230
13.230 14.880
14.880 16.530
16.860 19.530
19.530 20.220
20.220 21.840
21.840 25.950
26.070 28.890
28.890 33.060
33.210 40.380
40.380 42.690
42.690 43.740
43.740 46.410
46.500 50.070
50.070 52.890
52.920 56.670
56.670 60.210
60.210 67.920
67.920 72.180
72.240 85.020
85.080 87.930
88.260 91.260
91.260 93.060
93.330 97.920
97.920 98.970
99.180 100.170
100.170 101.580
101.670 104.040
104.100 107.520
107.520 108.600
108.840 110.220
110.460 112.440
112.800 116.400
116.790 120.570
120.720 125.130
125.130 127.020
127.110 137.970
138.030 140.880
141.150 142.290
142.770 146.010
146.040 149.880
149.940 151.500
151.590 153.690
153.720 155.880
155.910 159.390
159.390 163.230
163.230 164.940
164.940 169.230
169.980 175.860
175.860 177.540
177.810 181.380
181.500 183.930
184.050 186.240
186.300 189.330
189.330 196.440
196.440 199.740
199.740 205.170
205.410 208.800
208.830 209.790
209.880 211.800
211.800 214.560
214.710 219.360
219.780 221.550
221.550 224.280
224.520 226.440
226.470 230.100
230.100 233.460
233.460 236.610
236.610 240.420
240.540 242.670
242.760 246.120
246.120 249.180
249.210 251.640
251.760 254.160
254.430 255.990
255.990 257.430
257.430 260.160
260.220 264.060
264.060 266.700
266.790 270.840
270.930 273.840
273.930 281.520
281.550 286.590
286.680 289.530
289.530 293.490
293.490 296.490
296.730 297.840
297.840 300.900
300.900 304.740
304.740 309.660
309.660 313.620
313.620 316.950
317.400 325.920
325.920 328.170
328.170 332.310
332.850 336.750
336.750 341.010
341.010 345.780
346.110 351.210
351.660 352.860
353.190 355.200
355.200 356.610
356.640 361.200
361.200 363.060
363.120 365.340
365.340 370.140
370.290 372.930
373.020 379.620
379.620 381.990
382.050 388.470
388.530 390.060
390.060 392.010
392.160 392.910
393.240 394.560
394.590 396.780
396.840 399.000
399.180 399.990
399.990 404.940
405.030 407.820
407.820 408.930
409.050 411.360
411.450 413.160
413.160 417.660
417.990 419.880
420.060 423.030
423.030 427.110
427.140 429.120
429.270 441.840
441.840 445.380
445.380 446.160
446.370 449.820
449.820 450.930
450.930 452.490
452.490 456.840
456.840 457.830
457.950 460.920
461.220 462.570
462.720 464.550
464.700 466.830
466.860 468.510
468.510 470.010
470.190 473.940
473.940 478.350
478.560 481.230
481.230 483.780
483.870 489.840
490.260 491.790
491.790 494.430
494.460 498.330
498.330 504.390
504.390 508.290
508.290 509.430
509.430 515.910
515.910 517.920
517.920 521.100
521.250 523.860
523.860 525.150
525.150 528.600
528.690 534.780
534.780 536.070
536.190 541.830
541.830 542.910
543.030 544.080
544.170 546.420
546.420 550.920
551.010 556.920
557.130 564.480
564.480 566.820
566.940 570.840
571.140 573.630
573.660 579.300
579.690 581.460
581.730 583.650
583.710 587.430
587.550 588.750
588.750 589.920
590.250 591.030
591.060 592.650
592.830 593.520
593.580 601.200
601.200 604.170
604.170 609.150
609.150 624.300
624.360 628.680
628.680 629.730
629.730 630.900
631.110 632.640
633.000 636.750
636.840 638.880
639.060 641.580
641.790 646.920
647.250 648.600
648.600 650.820
650.940 652.620
653.070 654.420
654.420 659.640
659.910 661.020
661.050 664.440
664.920 666.240
666.240 669.330
669.330 673.620
674.040 674.670
674.850 678.300
680.400 681.510
