0.000 6.180
10.830 13.920
13.920 14.910
14.910 16.410
16.410 19.320
19.410 22.110
22.290 25.710
26.910 28.740
29.610 35.340
36.150 36.930
36.990 38.910
38.910 41.880
41.880 42.870
42.870 47.010
47.010 48.570
48.900 50.670
50.760 53.790
54.210 55.560
55.560 56.970
56.970 59.130
59.430 60.930
60.990 63.120
63.120 65.970
65.970 66.660
66.660 68.850
69.120 72.390
72.420 74.520
74.580 75.510
75.540 76.650
76.650 78.450
78.510 81.420
81.690 85.380
85.380 89.400
89.400 92.760
92.760 97.500
97.500 99.210
99.210 102.240
102.360 104.010
108.810 112.170
112.350 116.910
116.910 118.920
118.920 121.920
121.980 126.090
126.240 127.590
127.740 128.880
129.120 131.340
131.340 133.830
133.830 137.160
137.160 138.930
138.930 140.520
140.910 142.680
142.680 151.530
151.530 160.050
160.080 163.860
166.290 171.330
171.330 173.940
173.940 177.060
177.060 179.640
179.640 181.290
181.290 182.640
182.640 183.750
183.750 185.040
185.040 192.810
192.870 194.580
194.580 202.380
202.380 203.610
203.610 218.910
218.910 230.370
234.420 236.370
236.370 238.020
238.350 241.560
241.560 250.320
250.320 251.340
251.400 252.660
252.660 260.130
260.130 260.730
260.730 265.620
265.620 268.980
268.980 273.840
273.840 276.660
276.660 290.520
290.790 291.600
291.600 293.790
293.910 297.630
297.780 299.280
299.280 304.170
304.170 306.270
310.860 319.470
319.470 323.460
324.180 327.180
327.180 344.340
344.340 350.760
350.760 354.420
354.630 366.810
366.900 370.230
370.230 381.630
381.630 389.850
389.850 391.530
395.970 401.280
401.280 405.120
405.120 407.970
408.060 415.800
415.800 418.680
418.680 430.320
430.320 449.940
454.110 456.060
456.120 457.710
457.710 458.790
458.790 464.220
464.220 476.550
476.550 479.400
479.400 484.050
484.050 485.340
485.340 486.870
486.870 488.490
488.670 489.270
