0.000 14.040
14.280 16.050
16.050 17.820
17.820 20.340
20.430 25.620
25.680 26.880
26.880 29.310
29.310 30.450
30.450 32.970
32.970 41.310
41.430 54.150
54.150 56.070
56.370 61.020
61.140 63.960
64.440 68.580
68.640 69.870
69.870 71.970
71.970 74.670
74.700 82.590
82.590 86.310
86.340 88.170
88.440 93.750
93.750 103.950
104.040 106.050
106.110 119.790
119.790 121.620
121.770 123.810
123.900 129.900
129.900 131.940
132.420 134.430
134.580 135.720
135.840 137.730
137.760 140.130
140.190 144.690
144.690 145.740
145.920 148.590
148.620 149.550
149.640 150.810
150.810 151.680
151.830 152.610
152.610 154.440
154.440 156.960
156.960 158.370
158.370 160.050
160.050 161.640
161.880 164.730
164.730 166.170
166.500 167.490
167.730 169.020
169.680 171.720
171.720 173.130
173.220 177.000
177.270 178.740
178.740 179.760
180.120 181.110
181.350 182.130
182.130 184.410
184.530 185.670
186.240 187.650
188.160 189.600
189.810 191.640
191.760 194.730
194.850 196.050
196.200 197.670
198.150 199.140
199.140 205.260
205.680 210.060
210.060 211.680
211.680 213.660
213.660 215.190
215.190 217.440
217.470 218.790
218.790 220.380
220.740 221.820
221.820 225.090
225.090 227.310
227.400 229.740
229.740 230.910
231.390 232.650
232.830 236.490
236.490 243.240
243.240 248.940
248.940 253.860
253.950 256.320
256.470 257.880
258.690 260.850
261.150 262.440
262.560 263.700
263.820 264.840
264.990 269.970
270.150 271.710
271.860 274.560
274.830 275.430
275.760 276.990
277.260 279.270
279.300 282.120
282.330 284.010
284.340 285.990
286.290 287.730
288.390 289.650
290.010 292.590
292.830 294.600
294.600 296.400
296.580 298.200
298.230 300.330
300.330 304.590
304.620 305.460
305.490 306.420
306.540 310.650
310.710 311.760
311.760 313.530
313.800 315.180
315.180 317.520
317.760 318.930
319.290 323.100
323.460 324.060
324.300 329.100
329.100 333.480
333.480 338.670
339.180 345.690
345.690 347.910
347.970 349.590
349.740 351.720
351.750 353.940
353.940 355.110
355.200 358.050
358.110 359.850
359.880 362.430
362.460 363.750
363.930 365.010
365.070 372.690
372.690 374.160
374.160 377.520
377.520 381.240
381.240 382.170
382.290 383.190
383.190 385.980
385.980 389.160
389.400 391.620
391.770 394.680
394.830 396.330
396.330 398.910
399.060 402.330
402.360 403.890
404.010 408.180
408.780 412.560
412.650 416.340
416.730 417.360
417.450 419.220
419.280 420.570
420.870 422.070
422.460 424.920
425.070 426.780
426.870 428.190
428.490 429.660
429.690 432.390
432.390 433.110
433.230 434.190
434.190 434.970
435.630 436.830
436.830 439.590
439.650 446.970
446.970 454.050
454.230 455.070
455.070 458.070
458.070 461.070
461.310 462.210
462.270 463.200
463.320 469.230
469.230 472.470
472.470 473.490
473.910 475.980
476.130 477.270
477.270 480.120
480.330 481.680
481.770 482.850
482.850 484.770
485.130 485.970
485.970 488.580
488.580 490.110
490.110 494.250
494.400 495.390
495.390 498.210
498.210 500.790
500.790 504.300
504.300 505.650
505.740 508.650
509.100 514.050
514.320 515.370
515.370 516.900
516.900 518.970
518.970 521.340
521.580 524.040
524.070 530.910
530.940 533.460
533.580 537.930
538.020 540.720
540.720 546.270
546.420 550.320
550.710 551.850
