0.030 19.470
19.470 20.820
20.820 44.940
45.030 62.130
62.130 89.790
89.790 149.640
149.640 173.400
173.520 186.390
186.390 190.470
190.650 191.400
191.400 231.120
231.120 232.650
232.650 233.610
233.610 241.740
242.700 249.420
249.420 262.980
262.980 280.110
280.110 282.000
282.000 348.810
348.810 351.150
351.150 359.010
359.010 366.120
366.120 369.270
369.570 409.050
409.110 445.320
445.410 452.940
452.940 483.270
483.270 506.190
506.190 517.590
517.590 524.190
524.190 525.540
525.540 547.530
547.530 552.240
552.240 599.640
599.670 603.990
604.080 605.460
