0.000 15.630
15.630 17.400
17.400 18.060
18.240 25.170
25.170 32.160
32.160 51.600
51.600 94.560
94.560 133.710
133.710 150.690
150.690 215.100
215.100 274.980
274.980 311.520
311.550 354.270
354.270 366.240
366.240 396.870
396.870 408.540
408.540 414.840
414.840 435.060
435.060 442.920
442.920 451.500
451.530 491.400
491.400 496.500
496.500 511.770
511.950 538.410
538.410 539.940
539.940 544.140
544.140 569.580
569.580 573.570
573.570 578.910
578.910 585.630
585.750 596.040
596.190 604.170
604.170 610.260
610.440 628.770
628.770 669.930
669.930 675.060
675.180 676.530
