0.000 15.360
15.390 17.670
17.730 21.330
21.330 27.840
27.930 28.530
28.530 31.200
31.200 33.570
34.080 36.600
36.600 37.890
37.920 41.400
41.550 45.120
45.390 47.610
47.610 48.870
49.050 51.000
51.390 52.200
52.320 55.170
55.170 58.380
58.710 60.630
60.630 62.370
62.490 63.780
63.780 67.710
68.130 75.750
75.870 79.080
79.320 82.110
82.260 86.280
86.370 88.830
88.980 90.840
90.840 94.530
94.560 98.190
98.190 102.750
102.810 104.250
104.250 115.200
115.260 116.760
117.000 119.370
119.370 123.390
123.390 128.400
128.400 130.800
130.800 134.280
134.340 137.220
137.310 138.510
138.510 139.590
139.770 142.440
142.530 145.920
145.920 147.600
147.780 149.640
150.030 153.840
153.840 156.900
156.900 161.010
161.010 162.570
162.630 164.340
164.610 165.570
165.570 168.870
168.930 173.010
173.010 178.230
178.230 180.630
180.630 182.790
182.850 188.160
188.160 190.500
190.800 192.960
192.960 198.660
198.690 206.280
206.490 211.380
211.380 216.840
216.840 220.950
220.950 226.050
226.050 228.330
228.330 231.150
231.150 235.290
235.290 238.200
238.230 241.440
241.440 245.220
245.340 249.150
249.360 250.650
251.340 252.060
252.150 255.510
255.510 259.740
260.190 261.480
261.540 265.230
265.320 267.810
267.870 268.980
268.980 275.160
275.160 276.840
276.900 280.500
280.860 283.500
283.500 284.280
284.310 285.960
285.960 292.560
292.680 293.280
293.280 294.720
294.810 295.500
295.500 298.110
298.410 300.510
300.780 303.240
303.240 307.050
307.050 308.880
308.940 310.680
310.980 314.010
314.130 318.780
318.780 326.370
326.370 329.490
329.490 330.660
330.900 332.700
332.700 334.800
334.800 335.820
335.820 340.110
340.290 344.190
344.190 347.970
348.030 352.140
352.350 353.550
353.610 355.500
355.500 359.250
359.250 364.170
364.200 366.270
366.270 368.010
368.130 371.760
372.300 377.850
377.850 394.620
394.620 396.510
396.570 400.560
400.620 402.960
402.960 412.830
412.830 414.390
414.390 418.110
418.110 420.690
420.720 424.050
424.050 431.400
431.820 434.820
434.820 435.540
435.540 439.140
439.140 441.480
441.480 442.380
442.920 443.520
443.520 449.460
449.460 460.800
460.980 466.770
466.800 472.380
472.380 475.260
475.260 476.610
476.610 479.430
479.460 482.040
482.070 483.030
483.030 486.360
486.630 487.590
487.740 491.400
491.520 495.330
495.330 496.440
496.440 497.520
497.520 499.710
499.710 504.750
504.750 506.790
507.120 509.670
509.700 510.360
510.570 513.900
513.900 520.950
521.400 527.220
527.250 529.020
529.020 531.000
531.000 532.530
532.530 534.450
534.450 540.600
540.600 547.410
547.440 549.570
549.750 550.950
551.040 554.490
554.490 555.360
555.360 557.610
557.790 560.280
560.340 563.790
563.790 565.140
565.140 566.190
566.190 567.780
567.840 572.700
572.700 575.040
575.400 577.350
579.900 580.920
