0.030 13.980
13.980 15.450
16.020 19.080
19.380 21.270
21.300 25.500
25.710 26.760
26.760 28.200
28.200 32.250
32.250 34.440
34.470 37.860
37.860 40.860
41.310 42.990
43.110 44.430
44.670 46.260
46.590 51.300
51.690 53.400
53.520 57.930
57.930 59.550
59.880 62.700
62.730 64.590
64.890 68.880
69.120 70.290
70.380 72.660
72.660 76.440
76.650 83.040
83.130 83.790
83.790 84.930
85.260 88.500
88.530 90.270
90.330 91.770
91.770 96.720
97.080 99.780
99.960 102.060
102.060 107.940
107.940 116.250
116.250 117.090
117.330 118.950
119.070 120.540
120.630 122.130
122.130 127.290
127.290 131.760
131.880 138.000
138.000 139.590
139.680 141.150
141.150 144.480
144.690 147.300
147.300 150.480
150.480 152.580
152.580 154.980
155.700 158.400
158.430 162.180
162.240 165.210
165.360 175.020
175.020 175.980
175.980 182.460
183.150 187.830
187.830 205.590
205.590 207.090
207.090 212.370
212.370 214.380
214.470 228.210
228.210 229.470
229.500 230.820
230.850 233.250
233.370 234.330
234.330 241.140
241.140 241.950
242.190 244.950
245.160 245.970
245.970 250.410
250.410 251.970
251.970 263.370
263.370 269.610
269.820 270.660
270.660 274.050
274.380 276.870
276.870 278.100
278.100 280.350
280.380 289.260
289.560 293.460
293.880 301.620
301.650 306.300
306.300 314.100
314.130 316.200
316.200 320.130
320.220 327.390
327.510 328.680
328.980 332.520
332.610 338.430
338.730 347.730
347.730 349.860
349.860 355.710
355.710 362.190
362.190 364.230
364.320 366.900
366.900 368.220
368.220 373.260
373.260 375.960
375.960 379.080
379.080 383.070
383.070 389.550
389.640 390.690
390.690 393.210
393.300 396.450
396.450 397.560
397.770 401.400
401.610 403.950
404.310 406.650
406.650 409.320
409.410 411.990
411.990 415.620
415.680 416.790
416.910 418.620
418.680 421.440
421.440 423.090
423.150 425.520
425.700 427.200
427.200 429.570
429.900 433.770
433.770 434.850
435.060 436.470
436.470 438.180
438.180 443.640
443.670 444.930
445.260 446.580
446.640 447.750
447.750 451.560
451.890 454.080
454.080 455.370
455.370 456.600
456.600 459.090
459.120 461.160
461.490 463.350
463.950 465.300
465.420 468.030
468.030 470.100
470.100 471.480
471.480 473.010
473.010 480.060
480.180 483.870
484.020 491.580
491.580 492.810
492.810 494.070
494.520 495.810
495.900 503.700
503.700 511.590
511.590 514.830
514.920 517.200
517.530 519.390
519.630 521.940
522.000 524.550
524.790 528.660
528.660 529.800
529.860 531.390
531.690 532.590
532.590 536.310
536.310 538.230
538.260 545.190
545.190 546.000
546.060 548.640
548.640 551.940
552.030 555.810
555.900 561.360
561.360 566.700
566.700 568.620
568.620 569.430
569.430 574.620
574.740 576.180
576.300 579.930
579.960 581.880
581.880 585.330
585.330 588.630
588.630 592.440
592.440 593.670
593.910 595.020
595.020 596.130
596.340 600.090
600.090 600.690
600.750 603.570
603.690 606.510
606.510 607.680
607.680 609.900
609.900 613.650
613.650 616.200
616.440 618.420
618.570 620.580
620.580 622.320
622.650 624.540
624.540 628.710
628.920 630.060
630.060 633.090
633.120 634.740
634.800 636.180
636.180 637.050
637.110 638.340
638.340 639.450
639.450 646.920
646.920 648.720
649.170 651.390
651.420 652.320
652.470 654.600
655.200 659.070
659.070 662.760
662.940 667.650
667.830 675.150
675.300 679.110
679.110 682.740
683.070 685.350
685.470 695.310
695.310 697.860
697.860 699.720
699.930 705.210
705.510 709.590
709.590 710.970
711.060 711.960
712.080 713.970
714.000 718.800
718.980 724.980
724.980 732.510
732.570 736.650
736.650 738.030
738.030 745.470
745.470 749.010
749.010 755.730
755.760 759.750
759.810 762.510
762.570 766.020
766.020 767.940
768.120 771.120
771.120 772.020
772.020 773.670
773.670 791.580
791.670 793.590
793.590 796.620
796.620 799.110
799.230 804.690
804.780 805.470
805.470 807.930
808.050 814.170
814.170 819.480
819.480 830.880
830.880 837.420
837.600 839.700
839.910 841.860
841.980 844.410
844.410 845.340
845.370 846.180
846.210 857.400
857.400 859.080
859.140 862.980
862.980 866.460
866.460 875.550
875.550 876.810
876.810 878.040
878.040 879.300
879.300 880.560
880.560 888.570
888.600 890.640
890.730 892.620
892.710 895.410
895.440 896.820
897.180 901.380
901.380 912.150
912.210 913.950
914.400 919.590
919.590 920.430
920.430 922.260
922.500 926.400
926.400 930.060
930.090 931.350
931.560 939.000
939.000 943.440
943.530 948.840
948.870 953.490
953.610 956.490
956.490 957.390
957.390 958.500
958.560 959.640
959.640 968.460
968.460 970.200
970.200 971.010
971.130 973.500
973.500 975.540
975.810 980.460
980.580 981.840
981.930 986.490
986.640 989.340
989.490 1006.650
1006.650 1010.910
1010.910 1027.140
1027.140 1028.370
1028.640 1030.680
1031.310 1039.170
1039.170 1044.750
1044.750 1047.420
1047.420 1048.710
1048.800 1052.070
1052.370 1053.180
1053.390 1056.420
1056.420 1059.990
1060.350 1061.580
1061.580 1063.530
1063.530 1064.940
1064.940 1066.050
1066.170 1071.660
1071.720 1073.250
1073.280 1074.840
1074.840 1076.130
1076.280 1077.330
1077.330 1078.260
1078.380 1083.270
1083.270 1087.740
1087.740 1088.970
1088.970 1090.230
1090.230 1092.180
1092.180 1104.360
1104.360 1105.710
1106.250 1108.680
1108.770 1109.970
1109.970 1112.130
1112.130 1119.150
1119.390 1123.290
1123.680 1125.600
1126.800 1127.640
1127.640 1128.780
1128.870 1134.510
1135.110 1136.520
1136.520 1139.490
1139.490 1141.050
1141.230 1142.880
1142.880 1144.620
1144.620 1147.290
1147.290 1152.570
1152.570 1156.080
1156.080 1157.820
1158.000 1160.250
1160.280 1163.790
1163.790 1166.190
1166.190 1170.930
1171.110 1176.960
1176.960 1178.520
1178.550 1185.390
1185.390 1194.660
1194.660 1197.030
1197.090 1199.730
1200.060 1201.440
1202.550 1203.720
1203.720 1204.710
1204.770 1206.000
1206.030 1212.900
1212.900 1214.400
1214.400 1216.800
1216.800 1222.650
1223.220 1225.740
1225.830 1227.300
1227.480 1230.000
1230.750 1232.310
1232.370 1244.640
1244.790 1246.890
1247.250 1252.320
1252.320 1263.240
1263.330 1266.390
1266.390 1269.420
1269.420 1277.670
1277.670 1281.690
1281.690 1286.910
1287.000 1288.380
