0.000 14.280
14.550 18.780
19.110 19.980
19.980 21.240
21.570 24.780
25.080 26.460
26.460 27.930
28.200 33.360
33.480 37.200
37.560 39.870
39.870 50.430
50.430 52.260
52.350 55.140
55.140 58.290
58.620 59.550
59.550 61.500
61.650 62.790
63.090 64.950
65.280 66.390
66.390 68.610
68.640 70.020
70.200 70.980
70.980 73.470
73.620 77.340
77.820 81.060
81.090 84.780
84.780 88.530
88.620 89.700
89.700 92.310
92.460 93.960
94.110 94.740
94.740 98.280
98.280 99.270
99.840 103.530
103.980 105.090
105.090 106.440
106.530 113.730
114.060 115.770
116.100 117.960
118.020 120.600
120.870 124.800
124.800 128.820
128.820 130.230
130.260 134.910
134.940 142.920
142.920 144.300
144.300 147.330
147.330 149.310
149.520 154.740
154.740 156.450
156.450 163.380
163.380 164.340
164.340 166.800
166.800 170.970
170.970 171.780
172.020 178.050
178.050 179.310
179.310 182.250
182.250 188.790
188.790 189.960
190.050 193.080
193.080 194.460
194.580 195.540
195.630 197.010
197.130 199.410
199.650 200.910
200.910 202.080
202.440 203.610
203.970 205.500
205.650 207.840
207.840 208.620
208.620 212.640
212.790 213.750
214.140 215.460
215.490 232.920
232.950 239.010
239.160 240.540
240.570 246.300
246.300 247.740
247.740 250.110
250.110 252.150
252.210 253.800
254.010 255.900
256.050 257.040
257.280 258.960
258.960 260.460
260.520 261.660
261.660 263.940
264.120 265.470
265.800 266.520
266.670 271.080
271.230 274.320
274.350 284.280
284.280 288.480
288.480 290.070
290.070 294.660
294.660 295.560
295.560 300.900
300.900 304.920
304.920 314.340
314.400 316.560
316.560 317.820
318.030 319.980
319.980 321.660
321.660 324.840
324.840 327.390
327.390 331.740
331.770 334.770
334.770 340.200
340.200 341.160
341.160 342.780
342.780 344.040
344.040 346.680
346.800 348.510
348.600 352.650
352.650 357.690
357.690 359.910
359.940 362.790
362.790 364.320
364.620 365.370
365.370 366.570
366.600 367.710
367.710 369.600
369.930 371.040
371.040 371.970
372.000 373.740
373.890 376.830
376.830 379.230
379.230 381.030
381.030 383.310
383.730 385.560
385.740 388.110
388.110 389.520
389.520 390.870
390.870 392.160
392.160 393.420
393.420 395.280
395.580 399.570
399.570 402.150
402.150 403.980
404.100 406.470
406.470 409.020
409.020 410.370
410.520 411.750
411.750 413.430
413.430 415.800
416.190 417.510
417.510 422.820
422.910 425.760
425.940 427.290
427.320 428.490
428.520 430.890
430.920 431.970
431.970 432.840
433.020 436.560
436.560 438.600
438.600 440.250
440.400 445.740
445.740 447.780
447.990 449.460
449.460 454.290
454.290 456.390
456.390 458.010
458.250 463.920
464.460 467.070
467.730 469.410
469.410 470.970
471.060 472.260
472.320 476.550
476.910 478.740
478.830 483.030
483.030 484.140
484.200 485.250
485.340 487.740
488.040 488.700
488.910 491.400
491.400 492.540
492.630 495.870
495.900 498.270
498.270 502.950
502.980 504.630
504.750 506.580
506.580 507.780
507.780 509.520
509.550 511.740
512.010 515.310
515.550 517.830
517.920 518.610
518.850 520.530
520.560 522.210
522.210 527.670
527.670 530.310
530.310 531.900
531.900 537.720
537.720 542.880
542.880 544.380
544.380 547.440
547.470 552.240
552.240 555.390
555.390 558.120
558.150 560.250
560.310 561.540
561.540 562.350
562.410 564.000
564.210 567.090
567.090 569.130
569.130 570.780
570.780 571.710
571.710 572.430
572.580 574.110
574.110 576.720
576.720 577.680
577.680 579.450
579.630 583.050
583.050 586.560
586.740 591.210
591.210 593.760
594.000 595.980
596.190 597.720
597.750 598.920
598.920 600.990
601.050 602.460
602.550 606.240
606.360 609.570
609.570 611.310
611.310 612.600
612.900 615.060
615.060 616.410
616.410 619.560
619.890 623.250
623.250 624.240
624.810 627.510
627.660 629.040
629.730 633.780
633.870 635.250
