0.000 6.180
11.040 14.490
14.490 18.930
18.930 20.760
20.760 54.540
54.540 69.630
69.630 74.700
74.700 88.740
88.740 102.510
102.510 129.180
129.480 147.540
147.540 191.850
191.850 195.840
195.840 247.650
247.650 253.410
253.410 267.570
267.570 269.550
269.550 274.200
274.200 297.900
297.900 299.640
299.640 326.190
326.190 331.410
331.710 352.800
352.800 356.100
356.100 358.170
358.230 366.390
366.390 425.970
425.970 467.790
468.000 472.020
472.170 475.680
475.710 479.820
479.910 486.210
486.210 490.560
490.560 515.910
515.910 520.170
520.260 530.760
530.760 549.360
549.450 560.520
560.520 570.630
570.690 574.440
574.440 580.980
580.980 582.840
582.840 586.710
586.710 600.690
600.690 634.920
634.920 661.650
661.860 671.070
671.250 673.650
673.680 698.280
698.340 701.490
701.520 709.020
709.020 711.570
711.750 751.200
751.410 754.650
754.740 762.360
762.390 784.260
784.260 789.660
789.660 795.180
795.180 809.910
810.030 814.020
814.020 828.030
828.030 833.730
833.730 840.600
840.600 847.830
847.860 860.250
860.880 872.550
872.670 880.470
880.470 890.100
890.100 968.190
968.310 981.150
981.150 987.330
987.330 995.730
995.730 998.040
998.100 999.750
999.960 1003.650
1003.650 1013.880
1013.880 1023.900
1023.900 1025.850
1026.150 1028.280
1028.340 1030.980
1031.580 1071.540
1071.540 1128.810
1128.810 1138.770
1138.770 1140.630
1140.630 1169.400
1169.880 1195.830
1195.830 1211.340
1211.340 1220.370
1220.400 1223.640
1223.640 1227.810
1227.810 1252.740
1252.740 1260.270
1260.270 1261.560
1261.560 1262.670
