0.000 13.770
13.770 15.090
15.120 18.180
18.210 19.050
19.170 25.860
25.920 30.120
30.240 32.700
32.700 37.830
37.890 40.260
40.350 41.520
42.090 44.700
44.700 49.440
49.650 52.050
52.140 53.550
53.730 55.980
56.100 57.000
57.000 61.020
61.380 65.700
66.330 69.000
69.390 72.780
72.780 74.580
74.700 75.870
75.990 77.730
77.790 80.010
80.400 83.430
83.700 85.410
85.470 86.580
86.940 90.630
90.870 92.820
93.090 95.160
95.190 99.150
99.270 102.900
102.990 108.180
108.180 109.380
109.500 110.760
110.760 112.980
113.100 115.410
115.710 117.090
117.090 120.210
120.270 122.940
123.030 124.950
124.950 125.760
126.540 127.320
127.530 131.130
131.250 134.100
134.670 137.130
137.130 138.000
138.000 141.120
141.120 143.160
143.700 145.140
145.140 147.540
147.810 149.460
149.640 152.280
152.460 155.430
155.610 157.740
157.800 159.480
159.480 161.940
162.060 163.590
163.590 164.430
164.580 165.450
165.450 168.720
168.720 173.130
173.400 175.800
175.980 176.910
177.510 178.680
178.680 180.630
181.350 183.960
184.230 185.490
185.520 189.360
189.570 192.330
192.660 195.900
195.900 197.010
197.250 198.270
198.300 200.460
200.610 204.270
204.870 208.260
208.470 211.170
211.230 213.030
213.120 214.710
214.710 215.820
215.820 218.310
218.310 221.400
221.580 222.540
223.020 224.100
224.280 225.390
225.720 226.530
226.800 228.990
229.080 230.280
230.520 233.160
233.490 234.450
234.840 236.280
236.550 237.990
238.110 239.880
240.150 242.790
243.030 244.050
244.260 245.190
245.580 246.870
246.960 248.670
249.060 249.660
249.660 251.940
251.940 253.110
253.260 254.910
255.570 258.420
258.810 259.770
260.340 261.900
262.410 263.760
264.180 266.130
266.460 267.090
267.090 268.080
268.350 269.010
269.280 271.380
271.530 274.080
274.470 275.730
275.730 277.290
277.290 279.750
279.750 286.470
286.470 287.880
287.970 290.760
291.300 294.990
295.080 296.250
296.250 297.330
297.360 299.280
299.430 302.970
303.120 306.510
306.510 309.150
309.150 311.820
311.850 317.100
317.670 319.380
319.590 323.670
324.090 327.390
327.450 329.310
329.340 332.940
333.000 334.290
334.590 335.850
335.850 337.050
337.140 339.570
339.960 341.370
341.520 342.780
343.020 350.190
350.190 354.750
354.870 357.180
357.330 358.800
359.040 361.860
363.240 379.560
379.560 382.830
382.830 386.940
386.970 389.430
389.490 392.190
392.220 394.320
394.320 395.640
395.910 400.050
400.350 400.950
401.370 402.750
402.960 405.990
405.990 408.030
408.030 414.120
414.300 417.150
417.150 418.710
419.220 422.490
422.490 425.940
426.060 427.440
427.440 432.150
432.150 435.150
435.270 438.210
438.330 440.850
441.180 442.950
443.130 445.950
446.100 447.720
447.960 449.310
449.340 452.310
452.790 454.890
455.250 456.810
456.840 461.520
461.520 465.210
465.210 468.300
468.360 470.940
471.210 474.480
475.380 476.670
476.880 478.770
478.920 481.980
482.040 483.990
483.990 485.790
485.790 488.040
488.370 489.480
489.870 492.990
493.230 494.250
494.640 499.620
499.740 505.770
505.830 507.930
508.050 509.640
509.730 511.470
511.710 514.710
514.740 519.930
519.930 521.100
521.460 522.060
522.270 523.950
525.060 527.880
528.030 531.000
531.300 535.740
536.190 536.940
538.170 540.540
540.540 543.540
543.540 547.140
547.500 550.260
550.350 551.430
551.490 553.230
553.470 556.260
556.350 558.510
558.570 560.670
560.670 563.190
563.340 566.190
566.550 567.600
568.410 569.640
570.060 573.630
573.990 575.160
575.460 577.530
577.950 583.440
583.710 586.440
586.440 588.660
588.990 590.340
590.340 591.600
591.810 594.270
594.570 597.720
597.990 601.530
601.560 603.270
603.690 605.280
605.340 606.330
606.360 607.380
607.650 608.760
608.820 610.140
610.440 611.520
611.730 618.630
618.840 623.220
623.370 626.340
626.340 630.270
630.420 631.770
632.010 633.840
634.200 639.240
639.240 644.700
644.700 649.530
649.980 652.290
652.680 653.700
653.820 656.580
656.910 658.470
658.530 660.690
660.870 663.420
663.480 664.470
664.590 673.980
674.070 677.040
677.190 678.690
678.720 684.540
684.870 685.980
