0.000 15.090
15.090 18.180
18.180 19.170
19.170 30.120
30.180 32.760
32.760 37.860
37.890 41.640
42.060 49.500
49.620 53.580
53.670 56.010
56.040 61.050
61.320 65.760
66.240 69.090
69.360 72.810
72.810 74.640
74.640 75.900
75.930 77.760
77.760 80.070
80.370 83.460
83.580 86.640
86.640 90.660
90.810 95.190
95.190 113.040
113.070 115.560
115.680 120.210
120.240 122.970
122.970 126.060
126.540 127.320
127.470 131.190
131.190 134.220
134.670 141.120
141.120 143.190
143.370 147.600
147.600 149.490
149.610 152.340
152.430 155.460
155.580 157.740
157.770 164.520
164.550 165.480
165.480 173.190
173.340 177.060
177.210 180.660
181.020 183.960
184.200 185.520
185.520 189.360
189.510 192.480
192.480 197.040
197.220 198.270
198.270 200.490
200.550 204.570
204.570 208.410
208.410 211.200
211.200 221.430
221.430 222.750
222.930 224.280
224.280 225.420
225.420 233.250
233.370 234.600
234.780 236.340
236.520 238.020
238.080 240.030
240.150 242.850
243.000 244.110
244.110 245.220
245.520 246.870
246.900 248.700
248.880 253.230
253.230 254.970
255.480 258.510
258.510 259.860
260.160 262.050
262.380 263.910
264.150 266.340
266.340 268.110
268.290 269.160
269.160 271.410
271.500 274.140
274.440 275.760
275.760 277.320
277.320 279.780
279.780 287.910
287.910 291.000
291.270 295.020
295.020 297.330
297.330 299.430
299.430 303.060
303.060 306.540
306.540 309.150
309.150 311.910
311.910 317.190
317.580 319.440
319.530 323.730
323.730 327.450
327.450 329.340
329.340 332.970
332.970 334.380
334.590 335.880
335.880 337.080
337.080 339.600
339.930 341.400
341.430 342.840
342.870 354.780
354.840 357.300
357.300 361.920
362.340 389.520
389.520 392.250
392.250 394.320
394.320 395.700
395.700 400.140
400.140 400.950
401.280 403.020
403.020 414.300
414.300 417.180
417.180 418.740
418.920 425.970
426.000 432.180
432.180 435.240
435.240 438.360
438.360 443.190
443.190 447.810
447.930 449.340
449.340 452.490
452.730 454.920
455.190 456.810
456.810 468.360
468.360 470.970
471.150 474.510
474.540 476.760
476.850 482.040
482.040 484.020
484.020 488.430
488.430 489.690
489.840 493.020
493.140 494.340
494.550 505.830
505.830 507.960
508.020 509.670
509.700 511.590
511.710 514.740
514.740 521.340
521.430 522.180
522.210 524.520
525.030 528.000
528.030 531.030
531.240 535.800
536.100 536.940
538.140 543.570
543.570 547.200
547.440 550.260
550.260 551.460
551.460 553.410
553.440 556.290
556.290 558.540
558.540 560.670
560.670 563.220
563.250 566.340
566.490 567.750
568.380 573.660
573.930 575.190
575.280 577.710
577.920 583.470
583.680 586.440
586.440 588.960
588.960 591.810
591.810 594.300
594.300 597.750
597.960 601.560
601.560 603.360
603.660 606.360
606.360 607.380
607.620 610.380
610.410 611.580
611.700 618.630
618.780 623.250
623.340 630.270
630.360 631.860
631.980 633.930
634.110 649.590
649.950 652.350
652.350 653.730
653.790 656.640
656.760 658.500
658.530 660.720
660.810 663.450
663.450 664.500
664.500 674.070
674.070 677.070
677.070 678.720
678.720 684.720
684.810 686.190
