0.000 15.360
15.360 20.070
20.070 21.060
21.240 22.560
22.620 25.590
25.680 31.320
31.800 33.990
34.050 36.090
36.090 36.810
36.810 39.540
39.630 41.190
41.190 42.750
42.750 44.730
44.760 46.680
46.980 47.700
48.030 51.000
51.000 57.660
57.960 61.650
61.680 63.660
63.720 71.130
71.400 72.480
72.630 77.610
77.850 79.890
79.920 83.730
84.030 85.560
85.560 86.760
86.910 87.930
87.930 93.180
93.180 96.930
96.930 99.090
99.090 103.560
104.070 106.440
106.440 107.400
107.400 110.220
110.490 111.930
111.930 112.740
112.920 114.720
114.720 118.920
118.920 122.160
122.160 128.130
128.370 131.580
131.580 134.850
134.850 136.410
136.410 137.940
138.120 142.800
143.100 145.200
145.260 148.170
148.230 149.430
149.430 152.520
152.520 168.660
168.870 171.360
171.600 173.340
173.340 177.420
177.420 180.420
180.630 183.300
183.540 184.890
184.980 188.250
188.370 193.260
193.320 197.640
197.820 202.800
203.010 203.880
203.970 207.210
207.270 208.410
208.410 209.850
209.850 211.980
212.040 213.840
213.960 216.750
216.840 218.760
218.820 226.770
226.860 228.810
229.170 235.590
235.770 236.790
236.850 237.750
237.750 241.470
241.470 244.230
244.440 247.920
247.920 250.590
250.590 251.670
251.970 257.190
257.190 259.290
259.290 265.800
265.800 271.500
271.500 276.360
276.360 280.140
280.230 282.690
282.690 285.690
285.690 288.420
288.420 290.790
290.790 294.810
294.810 297.660
297.660 301.560
301.740 303.120
303.630 304.320
304.320 306.690
306.810 310.740
310.980 313.380
313.380 317.070
317.070 320.880
320.940 325.050
325.170 327.480
327.510 334.650
334.650 337.710
337.710 338.640
338.640 340.260
340.380 341.550
341.550 345.000
345.000 351.240
351.240 354.780
354.780 366.900
366.900 371.340
371.490 374.640
374.700 377.040
377.160 381.780
381.780 383.070
383.070 387.420
387.450 388.950
388.950 394.200
394.200 407.160
407.220 409.440
409.440 410.280
410.280 415.290
415.320 417.060
417.060 418.140
418.380 423.930
423.930 425.610
426.000 427.710
427.830 431.070
431.130 436.920
437.190 440.550
440.730 448.530
448.530 450.180
450.180 456.930
456.930 469.170
469.230 475.770
475.770 476.790
476.820 478.710
478.710 482.610
482.610 486.840
486.840 499.920
499.920 505.620
505.710 513.120
513.120 519.390
519.390 523.740
523.740 529.050
529.050 531.930
531.930 535.230
535.440 537.690
537.870 540.720
540.720 543.480
543.480 546.330
546.360 548.460
548.460 550.080
550.440 553.020
553.230 555.090
555.240 556.860
556.860 558.810
559.170 562.680
562.860 564.390
564.390 565.680
565.800 567.690
567.780 569.190
569.370 579.210
579.210 579.810
579.810 583.890
584.010 584.700
584.700 591.360
591.480 592.680
592.680 593.790
593.790 595.920
595.920 600.810
600.810 608.400
608.400 610.590
610.590 611.850
611.850 615.930
615.930 619.890
619.890 620.760
620.760 621.750
621.750 623.370
623.400 625.080
625.320 626.220
626.220 634.230
634.230 637.920
637.920 638.520
638.520 641.640
641.820 643.170
643.320 645.900
645.900 650.520
650.520 651.600
651.690 657.810
657.810 663.000
663.000 668.190
668.310 669.030
669.150 672.480
672.990 675.240
675.240 676.950
677.280 680.940
681.210 685.170
685.260 689.610
689.640 694.590
694.590 697.230
697.230 699.030
699.030 703.530
703.530 704.730
704.730 707.070
707.160 708.960
708.960 714.660
714.660 716.670
716.700 720.060
720.060 733.770
733.770 735.360
735.450 740.460
740.490 745.020
745.020 748.770
748.860 752.160
752.160 754.770
754.920 759.060
759.060 762.720
762.720 764.070
764.100 769.890
770.130 771.000
771.000 773.220
773.610 777.510
777.570 781.920
781.950 785.970
786.030 791.100
791.190 798.570
798.630 800.070
800.070 802.470
802.470 807.360
807.420 809.430
809.610 810.960
810.960 814.020
814.020 817.470
817.470 819.600
819.600 820.830
820.980 823.350
823.380 825.180
825.270 829.590
829.590 833.130
833.130 837.750
837.750 838.680
838.680 840.630
840.630 847.620
847.620 852.090
852.090 853.380
853.410 856.020
856.110 857.730
857.730 861.330
861.330 862.080
862.080 864.780
864.780 865.650
865.650 867.180
867.180 868.380
868.590 869.550
869.550 871.050
871.200 877.050
877.110 878.010
878.160 879.690
879.900 881.310
881.460 882.690
882.690 884.280
884.310 886.620
886.860 888.510
888.630 889.890
889.890 892.950
892.950 896.040
896.100 897.600
897.750 899.340
899.580 904.620
904.620 915.390
915.570 917.100
917.100 920.370
920.370 926.010
926.190 928.170
928.440 930.450
930.450 934.440
934.530 935.910
