0.000 13.320
13.500 16.470
16.470 20.730
20.760 24.210
24.630 31.080
31.140 33.690
33.690 34.590
34.590 35.520
36.030 38.760
38.760 40.920
41.580 42.420
43.170 44.910
50.460 54.420
54.690 55.440
57.270 59.370
60.510 61.560
62.100 64.800
65.190 66.780
67.860 69.090
69.510 70.170
73.410 75.660
76.290 77.190
79.530 80.760
81.330 83.010
83.370 85.020
86.520 87.180
88.530 90.810
91.530 92.490
93.420 94.770
95.460 98.490
99.030 99.900
100.380 103.860
104.190 105.630
106.140 107.970
108.210 109.500
110.280 114.180
114.780 115.830
115.950 117.600
118.440 119.280
119.790 121.440
121.770 123.150
123.540 126.210
126.480 131.640
131.820 132.450
132.690 133.290
133.290 136.170
137.250 138.240
138.300 139.380
140.970 142.050
143.880 150.300
150.750 153.780
157.590 159.060
159.510 162.150
162.900 163.500
163.590 164.610
166.680 168.150
169.200 171.450
171.930 174.300
174.300 175.800
175.860 179.190
179.250 180.660
181.590 182.520
183.570 185.430
186.180 187.050
187.050 187.890
187.890 189.660
189.840 190.650
193.680 196.710
197.160 197.760
197.760 200.940
201.930 204.270
204.930 205.620
207.120 209.790
212.760 215.940
216.570 217.200
217.200 220.470
220.530 223.110
223.500 224.130
224.220 226.830
228.930 231.360
234.630 235.380
236.340 237.660
240.420 241.050
241.530 243.270
243.390 245.340
246.270 248.340
250.140 253.350
253.860 254.460
254.730 256.530
256.830 257.430
257.670 261.930
262.710 263.460
263.880 265.620
265.830 267.330
267.660 270.030
270.690 274.320
274.560 276.660
277.080 277.890
279.360 281.220
281.670 282.750
284.070 285.480
287.250 290.430
292.290 294.330
296.130 296.850
297.660 300.090
300.540 302.910
307.440 311.130
313.170 313.980
318.450 320.070
320.190 321.510
321.900 323.070
324.450 327.390
327.960 329.220
329.610 331.620
331.740 333.420
336.390 337.980
339.660 340.440
343.170 343.920
344.670 345.390
345.450 351.360
352.140 355.080
355.320 356.040
356.910 358.500
361.560 362.610
362.610 363.810
364.530 366.660
367.920 369.810
375.090 376.830
377.100 379.380
380.010 381.090
382.710 383.340
384.000 389.280
390.090 392.880
393.000 393.960
394.350 394.980
394.980 395.880
396.990 400.050
400.320 405.660
406.260 406.860
406.890 409.830
410.340 412.140
412.590 413.190
414.750 415.710
416.520 418.500
419.340 421.500
421.500 426.780
426.900 427.710
429.780 430.860
431.550 433.920
435.210 436.860
440.370 442.290
443.580 444.660
446.550 447.210
451.290 452.640
452.850 454.770
456.270 457.140
457.830 458.790
458.940 462.780
465.690 466.830
468.390 469.890
469.980 473.910
473.910 476.400
478.170 480.330
481.140 481.950
483.090 484.050
484.140 486.030
487.050 492.060
492.240 492.900
493.110 494.460
495.060 496.230
497.370 501.180
502.980 506.100
506.520 507.660
510.480 513.690
513.810 516.840
516.930 520.860
520.860 521.880
522.480 523.080
525.240 526.410
527.160 528.600
530.400 531.720
532.020 535.830
536.040 536.910
538.050 540.240
541.170 541.800
542.070 542.790
542.910 545.370
545.370 547.440
548.040 549.300
550.590 552.390
555.330 555.960
556.050 557.640
558.450 560.400
560.520 562.590
563.070 563.670
563.790 566.130
566.130 567.900
568.410 570.180
570.510 571.110
571.410 573.810
574.530 575.490
575.640 576.870
577.080 577.800
577.860 578.670
579.540 580.470
581.310 582.090
583.590 585.780
586.410 588.150
588.660 591.240
594.000 595.470
595.710 596.940
598.500 599.160
600.030 606.000
606.210 609.270
609.480 610.080
612.600 615.990
616.200 618.030
618.030 619.890
620.040 621.330
622.170 622.800
623.880 625.200
625.350 627.270
629.820 630.540
632.370 633.450
633.870 634.470
635.610 636.570
636.690 640.320
641.460 642.210
642.270 645.210
645.330 648.210
648.390 649.260
649.260 650.820
656.130 657.270
657.270 658.710
659.130 663.270
663.390 666.210
666.930 667.530
667.590 672.690
673.140 673.740
673.740 675.000
675.000 676.950
677.280 678.750
679.950 684.600
686.580 687.870
692.040 693.150
693.150 694.890
694.890 695.490
696.150 698.520
702.210 702.900
702.900 704.670
706.200 706.920
707.130 708.120
708.120 709.710
710.130 713.190
713.340 716.430
718.890 722.040
722.070 725.760
726.900 727.740
728.490 729.630
729.630 732.000
733.560 734.370
734.550 736.890
737.610 741.750
741.960 743.040
743.340 745.320
745.980 746.970
747.030 750.000
750.270 751.440
755.220 756.750
757.320 760.200
760.500 762.300
763.260 765.030
765.450 766.050
766.170 767.610
768.990 772.770
773.400 774.090
774.090 775.200
775.230 777.600
778.440 780.960
781.080 785.070
785.070 786.540
786.540 787.560
787.590 791.640
791.640 793.680
795.120 795.720
796.590 797.730
797.730 801.420
801.540 802.320
802.590 803.910
804.390 805.200
805.230 810.030
810.720 814.590
814.680 823.950
824.070 826.860
827.130 832.950
832.980 835.020
835.260 836.490
836.550 840.780
840.810 843.480
843.810 846.150
846.330 848.910
849.270 851.370
851.670 852.750
855.240 856.200
