0.000 17.280
17.280 34.320
34.320 59.340
59.340 60.900
60.900 92.310
92.310 96.870
96.870 97.800
97.800 143.130
143.160 145.230
145.230 158.310
158.310 160.020
160.020 180.390
180.390 197.190
197.190 209.700
209.730 215.310
215.310 234.720
234.720 238.950
238.950 242.820
242.820 291.270
291.270 293.250
293.310 336.900
336.900 347.700
347.760 395.160
395.160 397.080
397.200 402.060
402.060 424.230
424.230 446.310
446.310 455.460
455.460 463.800
463.860 472.650
472.650 512.130
512.130 539.070
539.130 542.550
542.670 544.050
