0.030 14.700
14.700 18.180
18.240 21.510
21.720 23.010
23.130 26.190
26.190 27.090
27.210 28.830
28.980 32.820
33.660 35.820
36.540 38.130
38.220 39.930
40.590 43.410
44.220 46.110
47.700 49.950
50.160 51.270
51.630 57.180
57.300 59.610
60.510 61.590
62.490 65.640
66.210 71.190
71.220 72.630
72.630 74.160
74.370 76.620
76.710 83.400
83.910 87.000
87.030 93.510
93.570 95.670
95.670 97.470
97.980 99.870
100.110 101.760
102.000 102.840
102.870 104.940
104.940 107.760
107.760 109.380
109.380 111.300
111.300 117.180
117.270 120.990
120.990 125.550
125.550 129.330
129.390 132.270
132.330 137.520
137.520 138.750
139.050 145.200
145.200 149.490
149.490 153.720
154.020 159.900
160.080 165.210
165.420 171.300
171.300 174.330
174.600 183.570
183.570 185.850
185.850 186.810
186.960 189.600
189.630 190.770
191.040 194.970
195.180 200.790
200.820 204.360
204.420 206.970
206.970 208.050
208.110 212.640
212.730 215.250
215.400 222.300
222.300 224.880
225.060 227.820
227.910 228.540
228.540 232.710
233.100 242.520
242.640 246.540
246.540 247.170
247.200 248.610
248.610 252.720
252.720 255.420
255.750 257.310
257.580 259.440
259.440 260.220
260.460 262.260
262.260 268.170
268.410 274.080
274.350 277.410
277.410 279.030
279.330 280.230
280.230 282.600
282.600 284.820
285.240 285.840
286.140 287.220
