0.000 14.790
14.790 20.400
20.400 32.250
32.250 38.430
38.430 39.480
39.480 40.680
40.800 42.840
43.080 44.070
46.740 50.790
50.790 53.190
53.550 54.780
54.780 56.310
57.900 60.600
60.720 68.520
69.180 70.650
70.830 72.600
73.080 74.730
74.730 76.110
76.200 78.870
79.380 82.140
83.340 85.440
86.220 90.390
91.020 91.950
93.660 94.290
94.410 97.260
97.320 101.040
101.970 102.960
103.770 108.870
109.320 110.280
110.940 114.330
114.600 124.650
124.650 125.760
125.760 128.880
129.630 133.950
133.950 135.960
135.960 137.790
137.790 139.410
140.250 141.150
141.630 142.980
143.430 144.900
148.230 149.340
149.430 151.140
151.140 154.320
154.320 157.050
157.500 162.030
162.090 163.170
164.430 165.420
167.910 169.890
170.820 172.050
172.860 176.160
178.650 179.580
180.120 181.170
181.170 184.500
187.980 189.870
191.430 193.560
198.810 209.520
209.790 213.240
213.420 215.580
215.820 218.070
218.250 219.990
219.990 221.370
221.370 222.540
224.730 229.200
229.380 230.250
230.250 234.360
234.900 235.980
236.400 237.930
239.190 241.560
243.360 244.200
244.260 248.820
248.940 253.380
259.260 260.640
260.640 263.430
263.430 266.280
266.880 273.090
273.090 275.250
275.250 290.550
290.610 299.670
299.670 310.890
310.890 312.390
312.660 316.140
316.350 317.340
317.700 325.170
326.190 328.140
328.560 338.190
338.400 339.060
339.720 349.230
349.890 353.850
354.300 355.020
357.540 364.650
364.650 366.900
366.900 370.830
371.310 378.960
379.440 381.540
381.630 382.380
382.650 385.230
386.370 389.310
389.370 391.140
391.500 393.270
393.540 395.010
401.700 404.580
404.580 406.590
406.590 409.800
409.800 413.280
413.640 418.350
418.380 422.130
423.300 426.420
426.690 428.070
428.070 436.140
436.380 454.140
454.140 478.830
479.010 484.050
484.110 487.530
487.650 489.030
