0.030 12.030
12.030 16.560
16.740 20.910
21.150 24.420
24.600 28.530
28.710 30.420
30.570 31.350
31.590 32.490
32.610 36.270
36.660 38.490
38.490 39.960
40.260 40.860
40.890 42.660
43.290 47.580
48.030 49.590
49.950 52.440
52.740 54.750
54.780 55.650
56.070 58.170
58.710 59.490
60.420 61.170
61.230 63.930
64.560 68.760
68.760 71.760
73.110 76.710
77.310 77.940
77.940 81.630
81.780 83.460
83.820 84.420
84.480 90.510
91.860 93.030
94.200 96.000
96.030 97.320
97.680 99.210
99.510 103.110
104.460 105.630
106.380 106.980
107.910 111.030
111.180 111.810
111.810 113.250
113.520 117.510
117.630 120.270
120.360 122.820
129.000 130.950
131.700 134.850
134.850 137.700
138.510 141.540
141.600 144.000
145.170 148.080
148.110 151.260
151.260 152.610
153.030 156.630
157.080 160.470
160.680 162.810
163.680 164.280
165.000 166.140
166.260 169.920
171.780 173.310
173.640 174.240
174.420 179.160
179.220 181.020
181.020 183.600
184.140 185.640
188.700 192.300
192.300 196.500
197.370 197.970
202.050 202.680
203.010 207.030
207.840 208.440
208.440 209.880
210.300 211.650
211.680 215.580
216.120 216.720
216.720 220.080
220.170 222.870
224.100 227.640
229.260 229.980
229.980 230.790
231.150 237.600
237.990 240.240
241.770 242.520
244.710 247.740
248.310 248.940
249.060 251.280
251.400 254.760
255.150 258.300
258.810 259.860
260.040 264.270
264.600 265.200
266.220 267.450
268.350 269.700
270.030 271.230
271.620 273.960
275.610 276.210
277.620 278.400
278.400 280.890
281.130 282.720
284.730 286.020
286.440 287.040
287.040 287.640
287.760 289.470
289.590 290.700
291.060 292.800
292.860 293.520
293.580 295.410
295.500 298.590
299.130 299.850
300.330 302.280
302.490 305.760
307.620 308.310
308.430 311.370
311.370 312.750
312.990 314.550
314.550 316.020
316.620 317.730
319.860 320.940
321.870 324.720
326.310 326.910
328.380 330.840
332.550 334.380
335.070 336.570
338.130 343.290
345.180 345.780
347.700 348.720
350.190 351.000
351.300 354.570
355.620 356.760
357.270 357.900
358.290 362.220
362.580 367.170
367.170 368.520
369.360 372.630
373.650 374.250
374.250 378.240
378.240 379.620
382.560 385.740
385.770 387.150
388.530 389.310
390.960 391.560
391.590 394.740
398.100 400.200
400.920 402.450
402.780 405.480
406.230 406.920
407.970 409.860
409.920 411.060
412.020 412.620
412.740 417.030
417.120 419.130
419.220 420.420
420.630 422.010
422.580 425.580
426.300 430.080
430.590 431.460
431.460 432.270
433.410 434.010
435.630 436.620
436.680 438.750
438.780 440.250
440.610 444.720
445.260 445.860
445.860 446.760
446.970 448.830
449.220 450.930
451.290 452.880
453.300 456.210
456.480 458.160
458.370 459.570
459.630 460.800
460.950 462.180
463.140 464.850
468.450 469.410
469.860 472.770
480.540 482.640
488.400 490.080
491.070 495.690
496.860 498.990
499.290 501.210
501.210 506.880
507.060 508.080
508.530 510.900
510.990 513.600
513.720 515.490
515.490 519.360
519.480 522.720
523.020 524.100
