0.030 15.360
15.900 16.650
16.740 24.210
24.570 25.470
25.680 29.370
29.550 33.300
33.300 34.500
34.620 37.350
37.560 41.280
41.820 49.500
49.740 52.080
52.080 54.690
54.930 56.520
56.520 57.960
57.960 60.150
60.330 61.050
61.050 63.960
63.960 69.840
70.170 72.810
73.080 76.350
77.190 80.400
80.640 81.480
87.360 93.930
93.990 98.460
98.460 100.320
100.590 101.220
101.910 103.410
103.410 105.000
105.690 110.610
111.210 112.980
113.610 115.620
117.150 118.830
121.560 123.150
123.150 125.610
126.570 127.170
127.470 129.270
129.270 130.620
130.650 132.480
132.540 134.610
135.240 135.840
135.870 137.850
138.450 139.890
141.210 144.480
144.660 145.590
146.160 146.910
148.350 150.570
150.570 151.620
151.770 156.090
156.120 157.530
157.530 160.980
161.010 162.240
163.080 163.920
164.100 164.850
165.120 169.620
170.550 171.150
171.360 173.040
173.820 175.530
176.130 179.010
180.120 180.810
181.230 183.600
185.370 189.750
190.170 190.860
190.860 194.010
194.100 197.610
202.080 204.240
204.240 205.620
205.620 208.770
209.310 213.840
214.140 214.770
215.280 216.060
216.060 219.480
219.570 221.610
222.030 223.680
224.400 225.120
226.890 229.560
230.310 231.270
231.540 234.510
235.110 238.920
239.730 242.610
244.050 246.510
246.660 247.530
249.090 249.750
250.470 252.780
252.780 254.130
254.130 254.910
254.910 257.970
258.540 259.320
260.610 261.930
262.950 264.660
265.170 265.920
266.100 270.090
271.890 272.700
272.760 274.590
275.100 276.300
277.470 280.530
281.340 282.750
283.830 286.680
286.800 288.060
288.270 289.740
291.060 294.360
294.510 297.090
297.090 299.340
299.580 300.270
300.600 301.560
302.820 304.020
305.670 308.550
308.850 309.870
310.140 311.220
311.730 315.660
315.990 316.650
316.650 317.670
318.390 319.500
319.500 320.520
320.610 325.080
325.080 327.150
327.270 327.960
327.960 329.490
329.790 330.690
331.020 331.950
332.460 334.470
335.190 335.880
336.360 337.230
337.590 338.730
339.420 341.610
341.610 343.230
344.310 346.440
346.440 350.370
350.430 353.220
354.450 355.320
355.320 357.000
357.000 358.710
358.710 361.620
361.680 362.370
363.990 367.500
367.620 369.600
369.600 371.430
371.520 372.720
372.990 375.030
375.510 376.110
376.140 377.880
378.090 380.970
382.140 384.840
384.900 387.060
387.720 390.390
391.110 392.400
392.880 394.920
395.010 397.590
399.930 400.740
401.730 402.690
403.530 405.210
405.210 409.650
410.070 412.440
412.950 415.470
416.370 417.150
417.660 419.640
419.820 422.250
423.090 425.820
426.900 427.680
427.680 428.430
428.610 429.690
431.130 433.380
433.560 434.670
435.090 435.900
436.620 439.410
439.890 441.000
441.000 443.730
443.760 445.140
445.380 446.790
447.540 448.500
448.500 451.590
451.740 455.070
456.600 457.560
459.570 460.530
464.100 466.980
467.130 468.240
468.450 470.460
471.240 471.840
472.110 472.860
473.160 477.690
477.690 478.620
480.720 481.710
481.920 483.030
483.510 484.530
484.920 486.630
488.130 489.660
490.200 491.370
491.400 493.320
494.130 497.040
497.040 501.510
501.780 502.380
502.380 504.720
504.720 506.730
506.730 509.970
510.060 512.010
513.630 515.430
515.520 517.590
519.510 522.030
522.030 524.610
524.640 527.880
528.330 529.080
533.100 533.790
535.170 538.650
538.890 543.090
544.470 545.970
546.450 547.050
547.200 547.980
547.980 550.410
554.220 555.000
555.120 556.050
556.500 558.720
561.420 562.980
563.430 569.310
569.460 571.230
572.910 573.570
574.500 578.760
578.910 579.900
580.350 582.450
583.470 584.130
584.130 585.900
585.900 590.340
590.370 592.260
593.400 595.500
595.500 601.380
601.440 603.750
604.110 604.770
604.770 605.490
605.490 607.320
607.800 610.020
610.230 612.870
613.560 614.370
615.180 618.330
619.050 621.150
622.830 623.700
627.630 629.040
630.000 631.050
631.080 633.510
634.290 636.030
636.180 639.210
641.280 644.700
645.180 648.660
649.260 649.980
650.400 652.800
653.160 657.030
658.650 659.550
659.550 661.140
661.140 662.160
662.490 663.720
664.410 665.250
665.820 671.940
672.120 673.530
673.830 676.980
678.660 679.410
681.060 683.910
684.390 684.990
685.530 690.000
690.540 692.070
692.220 696.180
697.860 698.520
699.480 701.850
703.230 704.250
704.250 707.580
710.790 713.310
714.150 715.380
715.560 717.720
717.990 721.680
724.230 724.980
725.130 727.170
727.620 728.640
729.270 730.800
730.890 731.880
734.100 735.180
735.600 739.380
739.980 743.220
744.990 746.670
746.670 748.500
748.860 750.930
751.110 751.830
751.830 753.390
753.690 756.060
757.530 759.810
760.200 764.550
764.790 765.870
766.470 768.180
768.660 771.390
772.050 773.730
773.970 776.550
777.540 778.140
778.140 780.870
781.560 782.280
782.430 783.390
783.960 784.710
786.750 787.500
788.640 789.600
793.740 794.820
794.970 798.420
798.570 800.430
801.000 801.690
803.100 804.030
806.700 808.770
810.330 814.260
814.800 815.400
816.300 819.270
820.230 822.120
822.270 824.700
824.940 827.100
828.000 828.720
828.810 831.720
833.490 835.470
837.600 838.290
838.650 841.530
842.430 843.090
843.270 844.320
844.680 846.600
847.380 852.210
852.210 853.680
853.680 857.580
857.730 862.920
862.920 867.840
867.840 876.630
877.050 878.100
878.160 886.170
886.350 887.730
887.730 889.020
889.020 890.760
891.240 892.470
892.710 893.430
893.430 897.690
898.170 903.930
903.960 906.210
906.240 907.800
907.920 908.970
909.360 910.920
911.190 913.440
913.590 915.360
915.570 919.140
919.890 921.000
921.150 922.140
924.720 925.740
