0.000 2.760
3.870 5.220
6.360 7.590
7.590 9.450
9.780 11.880
12.630 13.800
14.070 17.100
17.820 20.640
21.030 23.400
23.790 25.740
25.740 26.610
27.150 28.170
28.260 30.180
30.180 31.770
32.190 33.360
33.390 34.050
34.290 35.100
35.340 36.330
36.360 37.140
38.040 39.120
39.300 40.980
41.130 42.630
42.840 43.800
44.190 45.210
45.300 46.050
46.500 47.820
47.970 48.810
48.810 50.700
51.090 52.350
52.620 54.090
54.210 55.440
55.800 58.830
58.830 59.940
60.240 61.920
61.950 65.130
65.340 68.970
68.970 70.890
71.250 72.510
72.570 75.870
75.930 78.990
79.050 81.450
81.720 83.430
83.970 85.410
85.410 87.900
88.650 90.000
90.090 91.320
91.650 93.840
94.260 95.580
95.730 97.800
97.830 101.250
101.250 102.660
103.380 104.280
104.850 106.020
106.740 107.970
108.360 110.040
110.550 111.210
111.420 113.280
113.670 118.410
118.680 120.510
120.780 121.920
121.950 125.760
126.030 129.030
129.330 130.650
130.800 132.330
132.780 133.530
133.890 134.610
135.030 135.870
136.590 142.230
142.320 144.390
145.170 146.820
146.820 149.580
149.790 151.290
151.320 153.150
153.450 155.310
155.850 156.900
157.320 164.040
164.910 166.800
167.040 169.350
169.560 171.540
171.540 173.310
173.820 174.930
175.050 177.840
177.960 179.280
179.640 180.720
181.080 187.230
187.680 190.500
190.650 193.590
194.070 196.290
196.470 197.370
197.580 200.700
201.150 201.780
202.170 203.400
204.450 206.070
207.180 209.130
209.760 212.490
212.670 215.250
215.520 218.640
218.850 219.600
219.990 221.160
221.400 224.520
224.730 225.780
225.900 228.180
229.080 229.830
229.980 231.450
232.110 233.280
233.640 235.590
236.190 238.260
238.380 240.150
240.210 241.620
241.680 243.450
243.810 245.970
246.600 247.290
247.290 249.000
249.690 250.320
250.350 251.760
252.270 257.250
257.520 258.810
259.440 260.670
261.390 265.080
265.500 268.320
268.530 269.220
269.340 271.260
272.310 274.380
275.190 276.720
277.170 279.930
280.530 282.690
283.800 284.970
287.250 293.760
294.210 297.870
298.440 301.770
302.190 303.780
303.930 308.580
308.790 309.630
309.900 311.790
312.510 315.750
316.680 317.340
317.460 319.860
320.070 321.870
321.870 322.530
323.100 326.370
326.490 328.170
328.500 331.680
331.770 332.700
333.990 335.220
335.520 338.370
338.460 339.450
339.870 342.750
342.750 344.430
344.790 347.430
347.520 348.690
348.690 351.150
351.690 353.100
353.670 354.300
354.540 356.550
357.270 359.430
359.790 362.310
362.520 363.330
364.260 364.920
365.040 368.130
369.000 370.020
370.260 372.030
372.030 373.740
374.490 376.080
376.500 379.290
380.940 382.770
383.610 386.190
386.520 392.430
392.910 394.440
394.590 395.460
396.240 396.840
397.320 399.150
399.390 401.550
402.660 405.540
406.170 406.950
407.910 411.630
411.690 413.070
413.730 415.320
415.710 417.030
417.330 418.530
418.710 419.700
420.660 421.950
421.950 423.690
423.900 426.210
427.170 427.860
427.980 431.520
431.790 433.470
433.620 437.280
437.880 440.970
441.450 442.980
445.080 446.400
446.670 449.760
450.090 452.190
452.850 456.060
456.120 456.750
456.840 458.460
460.290 462.360
462.990 464.460
464.880 466.110
466.230 468.060
468.810 470.190
470.580 471.870
472.440 474.360
475.050 476.040
477.150 477.840
478.200 480.270
480.690 481.410
482.100 485.010
485.760 486.930
487.080 488.190
488.190 489.510
490.290 493.020
494.040 496.920
497.550 499.500
499.500 501.060
501.450 502.680
503.430 504.270
504.390 507.180
507.510 508.260
508.620 510.030
511.320 512.250
512.850 514.020
514.110 514.740
515.790 517.470
517.890 519.750
520.200 521.190
521.460 522.540
522.870 523.830
524.310 525.360
526.020 527.400
527.400 530.040
530.100 531.660
531.900 533.070
533.970 534.660
535.350 537.210
537.390 538.200
538.200 539.850
539.880 542.400
543.660 546.240
548.070 551.160
551.670 552.570
553.140 554.880
555.990 557.490
558.600 559.500
560.040 561.960
563.610 565.290
565.830 566.700
567.480 568.290
569.100 570.090
570.240 572.370
572.940 573.570
574.110 575.310
575.940 576.600
577.080 578.010
578.400 579.300
579.600 581.760
582.150 583.590
584.220 584.970
585.120 586.110
586.590 587.790
588.690 591.120
591.870 592.710
593.040 594.000
594.000 594.930
595.110 597.900
598.380 599.280
600.060 600.660
600.870 601.830
602.430 603.240
603.390 605.850
606.090 607.680
608.010 609.480
609.600 611.340
612.180 612.810
612.990 613.860
615.690 616.470
616.800 618.810
619.500 620.310
621.210 622.530
623.340 624.630
625.560 628.020
628.620 629.880
629.880 631.740
633.990 634.920
636.510 637.620
638.250 640.080
641.670 644.070
644.070 645.750
646.650 648.990
649.980 651.390
