0.000 6.030
9.870 10.710
10.830 14.400
14.610 15.750
16.710 18.660
18.660 20.070
20.430 21.450
23.490 25.200
25.200 26.700
26.760 28.530
29.070 30.540
31.230 33.990
34.470 35.880
35.910 37.950
38.370 40.740
40.740 41.520
41.910 45.270
45.300 48.240
49.590 51.030
51.090 54.810
55.200 57.300
57.420 59.520
59.940 62.760
63.090 66.360
66.420 69.390
70.260 74.670
75.450 77.100
77.700 78.570
78.630 80.220
81.540 82.470
82.590 83.760
83.820 86.970
87.810 89.580
90.450 94.410
95.040 96.570
97.350 102.660
103.890 104.490
104.580 105.780
105.780 106.470
106.470 112.080
112.500 113.580
113.730 117.480
117.660 119.010
120.240 122.820
122.820 127.050
127.290 130.500
132.180 135.030
135.330 136.860
137.010 137.850
138.450 139.920
140.790 141.870
142.050 144.240
145.680 147.810
148.920 151.530
152.070 153.420
153.930 154.800
155.220 157.110
157.200 159.120
160.200 162.120
162.120 163.170
163.410 164.910
165.930 169.800
170.310 171.210
171.270 174.720
175.590 177.120
177.300 178.590
178.710 182.010
183.420 184.620
185.250 186.600
187.440 188.370
188.610 189.750
190.080 191.640
191.640 193.440
193.650 195.030
197.400 200.460
200.460 202.320
202.800 204.360
204.390 206.190
206.400 207.240
208.020 211.110
212.970 217.140
218.400 219.960
220.110 221.550
221.850 224.580
225.510 228.090
228.180 233.760
233.850 240.510
241.590 242.970
243.150 244.650
244.650 246.630
246.840 248.310
248.430 250.770
250.980 251.760
253.200 256.140
256.170 257.430
258.000 259.140
260.130 261.300
261.420 264.390
264.390 265.410
265.680 267.060
268.200 271.080
271.080 272.190
272.610 274.140
274.410 276.240
276.840 279.240
279.570 281.310
282.330 283.710
283.740 285.060
285.420 286.770
286.920 290.010
290.310 290.940
293.640 296.310
296.310 296.910
297.240 300.030
300.090 301.680
301.860 304.410
304.410 307.230
309.000 311.640
312.210 316.140
316.140 316.920
317.220 318.180
318.180 321.420
321.420 322.530
322.560 324.960
325.680 326.670
326.760 327.510
327.750 329.640
330.750 335.400
335.700 336.840
337.470 343.020
343.500 344.340
344.340 345.630
346.050 349.710
350.640 352.590
353.550 355.080
355.170 356.700
358.470 361.590
362.520 368.580
369.210 372.540
373.740 377.790
379.200 382.140
382.170 383.010
384.150 389.190
389.910 392.430
392.550 393.450
393.450 394.470
394.470 395.580
395.610 397.170
397.980 399.210
400.860 404.460
404.460 405.510
405.780 408.810
408.870 410.370
411.570 413.580
414.360 415.980
415.980 417.180
417.630 419.460
419.520 420.120
421.830 423.840
423.840 424.770
425.280 426.390
426.540 428.010
428.520 430.230
430.740 432.690
432.900 434.730
437.490 438.240
438.330 440.700
442.410 444.180
444.270 446.010
446.220 447.120
447.270 451.140
452.400 453.660
453.780 454.650
455.250 456.720
457.380 457.980
458.310 459.840
459.840 462.420
463.200 466.740
466.830 467.700
467.820 469.140
469.170 470.550
471.540 472.140
472.500 473.820
474.270 475.740
476.310 477.660
478.200 479.760
480.480 481.590
481.830 483.960
483.960 486.660
486.750 487.350
487.440 492.690
493.830 494.580
494.700 496.680
497.130 497.940
497.940 499.890
501.720 503.700
503.730 504.810
505.050 507.060
507.390 510.030
510.270 512.490
512.940 514.830
514.860 515.850
517.860 521.940
522.900 524.340
524.340 525.270
525.390 527.100
527.610 530.790
530.970 532.050
532.620 534.780
534.930 535.710
535.890 537.720
537.930 539.040
539.520 542.280
544.770 547.230
547.230 547.860
548.250 552.000
553.410 554.910
554.910 558.600
559.170 560.670
561.870 562.710
564.420 568.020
568.020 569.070
569.070 571.620
571.950 572.550
572.970 574.680
576.420 578.580
578.580 581.280
581.430 582.930
583.170 586.500
588.660 592.770
593.070 594.810
596.040 598.740
598.740 599.880
600.750 602.370
602.370 604.920
605.940 607.020
607.710 608.940
609.150 611.220
611.310 612.630
612.660 613.710
613.860 615.390
616.050 618.480
618.540 619.140
619.140 623.670
623.760 625.830
626.670 627.270
627.390 629.070
630.720 632.430
632.430 634.200
634.890 635.790
636.150 637.050
637.350 639.690
641.160 642.090
643.920 644.520
