0.000 15.660
15.660 17.850
17.850 42.870
42.870 67.650
67.650 106.500
106.830 111.210
111.210 113.610
113.610 127.560
127.560 130.710
130.710 134.160
134.220 135.390
135.390 139.950
139.950 159.390
159.390 183.720
183.720 194.070
194.070 207.060
207.120 223.860
223.860 224.880
224.880 239.580
239.580 244.470
244.470 249.780
249.780 258.720
258.720 263.340
263.340 265.500
265.500 268.920
268.920 273.360
273.360 281.250
281.250 282.600
282.630 287.220
287.220 290.400
290.400 292.980
293.040 344.670
344.670 348.720
348.720 379.110
379.110 384.150
384.150 397.830
397.830 400.500
400.590 414.900
415.080 417.420
417.420 423.900
424.080 430.800
430.800 432.510
432.630 436.020
436.020 437.220
437.220 438.660
438.660 452.460
452.460 455.640
455.640 460.410
460.410 481.350
481.350 486.300
486.300 513.270
513.270 517.140
517.320 520.740
520.830 522.210
