0.030 14.640
14.640 15.930
15.960 18.750
18.780 22.290
22.560 23.400
24.780 28.620
28.740 34.590
34.800 36.240
36.240 41.340
42.330 44.850
44.970 47.640
47.910 51.120
51.990 53.100
54.240 56.280
58.470 62.040
63.030 63.630
64.710 67.980
68.040 70.230
70.950 73.500
74.940 77.310
79.830 80.430
80.430 81.690
81.750 83.490
83.700 86.910
87.240 87.900
88.380 89.490
89.640 90.900
91.170 93.060
94.890 98.640
99.720 100.530
100.740 101.580
101.580 103.050
103.680 104.940
106.110 108.090
108.270 109.680
109.950 112.020
112.440 114.540
114.630 115.860
115.920 118.890
119.310 121.410
122.700 126.060
126.840 128.370
129.060 132.450
132.510 134.190
134.550 135.900
137.100 140.040
140.460 144.480
145.770 147.960
148.290 149.730
149.730 150.630
151.050 152.190
152.220 153.450
154.440 155.850
156.810 160.890
161.220 161.850
162.630 164.520
164.640 166.350
167.040 169.380
170.220 173.700
173.880 178.620
178.740 180.360
180.360 181.680
181.950 183.720
186.120 187.290
187.530 189.870
190.080 191.220
191.310 193.200
193.410 195.060
196.020 196.920
198.180 198.990
199.980 202.140
205.140 206.070
207.000 211.080
212.400 213.930
213.930 215.310
216.120 216.720
216.720 219.420
219.540 222.360
222.930 225.180
225.540 227.970
228.420 231.510
235.500 236.580
239.820 241.080
241.320 243.510
243.540 244.500
248.490 249.420
249.510 253.110
254.430 256.290
256.740 257.520
257.790 259.830
259.830 261.630
262.650 264.390
265.230 268.800
269.700 273.390
274.860 275.670
276.960 278.520
279.030 279.630
280.110 281.970
282.930 288.960
289.200 290.580
291.360 292.770
293.940 296.370
296.970 298.470
298.590 302.610
302.970 303.570
303.810 304.410
304.980 307.290
307.800 308.400
309.240 310.560
310.590 313.740
314.280 318.060
318.450 322.320
323.130 324.150
327.930 328.920
329.790 330.780
333.060 333.720
333.930 338.310
339.030 341.460
341.490 344.190
347.790 348.450
348.570 349.680
350.010 351.420
353.790 355.170
355.230 359.130
359.490 363.630
363.990 365.640
366.270 369.780
370.560 372.270
372.420 373.650
374.610 375.600
375.960 377.940
378.180 379.920
379.920 383.850
384.390 386.250
386.340 388.020
388.830 389.490
391.920 392.610
392.610 398.070
402.510 403.290
403.290 404.610
405.660 406.320
406.980 408.150
408.150 414.570
415.170 417.510
417.570 418.770
419.460 420.150
425.670 427.530
427.560 429.150
429.600 430.890
433.530 434.130
435.330 436.260
437.580 438.360
438.750 439.920
440.760 442.980
443.400 444.630
446.820 448.560
449.340 452.730
459.300 460.710
462.450 463.500
467.400 470.790
471.480 472.110
474.000 475.980
476.550 478.740
479.160 480.870
483.120 484.860
485.760 488.700
489.150 490.290
491.670 495.960
496.050 498.420
498.930 501.060
501.060 502.500
502.740 503.640
504.390 506.250
506.280 508.440
509.880 513.720
514.230 515.490
516.300 516.900
518.610 519.660
520.200 523.320
524.760 525.360
526.380 529.020
529.410 531.780
537.000 539.730
541.320 542.310
542.310 543.840
544.920 548.700
548.790 549.840
549.840 551.010
552.570 555.180
555.180 557.760
557.760 559.650
560.010 562.290
562.290 565.350
565.770 570.030
570.180 572.820
576.810 577.650
578.490 582.240
582.570 584.520
585.000 587.250
588.420 589.950
590.430 591.690
591.690 592.860
593.220 594.360
594.450 600.870
600.870 602.970
603.750 604.410
604.410 607.770
609.240 609.840
610.260 611.910
612.900 615.090
615.210 618.750
620.160 620.970
621.120 624.900
625.230 626.250
626.550 628.710
629.670 631.080
631.320 633.180
633.810 635.700
636.150 637.110
637.200 639.030
640.410 642.690
644.370 645.960
645.960 647.040
647.040 647.760
647.760 649.950
650.220 651.060
651.210 652.260
653.010 653.610
653.790 656.940
658.410 660.210
661.650 666.420
666.690 669.930
669.960 671.430
671.820 678.630
680.250 680.850
680.940 683.880
684.300 685.080
685.260 689.880
690.000 691.470
691.920 693.930
694.230 694.890
694.890 697.080
697.080 700.380
700.380 704.280
704.310 707.010
709.140 712.170
713.580 714.480
715.260 717.420
719.130 720.630
720.810 721.470
721.470 723.060
723.300 725.130
725.220 729.240
729.510 734.880
734.940 739.320
740.820 747.180
749.250 753.600
753.600 757.920
758.250 761.730
761.970 765.870
765.990 766.800
767.070 769.290
769.560 770.700
771.540 773.220
774.180 776.940
777.720 778.830
