0.000 16.920
16.920 18.600
18.930 20.220
20.220 24.120
24.360 25.860
25.890 30.030
30.120 30.990
30.990 41.670
41.670 43.800
43.800 46.890
47.010 49.980
49.980 55.290
55.530 60.000
60.000 61.500
61.950 65.310
65.310 66.270
66.270 68.220
68.220 69.570
69.750 71.310
71.310 72.330
72.450 83.460
83.460 85.410
85.410 90.900
90.990 97.050
97.050 98.370
98.370 102.390
102.390 111.930
112.050 121.920
122.070 127.020
127.170 130.800
130.980 133.470
133.530 144.450
144.480 146.160
146.310 149.520
149.520 151.680
151.740 153.990
153.990 158.040
158.070 160.050
160.200 165.090
165.240 170.370
170.460 172.380
172.440 173.550
173.670 176.850
176.850 182.970
182.970 185.340
185.520 188.580
188.580 189.180
189.180 192.690
192.690 196.380
196.470 198.300
198.630 201.690
201.960 204.210
204.480 206.190
206.190 207.510
207.510 210.870
210.960 212.040
212.040 213.480
213.840 216.570
216.720 218.460
218.790 221.850
221.880 222.840
223.110 229.110
229.200 230.490
230.490 232.140
232.140 235.830
236.130 238.500
238.920 241.770
242.190 244.860
244.920 247.590
247.590 250.470
250.650 253.290
253.290 257.520
257.520 262.650
262.740 266.190
266.310 267.240
267.240 268.320
268.320 271.530
271.530 278.070
278.070 284.040
284.040 287.670
287.850 289.230
289.650 290.880
291.060 294.900
295.020 298.800
299.250 306.570
306.660 307.860
307.860 312.900
312.900 317.940
318.810 323.880
323.880 325.800
325.950 329.700
329.700 333.300
333.480 334.530
334.860 337.620
337.860 339.570
339.570 343.020
343.050 346.590
346.650 348.450
348.630 352.890
352.920 359.340
359.370 362.010
362.130 364.200
364.590 366.660
366.750 367.830
368.190 373.020
373.020 375.960
375.960 377.910
377.910 380.160
380.160 381.900
382.170 385.020
385.020 388.530
388.560 389.760
389.760 390.690
390.690 392.550
392.670 396.810
397.080 400.530
400.710 402.930
402.930 403.950
403.950 407.910
408.300 411.630
411.780 413.610
413.640 415.470
415.470 416.820
416.820 417.570
417.570 419.520
419.520 423.210
423.210 425.910
425.910 429.570
429.570 431.310
431.400 437.460
437.550 439.620
439.620 442.800
443.130 444.150
