0.000 14.370
14.370 17.610
17.880 23.520
23.520 31.830
31.830 38.880
38.880 40.620
40.620 50.220
50.220 55.350
55.440 56.940
57.000 60.600
60.870 62.340
62.340 68.190
68.190 75.750
75.840 77.850
77.910 80.550
80.670 84.270
84.270 87.120
87.120 93.450
93.450 104.910
104.910 106.950
106.950 127.560
127.560 129.450
129.450 149.760
149.760 152.730
152.730 165.210
165.420 167.010
167.010 168.690
168.720 175.200
175.200 178.350
178.350 183.990
184.320 185.250
185.370 186.720
186.720 194.160
194.160 198.660
198.750 203.340
203.340 206.040
206.040 208.320
208.320 211.050
211.050 213.120
213.120 217.470
217.470 229.080
229.080 230.100
230.190 233.760
233.760 245.430
245.430 246.900
246.900 248.640
248.940 253.920
253.920 256.770
256.830 264.240
264.750 268.650
268.680 269.640
269.640 280.170
280.170 283.140
283.320 286.020
286.140 287.310
287.400 290.400
290.430 296.520
296.520 297.960
298.050 302.760
302.790 308.850
309.450 317.100
317.100 318.390
318.570 329.070
329.070 330.870
330.870 335.970
335.970 347.490
347.490 349.380
349.380 350.520
350.700 354.660
354.660 365.910
366.150 368.520
368.520 372.450
372.450 373.380
373.380 374.490
374.490 376.440
376.440 378.180
378.180 380.910
380.910 388.470
388.470 389.550
389.910 392.820
392.850 395.220
395.400 398.400
398.400 399.540
399.540 403.980
403.980 406.020
406.170 410.550
410.610 412.830
412.950 414.930
414.960 416.610
416.610 418.560
418.560 422.310
422.310 425.190
425.190 432.090
432.150 436.230
436.230 437.160
438.000 439.350
439.350 440.400
440.520 441.510
441.750 446.760
447.210 449.160
449.610 451.170
451.170 452.580
452.640 454.350
454.890 458.400
458.580 467.340
467.580 469.890
469.890 476.460
476.460 479.280
479.280 495.030
495.330 499.500
499.920 504.720
504.720 505.890
505.890 507.150
507.150 511.260
511.470 521.910
521.910 534.330
534.330 536.820
536.820 537.570
538.080 540.600
540.600 542.610
543.150 544.830
544.830 547.710
547.710 550.200
550.560 552.270
552.270 555.150
555.630 559.800
560.220 561.390
561.540 564.480
564.780 570.390
570.510 571.260
571.350 573.600
573.630 574.710
574.710 579.060
579.060 581.070
581.070 582.900
583.440 585.180
585.180 588.120
588.270 590.160
590.340 592.230
592.230 595.680
595.740 598.650
599.010 601.350
601.650 605.190
605.280 607.350
607.350 608.640
609.450 613.110
613.110 616.800
616.800 618.420
618.420 620.460
620.520 621.660
621.660 623.040
623.040 625.530
625.530 627.360
627.360 628.680
628.680 632.190
632.190 638.340
638.340 644.640
644.640 646.590
646.770 650.130
650.340 657.030
657.330 659.970
660.090 664.830
664.860 666.780
666.900 668.370
668.370 673.080
673.680 676.980
677.820 681.240
681.240 683.670
683.670 684.720
684.780 688.380
688.440 690.690
690.690 693.810
693.960 695.130
695.130 699.510
699.660 709.440
709.470 713.310
713.310 718.290
718.380 719.970
720.030 721.260
721.260 722.700
722.700 723.840
723.840 725.610
725.610 727.560
727.560 729.390
729.390 731.910
732.000 733.260
733.320 735.900
735.900 738.180
738.180 744.840
745.050 746.160
746.160 747.930
747.960 750.210
750.540 754.410
754.650 756.180
756.180 757.470
757.530 759.630
760.020 762.900
762.900 768.390
768.390 769.500
769.590 773.850
773.850 779.040
779.040 781.140
781.140 781.980
782.100 784.530
784.530 785.790
786.540 789.360
790.140 790.830
790.890 794.430
794.520 795.390
795.420 798.480
798.510 799.800
799.800 805.650
806.100 808.170
808.410 810.270
811.110 813.150
813.150 815.550
815.580 816.690
816.690 817.920
818.100 821.190
821.250 823.920
823.920 828.240
828.600 829.740
829.950 831.120
831.960 833.130
833.370 834.120
834.120 834.960
835.230 840.390
840.540 843.000
843.000 850.800
851.370 852.210
852.810 854.430
854.790 856.230
857.220 859.500
859.950 863.970
864.270 870.000
870.420 872.070
872.070 873.120
873.240 874.500
874.680 878.370
878.760 880.380
880.860 888.450
888.720 891.300
891.300 905.490
905.490 906.630
906.720 911.370
911.370 914.940
915.030 918.780
918.780 921.900
922.290 923.400
923.400 930.780
931.410 937.140
937.140 939.690
939.810 940.440
941.040 942.060
942.480 943.740
943.890 945.720
945.810 955.380
955.650 959.940
960.060 961.440
