0.000 21.360
21.360 22.470
22.470 24.180
24.180 31.230
31.260 34.680
34.950 36.600
36.600 37.890
37.890 40.590
40.740 46.800
46.800 52.770
52.770 54.570
54.690 57.720
57.720 75.780
75.840 89.730
89.730 97.320
97.320 105.630
105.690 108.420
108.510 110.460
110.460 112.860
112.860 123.120
123.120 131.910
131.940 152.520
152.700 164.010
164.010 169.290
169.290 184.410
184.470 197.190
197.190 212.940
212.940 224.250
224.250 229.020
229.020 242.220
242.220 245.220
245.220 268.290
268.290 276.060
276.060 279.120
279.120 284.550
284.550 296.850
297.090 318.390
318.390 327.270
327.270 343.380
343.440 349.470
349.470 361.770
361.770 363.120
363.120 372.480
372.600 382.260
382.260 384.960
384.990 418.500
418.500 426.600
426.600 429.930
430.020 431.400
