0.000 6.030
10.620 11.640
11.880 15.480
15.570 16.710
17.700 18.960
19.050 20.640
21.360 22.140
22.800 25.170
25.260 27.660
28.680 29.760
29.910 32.190
32.190 34.410
35.970 37.800
38.220 39.060
39.060 39.870
39.900 42.450
42.750 44.790
45.300 47.310
48.180 49.500
51.210 53.310
53.430 60.540
62.190 64.290
64.290 66.690
67.830 69.240
69.360 70.200
70.680 72.030
72.930 74.370
74.760 78.450
79.110 81.060
81.990 84.330
84.630 86.820
87.180 88.140
88.140 88.950
89.100 89.790
89.790 92.040
93.060 94.560
94.620 99.450
102.090 106.440
107.430 109.620
109.620 112.530
113.790 117.420
117.930 122.130
123.060 125.040
125.040 127.470
128.580 129.180
130.500 134.520
134.850 135.810
136.860 139.140
141.210 143.790
144.120 147.000
148.320 151.830
152.130 152.970
153.060 155.970
156.240 161.040
161.790 163.050
164.040 167.190
167.640 169.110
169.140 170.460
170.670 171.510
171.960 173.490
174.510 176.010
177.420 186.150
187.080 190.350
190.740 192.240
192.660 195.360
195.660 197.670
197.730 198.810
198.810 199.920
199.920 200.790
201.180 204.210
204.420 205.230
205.650 208.440
208.740 211.470
212.670 216.300
217.980 220.170
220.560 222.360
222.720 225.720
226.230 228.840
230.130 231.870
232.620 234.900
234.900 236.340
236.430 237.180
237.630 240.300
241.740 245.430
246.270 248.130
248.130 249.840
250.350 251.820
252.150 253.260
253.620 256.650
257.220 257.910
258.090 261.600
262.050 264.000
264.180 268.230
268.860 269.760
271.380 272.370
274.050 274.680
275.310 277.260
277.320 280.980
281.070 283.320
284.370 286.980
287.010 289.050
289.080 292.440
292.680 293.550
295.290 296.670
296.700 298.290
298.290 299.850
299.850 301.230
301.260 303.690
304.500 305.880
306.210 306.960
308.970 310.050
310.560 311.490
312.330 314.040
314.550 315.420
315.420 317.070
317.640 321.390
323.730 324.900
325.770 326.610
326.790 329.340
329.520 331.350
331.350 335.760
338.220 345.060
347.100 349.350
349.980 351.840
352.470 356.730
357.270 358.890
359.250 361.410
362.040 365.700
366.330 367.020
367.110 369.900
370.110 370.740
371.580 372.600
373.380 375.630
375.780 376.560
377.040 379.410
379.620 384.030
384.210 385.620
387.180 389.970
390.060 392.250
392.700 394.980
395.130 396.090
398.100 399.930
400.590 401.970
401.970 402.870
403.260 404.880
405.030 407.310
410.220 413.820
414.360 415.140
415.440 417.210
419.520 422.010
422.370 423.090
424.980 425.850
425.850 426.540
427.590 430.440
431.340 432.180
433.920 437.010
437.340 438.600
438.600 439.740
440.190 442.020
442.410 443.310
443.700 445.200
445.950 446.880
446.880 448.590
448.950 451.200
452.460 455.280
455.370 458.880
460.500 461.430
463.050 464.790
465.030 466.080
466.200 467.340
467.580 468.900
468.900 470.070
470.460 471.750
471.930 474.840
474.840 475.500
475.530 476.940
477.450 478.260
478.440 481.110
481.680 483.510
