0.000 13.680
14.070 15.090
15.210 17.340
17.400 19.290
19.380 20.340
20.340 23.040
23.040 25.410
25.500 27.450
27.510 28.290
28.290 30.270
30.300 32.070
32.730 33.570
33.570 37.290
37.470 39.510
40.290 41.940
41.940 43.710
43.740 45.300
45.300 46.470
46.470 47.490
47.490 49.200
49.710 51.030
51.420 52.410
52.410 57.030
57.060 59.700
59.760 60.510
60.510 61.770
61.800 63.150
63.780 65.160
65.340 67.560
67.740 68.940
69.090 70.710
70.740 72.270
72.270 73.860
73.860 74.970
75.360 78.630
79.140 80.190
80.190 83.580
84.060 86.910
87.240 88.470
88.470 89.250
89.400 90.060
90.360 91.170
91.170 91.770
92.190 96.270
96.330 97.500
97.590 98.850
98.850 99.540
99.570 101.610
102.180 103.770
103.770 104.550
104.550 105.600
105.750 109.890
110.280 111.060
111.090 111.990
112.080 114.540
114.810 116.370
116.640 119.040
119.070 120.060
120.300 122.160
122.340 126.210
126.210 127.200
127.260 129.000
129.780 130.560
131.490 133.170
133.170 135.150
135.450 136.710
136.710 138.570
138.570 139.590
140.130 140.820
140.850 142.230
142.470 143.310
143.730 144.360
144.360 145.620
145.740 146.790
146.880 149.190
149.280 149.880
149.880 151.440
152.820 154.560
154.860 157.470
157.470 159.960
160.050 162.990
163.050 166.350
166.680 168.870
168.870 173.400
173.910 175.500
176.160 177.720
177.720 178.590
178.860 180.660
180.660 183.720
183.720 188.400
188.400 190.650
190.650 194.130
194.310 195.000
195.630 196.890
197.040 198.780
198.870 201.960
202.050 203.430
203.640 205.260
205.320 208.590
208.680 210.660
210.660 212.100
212.370 215.670
216.150 218.340
218.340 223.800
223.800 224.880
225.300 227.640
227.670 231.360
231.510 232.950
233.190 235.290
235.650 236.670
237.480 239.490
239.700 240.690
241.020 242.550
243.150 244.290
244.770 248.760
249.240 250.500
251.520 253.110
253.260 254.340
254.640 257.460
257.460 259.380
259.650 262.710
262.740 266.580
266.730 270.270
270.270 272.460
272.550 278.670
278.670 282.030
282.030 285.870
286.080 289.110
289.170 291.030
291.030 293.820
293.820 295.380
295.380 296.850
296.850 300.120
300.480 301.740
301.980 305.340
305.340 307.020
307.080 309.930
310.080 312.030
312.030 312.750
312.780 316.020
316.020 318.510
318.600 329.640
329.880 331.800
331.920 332.970
332.970 335.460
335.460 337.470
337.530 340.290
340.320 341.400
341.700 342.960
343.320 345.060
345.090 346.020
346.020 347.820
348.120 354.660
355.110 358.560
358.560 359.940
360.330 361.290
361.470 363.750
363.750 366.210
366.210 372.600
372.600 373.980
373.980 380.490
380.610 382.230
382.290 383.070
383.070 383.970
384.030 386.040
386.070 391.740
392.190 393.720
394.980 397.620
398.010 399.210
399.210 400.980
401.100 403.560
403.800 408.300
408.510 409.890
409.950 411.450
411.480 414.270
414.270 419.310
419.790 421.470
422.190 424.170
424.290 428.430
428.520 430.560
430.560 431.940
431.940 434.250
434.280 435.540
435.540 437.190
437.190 439.590
439.590 442.740
442.770 445.080
445.380 447.180
447.270 450.750
450.930 455.490
455.490 457.470
457.650 459.810
459.990 464.100
464.640 466.050
466.050 467.640
467.970 469.290
469.650 472.020
472.410 474.720
474.720 476.160
476.250 479.580
479.790 480.960
481.170 483.480
483.990 485.310
485.340 487.080
487.230 490.680
490.770 492.210
492.210 493.170
493.200 495.480
495.570 500.550
500.550 503.340
503.430 504.810
504.930 505.620
505.770 506.850
507.000 507.810
507.840 508.830
508.890 510.120
510.120 510.840
510.990 511.590
511.590 513.810
513.900 517.350
517.350 518.760
519.240 519.900
520.200 522.690
522.780 524.460
524.550 528.270
528.450 529.620
529.620 532.020
532.140 534.540
534.540 535.830
535.830 536.760
536.760 537.840
537.870 539.910
540.030 542.940
543.090 544.050
544.080 545.490
545.820 547.380
547.650 551.760
551.820 555.810
556.440 559.890
560.250 561.660
561.750 564.420
564.600 566.550
567.480 570.660
570.660 573.240
573.330 575.280
575.400 578.070
578.130 583.530
583.530 587.130
587.220 588.390
588.750 589.920
590.100 591.780
592.410 594.930
595.140 596.940
597.450 598.650
598.680 600.120
600.570 601.860
602.130 603.750
603.750 606.480
606.720 608.940
609.120 610.650
610.830 614.040
614.160 616.680
616.770 618.450
618.510 619.410
620.100 623.250
623.370 624.270
624.720 625.950
625.950 626.940
627.120 627.930
627.930 630.150
630.150 632.820
632.820 635.220
635.610 639.150
639.150 642.330
642.330 646.230
646.230 647.610
647.610 651.180
651.180 654.480
654.480 658.080
658.440 660.990
660.990 662.700
662.700 663.690
663.690 665.310
665.430 667.290
667.680 670.110
670.110 673.560
673.740 674.520
674.520 677.040
677.340 684.360
684.660 685.860
685.860 687.780
687.840 688.800
688.800 690.270
690.270 694.410
694.530 699.840
699.840 701.490
701.520 703.170
703.170 708.540
708.810 709.590
709.830 712.770
713.190 714.780
715.200 720.150
720.150 733.140
733.350 735.480
735.480 736.800
737.040 739.200
739.500 743.820
743.820 745.620
745.620 746.760
746.760 747.810
747.810 748.770
749.070 752.970
753.180 759.390
759.600 762.900
762.900 764.580
764.580 766.080
766.080 768.240
768.390 769.800
770.010 771.000
771.390 775.140
775.200 776.580
776.640 779.070
779.190 780.210
780.540 781.320
781.320 783.300
783.300 784.980
785.130 787.560
787.800 791.340
791.340 792.330
792.450 797.220
797.220 799.410
799.440 801.180
801.180 804.810
804.810 805.560
805.650 808.530
808.680 812.610
812.610 814.080
814.260 816.810
816.960 817.860
817.980 820.380
820.770 821.550
821.910 825.960
826.050 831.120
831.420 835.110
835.230 837.060
837.450 839.580
839.970 842.280
842.580 845.580
845.790 846.570
846.660 852.330
852.390 853.950
854.220 855.960
855.960 859.890
860.160 861.270
