0.000 20.130
20.550 23.190
23.310 27.660
27.960 30.120
30.300 31.200
31.560 34.710
34.740 35.550
35.820 37.860
38.220 41.640
41.640 43.050
43.050 44.190
44.730 46.320
46.710 48.450
48.450 53.400
53.400 54.450
54.450 56.130
56.490 59.100
59.250 61.530
61.920 63.060
63.120 63.990
64.050 66.000
66.300 68.490
68.670 73.170
73.170 75.600
75.780 77.970
78.300 80.070
80.070 81.060
81.510 83.880
83.880 84.960
84.990 86.100
86.130 88.290
88.680 89.460
89.640 91.170
91.350 92.340
92.400 93.420
93.570 95.100
95.220 96.840
97.080 99.780
99.780 101.370
101.580 102.330
102.420 104.700
105.000 107.220
107.220 109.590
109.590 112.590
112.710 115.590
115.650 116.790
116.820 118.740
118.920 120.150
120.360 121.320
121.800 128.070
128.790 133.350
133.350 135.030
135.060 136.950
138.180 139.380
139.920 142.050
142.260 143.520
143.880 146.700
146.850 148.260
148.560 150.300
150.480 151.980
151.980 153.360
153.630 154.710
154.800 157.320
157.650 160.380
160.650 162.240
162.420 164.670
164.820 167.910
168.360 169.800
170.070 171.060
171.150 173.070
173.370 175.770
175.770 177.210
177.720 181.860
182.130 188.190
188.190 190.950
191.070 193.140
193.140 195.090
195.090 198.000
198.390 200.130
200.190 203.940
203.940 205.170
205.170 209.880
210.000 211.200
211.620 214.800
214.860 216.420
216.510 222.180
222.180 223.410
223.590 224.820
224.820 226.860
226.860 227.670
227.670 229.650
229.710 232.890
233.130 238.860
238.890 241.440
241.440 244.080
244.170 245.790
246.090 247.110
247.110 249.510
249.840 250.650
250.800 252.270
252.270 254.610
254.760 256.380
256.410 257.550
257.550 260.760
261.180 263.070
263.070 265.350
265.380 270.360
270.540 273.780
274.260 274.980
275.010 279.690
279.750 281.520
281.580 284.670
284.940 287.580
287.850 289.110
289.110 290.190
290.580 292.920
292.920 294.150
294.330 296.070
296.490 299.190
299.670 301.650
302.010 304.680
305.100 306.330
306.330 309.900
309.990 312.540
312.540 313.590
313.650 315.510
315.600 316.620
316.620 318.150
318.330 320.790
320.790 323.610
323.640 325.920
325.920 329.850
329.910 331.950
332.010 333.150
333.210 336.210
336.210 337.950
337.950 343.680
343.800 345.960
345.960 347.790
347.880 349.860
350.100 354.810
354.810 356.340
356.400 357.570
357.570 367.950
367.980 370.050
370.050 371.760
372.180 376.200
376.350 378.720
378.930 382.410
382.860 387.270
387.270 389.370
389.670 390.960
391.200 392.730
392.730 397.200
397.200 398.340
398.340 401.190
401.730 402.720
402.720 406.530
406.710 408.210
408.210 410.460
410.520 414.450
414.450 415.230
415.290 418.080
418.680 419.910
419.910 422.730
422.910 423.960
424.110 425.220
425.250 426.540
426.720 427.770
428.040 429.120
429.660 432.330
432.450 436.890
436.950 439.110
439.170 440.790
441.000 443.490
443.580 444.360
444.450 445.320
445.410 447.060
447.150 448.560
448.680 452.010
452.220 453.510
453.930 456.030
456.270 457.260
457.260 457.860
457.890 459.420
459.600 462.390
462.630 465.420
466.020 468.030
468.150 469.770
469.770 471.120
471.390 472.290
472.320 473.580
473.880 477.900
478.200 480.240
480.450 482.400
482.700 483.930
484.290 486.210
486.630 487.980
488.190 489.240
489.360 494.970
494.970 496.560
496.560 500.490
500.640 504.180
504.300 508.200
508.410 510.420
510.420 514.320
514.380 516.660
516.660 517.860
517.860 521.970
522.210 526.170
526.170 527.220
527.430 533.490
533.490 535.890
535.920 540.510
540.510 543.810
543.810 544.770
544.770 546.120
546.120 547.140
547.140 552.480
552.480 553.560
553.560 557.220
557.610 558.420
558.480 561.060
561.180 563.760
563.910 567.630
567.630 571.290
571.680 575.580
575.760 579.090
579.180 583.590
583.950 585.150
585.510 588.390
588.660 593.070
593.100 594.990
594.990 596.280
596.310 598.260
598.620 600.270
600.390 603.930
604.260 608.340
608.430 609.420
609.690 612.300
612.390 615.960
616.110 617.070
617.400 621.390
621.420 623.790
624.180 625.050
625.530 626.520
627.150 628.980
628.980 631.290
631.560 636.870
636.960 644.310
644.310 646.290
646.290 649.770
649.770 652.410
652.560 657.630
657.690 659.820
659.820 662.340
662.520 668.100
668.100 669.330
669.330 672.090
672.150 672.960
673.410 676.020
676.110 677.580
677.580 682.140
682.140 683.400
683.400 684.120
684.240 687.900
688.050 690.120
690.120 691.890
691.920 693.690
693.690 696.060
696.360 699.420
699.420 700.410
700.470 702.390
702.540 706.380
706.650 708.780
708.780 712.530
712.860 713.490
713.490 715.920
716.220 718.140
718.260 719.340
719.910 722.520
722.610 723.780
723.870 725.970
726.120 727.920
728.190 729.420
729.870 734.850
734.850 738.600
738.600 739.890
740.010 742.860
743.130 745.170
745.290 750.000
750.180 752.400
752.400 753.090
753.240 754.650
754.650 756.600
756.630 757.860
757.920 759.510
759.510 761.280
761.280 761.970
762.150 763.080
763.380 764.880
764.880 768.720
768.840 771.510
771.510 775.350
775.740 779.910
780.300 782.580
782.730 784.500
784.740 785.850
786.270 787.920
787.920 790.080
790.230 791.490
791.610 793.020
793.410 794.040
794.160 795.330
796.050 798.900
799.080 801.930
802.080 803.220
803.220 805.140
805.230 806.430
806.520 808.320
808.350 811.230
811.230 815.010
815.010 816.600
816.600 819.750
819.750 821.220
821.250 822.480
823.110 824.370
824.370 826.050
826.290 828.900
829.050 829.950
830.100 833.370
833.370 838.920
839.040 840.450
840.840 841.680
841.770 843.930
844.200 845.700
846.930 848.070
848.130 849.270
849.270 850.260
850.290 853.590
853.680 854.640
854.730 856.350
856.770 858.030
858.030 858.750
858.750 860.190
860.760 863.730
864.060 866.220
866.460 874.020
874.200 875.100
875.670 876.270
876.270 877.740
877.920 878.700
878.940 880.350
880.830 882.000
882.240 883.740
883.800 884.790
884.790 887.790
887.790 888.540
888.540 890.610
890.610 895.260
895.590 897.120
897.180 901.110
901.110 903.510
903.600 906.750
906.960 908.520
908.850 910.080
910.170 912.750
912.840 916.290
916.410 920.190
920.280 921.420
921.420 923.040
923.160 929.910
930.210 932.280
932.280 934.050
934.290 939.150
939.270 940.950
941.340 944.430
944.670 946.950
947.130 950.310
950.310 952.140
952.140 954.660
954.870 957.630
957.630 960.540
960.660 962.160
962.160 966.090
966.090 970.830
970.830 971.850
972.120 978.720
978.930 980.100
980.190 984.120
984.300 985.620
986.100 986.820
986.850 991.890
991.950 994.980
995.430 996.750
997.170 1000.500
1000.530 1002.840
1003.230 1006.140
1006.350 1007.820
1008.000 1009.320
1010.250 1017.420
1017.480 1019.190
1019.190 1021.110
1021.230 1023.360
1023.480 1025.580
1025.610 1029.720
1029.870 1032.750
1032.750 1034.760
1034.760 1038.180
1038.480 1040.310
1040.760 1041.960
1042.110 1046.670
1046.850 1049.130
1049.280 1052.880
1053.270 1055.640
1055.670 1056.540
1056.750 1060.140
1060.140 1060.830
1060.830 1065.600
1065.600 1067.160
1067.310 1068.990
1069.230 1070.850
1071.120 1072.200
1072.200 1073.580
1073.580 1077.210
1077.360 1078.560
1078.620 1079.430
1079.850 1080.450
1080.630 1083.810
1083.810 1085.070
1085.280 1086.150
1086.150 1087.050
1087.470 1089.690
1089.780 1090.680
1091.610 1093.440
1093.620 1095.600
1095.900 1099.620
1099.650 1100.730
1100.730 1101.780
1101.780 1103.880
1103.910 1106.760
1106.760 1109.070
1109.070 1110.930
1111.020 1112.100
1112.490 1113.480
1113.630 1116.540
1116.840 1118.970
1119.270 1121.640
1121.820 1122.900
1123.500 1124.700
1125.030 1125.780
1125.870 1126.710
1126.920 1129.620
1129.740 1130.550
1130.550 1131.900
1132.020 1134.180
1134.360 1135.260
1135.260 1138.110
1138.530 1139.910
1140.090 1142.190
1142.340 1145.370
1145.670 1147.290
1147.410 1152.630
1152.660 1154.850
1155.120 1156.350
1156.680 1157.730
1157.730 1160.520
1160.550 1162.050
1162.920 1164.150
1164.150 1166.670
1166.880 1170.900
1170.900 1172.220
1172.370 1174.530
1174.530 1175.760
1175.760 1176.930
1177.650 1181.880
1182.030 1184.280
1184.850 1186.230
1186.380 1187.760
1187.790 1190.550
1190.550 1191.450
1191.960 1193.400
1193.520 1195.800
1196.370 1197.720
1197.720 1200.330
1200.330 1201.800
1202.040 1203.780
1203.810 1205.580
1205.820 1207.860
1208.070 1210.590
1210.590 1211.520
1211.820 1214.100
1214.730 1215.780
1216.020 1218.300
1218.660 1219.530
1219.950 1220.790
1221.690 1223.490
1223.640 1225.110
1225.230 1227.060
1227.180 1228.440
1228.440 1230.510
1230.810 1232.160
1232.460 1233.240
1233.330 1234.380
1234.410 1239.450
1239.450 1240.050
1240.140 1242.330
1243.050 1244.820
1245.120 1245.900
1246.500 1248.540
1249.170 1249.920
1250.160 1251.360
1251.360 1255.230
1255.410 1256.010
1256.160 1257.030
1257.570 1260.720
1260.990 1262.190
1262.250 1267.860
1267.860 1269.360
1269.510 1271.010
1271.220 1273.320
1273.320 1274.880
1274.880 1277.310
1278.120 1279.320
1279.440 1282.320
1282.530 1284.240
1284.300 1285.230
1285.530 1288.200
1288.200 1290.870
1290.900 1292.760
1292.760 1294.440
1294.890 1297.740
1298.250 1299.480
1299.690 1300.710
1300.800 1301.760
1302.030 1304.520
1305.000 1307.100
1307.310 1311.210
1311.420 1314.630
1314.780 1316.460
1316.760 1317.420
1317.570 1322.220
1322.250 1323.030
1323.150 1326.030
1326.120 1328.250
1328.370 1329.360
1329.630 1330.560
1330.800 1331.820
1332.030 1333.620
1333.620 1335.120
1335.780 1336.860
1337.640 1340.280
1340.640 1343.520
1343.580 1345.890
1346.010 1349.340
1349.430 1353.450
1353.450 1354.500
1354.920 1356.480
1356.690 1359.510
1362.330 1363.290
