0.000 12.360
12.420 17.940
17.970 19.950
19.950 27.210
27.210 40.710
41.010 47.490
47.640 50.070
50.070 53.370
53.370 55.200
55.200 58.320
58.320 60.510
60.510 62.250
62.430 67.080
67.080 72.210
72.270 87.510
87.510 92.070
92.070 95.070
95.100 97.740
97.740 106.260
106.260 107.820
107.820 108.870
109.080 114.330
114.330 117.090
117.090 118.680
118.680 121.860
121.860 125.940
125.940 128.730
128.730 131.490
131.490 133.380
133.500 137.130
137.130 145.950
146.340 155.520
155.640 158.190
158.460 159.090
159.090 160.560
160.620 165.210
165.210 168.480
168.540 173.310
173.310 178.350
178.350 181.830
181.830 183.780
183.780 185.460
185.460 186.150
186.300 187.950
188.250 190.590
190.710 192.630
192.630 195.000
195.000 198.360
198.450 209.130
209.310 211.350
211.350 218.070
218.070 220.860
220.980 224.040
224.040 230.220
230.280 238.950
238.950 243.180
243.360 244.260
244.260 249.540
249.540 258.120
258.180 272.880
273.000 277.290
277.470 278.850
279.000 286.680
286.680 297.060
297.060 302.610
302.850 319.680
319.680 323.100
323.100 325.170
325.200 335.820
335.940 337.050
337.050 343.620
343.710 348.930
348.930 351.210
351.510 353.220
353.310 355.710
355.710 359.070
359.070 361.110
361.140 362.580
362.760 367.140
367.140 372.870
372.990 373.770
374.250 377.670
378.330 386.430
386.550 387.270
387.270 390.840
390.840 394.620
394.620 397.050
397.500 401.580
401.670 402.330
403.200 403.980
404.640 409.830
409.920 415.110
415.110 418.590
418.590 422.910
422.910 424.920
424.920 426.990
427.380 428.310
428.310 429.030
429.030 433.410
433.410 438.180
438.180 441.330
441.330 442.860
442.860 444.420
444.750 448.200
448.290 449.700
