0.000 14.430
14.430 17.670
17.970 24.690
24.690 28.560
28.560 30.930
30.930 33.990
34.470 35.700
35.700 37.710
37.710 40.440
40.560 45.180
45.240 49.050
49.050 50.580
50.580 53.010
53.010 56.910
56.910 58.680
58.680 59.700
59.850 61.500
61.920 66.510
66.510 69.090
69.090 72.360
72.360 75.990
75.990 77.730
77.730 82.710
82.770 85.830
85.980 87.000
87.000 87.900
87.900 97.380
97.500 100.140
100.140 110.670
110.730 116.460
116.520 118.800
118.980 121.470
121.470 124.740
124.860 130.290
130.890 131.910
131.910 136.920
137.040 142.230
142.530 145.950
146.130 149.610
149.640 154.890
154.890 161.880
162.030 169.320
169.320 173.100
173.100 179.430
179.430 180.660
180.660 182.670
182.670 183.810
183.840 188.910
189.000 193.110
193.110 196.680
196.770 197.430
197.430 199.260
199.320 203.400
203.550 206.670
206.670 212.760
212.760 216.000
216.000 217.860
217.860 220.170
220.350 222.840
222.840 228.600
228.600 230.550
230.550 231.870
232.050 234.540
234.720 238.170
238.170 240.240
240.270 244.140
244.140 247.050
247.170 260.310
260.400 264.180
264.360 266.370
266.850 274.830
274.830 281.400
281.400 283.380
283.380 288.420
288.600 293.790
293.790 297.840
297.930 298.620
298.620 303.450
303.450 304.410
304.410 306.000
306.000 307.410
307.410 309.480
309.570 310.440
310.440 319.410
319.410 320.250
320.250 322.950
322.950 326.100
326.100 328.290
328.380 333.000
333.000 335.250
335.280 338.430
338.430 345.780
345.780 347.400
347.400 355.170
355.170 357.780
357.780 366.180
366.240 369.420
369.510 374.550
374.550 386.550
386.550 392.070
392.100 395.040
395.040 397.680
397.680 405.360
405.360 411.870
411.870 414.360
414.420 423.840
423.840 434.760
434.760 440.880
440.880 443.610
443.610 445.170
445.500 448.320
448.320 452.940
453.120 456.930
456.930 462.570
462.570 466.140
466.140 477.600
477.600 480.630
480.630 484.590
484.920 491.250
491.250 492.960
492.960 493.980
494.340 507.090
507.090 513.810
513.810 516.060
516.060 519.810
519.810 522.000
522.000 524.160
524.160 525.000
525.090 530.490
530.610 531.990
