0.030 13.560
14.520 19.350
19.620 23.340
23.370 27.900
28.440 30.420
30.540 33.720
33.750 34.770
34.800 35.580
35.640 36.480
38.010 39.510
39.510 40.680
40.680 43.260
44.190 46.830
47.070 48.690
49.470 50.070
50.970 51.570
55.050 59.610
59.610 60.720
60.720 63.300
63.780 66.210
72.600 74.970
79.830 81.390
81.810 86.370
88.080 89.070
90.420 91.440
93.150 97.170
98.820 100.440
101.100 102.810
103.410 105.810
106.590 108.660
109.680 111.090
111.210 112.770
116.760 118.530
118.740 121.740
122.490 123.750
124.320 125.280
126.090 126.690
126.690 127.950
128.100 130.560
132.630 133.710
134.010 135.390
135.540 137.340
140.250 142.530
142.620 143.340
144.330 145.050
146.250 147.090
147.090 148.260
148.500 151.020
152.340 152.940
153.360 155.460
156.330 157.050
159.240 162.720
162.960 164.040
164.070 167.010
167.580 168.180
169.350 170.280
171.960 173.040
173.100 176.700
177.510 179.430
179.430 181.530
182.130 182.910
183.690 184.350
185.580 186.270
186.510 188.580
188.580 191.670
194.370 194.970
195.030 195.750
197.040 197.640
197.700 200.790
201.480 206.580
206.820 208.920
209.730 213.120
213.210 216.150
216.210 217.410
217.410 220.560
220.650 222.270
222.270 223.860
225.510 227.880
227.880 229.290
229.710 230.310
234.090 234.690
235.950 236.550
236.610 239.940
240.240 240.960
241.020 243.660
243.660 244.980
245.040 247.830
247.830 250.230
250.830 254.100
254.130 257.400
257.460 258.900
258.900 261.240
261.450 262.710
263.400 267.630
267.630 268.230
268.380 269.310
269.700 273.330
273.720 275.820
276.390 278.670
279.450 280.050
280.050 282.900
283.080 284.070
284.220 285.840
286.020 287.220
287.640 288.270
288.390 291.930
292.140 296.730
296.850 300.150
300.240 302.640
303.240 303.840
303.840 308.280
308.760 310.290
311.670 312.840
314.730 315.990
315.990 317.820
321.120 322.740
322.950 325.200
326.880 330.180
330.870 333.930
334.050 334.650
335.460 336.060
336.330 337.860
338.520 340.410
340.770 343.650
343.800 349.950
349.950 352.590
352.830 354.270
354.300 356.640
356.640 358.920
359.160 359.760
359.880 361.560
361.560 363.480
364.950 367.110
367.230 368.160
368.220 369.720
369.720 370.440
370.770 371.910
372.000 372.840
373.650 374.310
374.700 375.870
375.870 377.190
377.310 377.970
378.030 380.550
381.060 382.110
382.140 383.040
386.220 387.930
390.570 397.140
397.200 401.040
401.070 403.530
403.920 406.650
406.650 409.290
410.550 412.980
413.280 414.690
415.050 420.330
420.930 421.530
421.530 424.680
424.710 427.650
427.770 430.050
430.890 431.490
431.820 434.220
434.220 436.080
436.080 440.100
440.430 442.860
443.100 443.700
443.700 444.450
444.450 446.520
446.580 448.290
448.950 450.390
450.660 451.260
451.260 455.430
455.430 457.290
457.560 459.570
462.390 463.590
464.130 466.530
468.600 469.680
470.190 471.510
472.200 474.150
474.180 476.190
476.190 477.630
477.630 482.130
482.130 484.200
484.230 486.870
486.870 489.810
489.990 492.420
492.450 494.340
495.120 499.260
499.410 502.080
502.530 504.750
505.350 507.000
507.210 508.800
508.890 510.570
510.630 511.530
511.530 512.880
512.880 516.090
516.360 517.470
