0.030 14.520
14.550 18.420
18.630 21.690
21.810 23.880
24.150 24.930
24.960 25.980
26.070 32.580
32.760 35.700
35.910 39.750
39.960 42.750
42.750 43.920
43.980 46.770
46.800 48.810
49.080 49.950
49.950 55.080
55.080 57.720
57.720 62.100
62.220 63.240
63.240 66.420
67.140 68.850
69.060 69.870
69.990 73.650
73.860 77.190
77.190 80.850
80.910 84.240
84.240 89.370
89.580 94.200
94.260 95.580
95.610 106.290
106.440 109.410
109.650 110.400
110.700 114.600
114.600 118.230
118.260 120.030
120.240 122.940
122.940 124.530
124.530 129.150
129.240 132.330
132.420 135.210
135.270 140.340
140.430 143.940
144.030 147.510
147.510 152.250
152.280 154.800
154.800 158.640
158.640 160.980
161.010 162.210
162.510 165.990
166.080 170.640
170.670 173.610
173.610 174.570
174.990 176.190
176.790 177.990
178.020 185.640
185.640 189.870
190.380 191.280
191.280 193.020
193.200 196.680
197.130 202.500
202.740 203.850
203.850 206.610
206.760 208.590
208.590 210.990
210.990 212.190
212.190 216.930
216.930 220.080
220.320 223.050
223.170 223.920
224.070 224.880
224.880 228.180
228.240 231.990
231.990 232.920
232.920 234.810
235.230 237.180
237.240 240.510
240.510 241.980
241.980 242.580
243.480 244.140
245.010 246.360
246.840 249.510
249.690 250.710
250.710 253.020
253.260 256.380
256.710 260.130
260.250 263.280
263.430 265.860
265.920 266.820
266.820 270.030
270.030 271.740
271.740 276.330
276.390 278.820
278.820 280.800
280.860 283.110
283.110 289.050
289.050 293.400
293.550 296.520
296.520 300.480
300.600 301.560
301.560 305.640
305.640 312.060
312.060 315.000
315.000 319.260
319.320 319.920
319.920 322.110
322.230 325.050
325.050 326.790
326.850 328.770
328.800 332.700
332.700 333.480
333.870 336.900
336.930 342.300
343.140 348.630
348.720 350.340
350.520 351.300
351.360 352.350
352.590 353.370
353.400 357.900
358.020 361.680
361.680 364.140
364.140 368.580
368.580 371.700
372.090 374.520
374.910 377.190
377.610 380.280
380.310 381.780
381.780 383.460
383.730 387.240
387.600 389.730
389.730 391.410
391.410 394.770
394.770 397.260
397.440 399.060
399.180 407.010
407.010 409.200
409.200 410.220
410.220 414.270
414.360 419.370
419.370 420.990
420.990 423.540
423.570 427.200
427.650 432.150
433.260 434.010
434.190 436.470
436.800 440.040
440.310 441.450
