0.000 13.680
14.160 16.140
16.140 24.930
24.930 27.030
27.030 35.520
35.520 36.360
36.510 43.410
43.470 46.920
47.190 47.970
48.390 53.070
53.190 66.120
66.120 73.200
73.200 98.820
98.820 103.080
103.170 103.950
103.950 116.820
117.060 119.370
119.370 126.930
127.110 132.630
132.630 140.670
140.670 150.900
151.170 169.590
169.830 174.540
174.540 185.040
185.040 194.070
194.070 198.300
198.540 203.310
203.400 213.990
214.050 214.710
214.710 218.190
218.190 219.810
219.810 221.910
221.910 223.410
223.620 228.840
228.840 232.470
232.470 240.090
240.090 241.530
241.560 243.630
243.690 249.240
249.240 252.570
252.570 267.120
267.120 283.200
283.200 284.760
284.760 288.450
288.450 293.250
293.280 296.700
296.700 307.440
307.440 311.190
311.190 317.820
317.880 339.810
339.810 342.780
342.780 344.400
344.400 345.450
345.450 348.480
348.540 349.890
349.890 352.020
352.020 352.620
352.620 366.390
366.390 370.290
370.380 375.210
375.360 383.220
383.220 385.200
385.320 386.310
386.310 391.200
391.200 392.340
392.340 394.470
394.500 401.940
401.940 404.730
404.730 411.240
411.240 414.720
414.720 416.010
416.010 417.780
418.020 436.230
436.320 438.450
438.450 440.640
440.640 443.160
443.160 446.310
446.310 449.490
449.490 451.110
451.110 456.690
456.690 459.780
459.780 462.960
462.960 464.790
464.790 467.250
467.250 472.380
472.560 480.720
480.720 487.950
488.010 490.200
490.410 497.610
497.610 501.660
501.840 503.280
503.280 506.880
507.000 511.230
511.230 513.030
513.030 518.460
518.700 520.080
520.080 521.970
521.970 527.850
527.970 530.970
531.180 535.950
535.980 543.060
543.240 548.160
548.160 549.420
549.630 552.750
552.750 556.050
556.050 557.520
557.520 560.160
560.160 566.970
566.970 574.290
574.290 576.900
576.900 581.670
581.760 583.140
