0.990 2.040
2.070 2.820
2.850 5.160
6.030 8.820
9.300 11.460
11.700 14.700
15.090 17.250
17.670 19.320
20.670 21.300
21.390 22.650
23.220 27.630
27.840 30.120
30.180 31.410
32.400 36.300
37.080 40.380
41.160 44.070
44.820 49.920
50.070 52.560
52.710 53.580
53.670 56.070
56.070 58.650
59.130 62.760
62.910 64.530
64.800 66.270
66.360 69.090
69.090 71.760
71.940 74.400
74.790 75.390
75.660 77.250
77.370 79.530
80.310 81.930
81.990 83.250
83.310 85.830
85.830 86.580
86.700 89.520
89.580 93.060
93.060 94.920
95.040 96.600
96.720 98.130
98.280 99.810
100.080 100.680
100.770 103.800
103.800 105.810
105.960 108.300
108.600 110.310
110.430 112.980
113.550 116.610
116.700 122.160
122.310 125.610
125.640 129.150
129.180 131.220
131.370 133.830
134.700 135.960
136.320 138.990
139.110 140.520
140.520 143.760
143.790 146.310
146.400 148.350
148.650 149.910
150.060 152.310
152.460 155.940
156.180 157.050
157.050 158.790
158.820 160.140
160.140 160.770
161.160 166.260
167.040 168.750
168.840 172.740
173.130 177.150
177.600 179.760
179.760 181.980
182.340 185.940
186.060 187.320
187.530 189.180
189.360 191.490
191.550 193.080
193.440 197.070
197.190 199.380
199.680 202.050
202.140 203.520
203.580 204.630
204.750 205.680
206.040 207.660
207.780 209.310
209.340 210.690
210.780 211.980
212.100 214.410
214.740 217.590
217.740 220.230
220.560 222.690
223.110 224.370
224.400 225.810
225.810 227.160
227.280 228.930
229.110 231.630
232.860 235.830
235.950 238.890
239.010 240.780
241.470 242.070
242.130 242.730
242.820 244.740
245.190 246.270
246.360 248.730
249.090 251.910
252.300 253.350
253.620 258.300
258.510 261.780
261.780 262.380
262.560 264.540
265.320 266.520
266.520 267.900
268.110 270.690
270.690 273.930
274.050 274.770
274.920 278.070
278.220 280.950
281.190 284.430
284.820 286.020
286.140 287.940
287.970 289.860
289.860 290.520
290.670 291.450
291.450 292.290
