0.000 0.840
1.140 2.220
2.850 6.600
7.230 8.550
8.730 12.000
12.000 18.090
18.300 23.130
23.130 25.110
25.170 31.860
32.070 36.270
36.270 40.440
40.440 45.840
46.380 47.310
47.340 48.420
48.480 52.500
52.770 59.250
59.280 75.360
75.360 81.900
82.320 86.790
86.850 89.520
89.550 96.720
96.840 99.960
99.960 102.090
102.210 105.210
105.300 111.600
111.870 116.640
116.670 120.270
120.480 142.080
142.080 159.390
160.080 163.650
163.680 171.660
171.660 177.390
177.390 194.070
194.310 197.340
197.370 198.510
198.570 201.720
202.200 204.840
204.840 206.580
206.580 209.730
213.390 215.130
215.130 216.330
216.330 217.770
217.770 218.490
219.180 220.290
