1.020 2.070
2.730 5.730
6.030 11.250
11.430 13.950
14.310 16.680
17.610 21.990
22.170 24.900
24.930 26.700
26.760 28.230
28.680 33.090
33.540 38.100
38.760 40.080
41.010 42.270
43.230 45.420
45.660 48.780
49.860 52.590
53.040 55.230
55.410 58.890
59.460 60.660
60.840 62.370
62.430 64.500
64.590 66.240
66.300 67.290
67.470 70.590
70.800 72.240
72.240 75.570
75.630 77.490
77.490 78.960
79.020 81.420
81.660 83.700
83.760 85.470
85.530 88.500
88.710 90.750
91.140 91.740
91.830 94.740
94.950 99.750
100.080 105.750
105.750 111.000
111.060 113.670
113.820 117.000
117.660 120.780
120.930 122.820
122.820 125.430
125.490 127.680
128.280 131.010
131.190 135.000
135.120 138.060
138.120 140.880
140.910 147.510
147.510 151.350
151.380 152.880
153.330 155.940
156.810 159.090
159.930 161.940
162.240 163.110
163.500 164.730
164.760 166.020
166.260 168.150
168.690 173.280
174.570 175.830
176.070 177.960
178.260 179.760
