1.170 2.220
2.910 4.320
4.320 6.570
7.590 9.660
10.140 14.040
14.310 16.680
17.100 21.300
22.230 25.710
25.800 30.030
30.360 31.830
32.160 35.100
35.190 37.470
37.500 39.990
40.290 44.190
44.970 49.230
49.290 52.980
53.370 57.060
57.510 58.380
58.860 60.660
61.260 63.090
63.300 65.100
65.490 66.750
66.750 68.610
68.850 71.130
71.820 74.220
74.220 78.030
78.030 80.280
80.430 83.070
83.280 86.340
86.640 89.130
89.610 92.610
92.970 94.320
94.920 96.150
96.210 97.590
97.800 103.890
104.340 106.380
107.670 109.770
109.770 110.730
111.120 113.010
113.280 115.920
116.160 119.130
119.670 121.920
122.160 123.570
123.750 126.750
126.870 129.750
130.050 131.340
131.520 135.720
136.080 138.270
138.450 140.040
140.100 141.150
141.450 143.610
143.610 147.900
147.960 150.480
151.020 151.800
152.250 153.660
153.810 154.920
154.980 158.520
158.760 162.000
162.420 163.710
163.740 165.990
166.200 168.810
169.020 172.560
172.620 174.030
174.030 176.010
176.040 177.840
177.870 183.150
183.600 185.340
185.340 186.630
186.720 188.970
189.240 191.940
192.630 193.560
193.680 194.970
195.330 197.070
197.250 198.480
198.810 199.590
199.680 201.120
201.390 206.820
207.360 210.720
211.200 215.040
215.070 217.320
217.320 221.490
221.610 223.800
225.150 227.700
228.000 230.340
231.510 235.110
235.350 236.070
236.070 239.280
239.400 241.860
242.310 243.690
243.930 245.220
245.250 247.140
247.170 247.770
247.800 249.600
249.720 251.250
251.370 253.260
253.680 257.070
257.190 258.510
259.770 262.410
263.340 264.240
264.480 265.710
265.770 268.020
268.110 269.400
269.490 270.390
271.830 273.720
273.870 276.330
276.510 280.560
280.680 283.080
283.140 286.860
286.980 288.480
289.620 291.570
