0.000 0.900
1.320 2.070
2.850 6.210
6.300 9.900
10.140 11.430
11.640 13.590
13.680 21.270
21.270 34.860
35.070 35.820
35.880 40.770
40.890 44.970
45.210 64.530
64.530 66.990
66.990 73.200
73.530 75.030
75.300 76.290
76.380 79.230
79.350 80.820
80.820 82.290
82.320 84.030
84.180 93.960
93.960 94.890
94.920 102.240
102.630 107.340
107.760 109.110
109.110 111.780
112.740 118.890
119.130 127.170
127.170 127.860
127.860 129.660
129.750 131.700
132.150 148.770
149.760 161.340
161.610 188.280
188.400 190.470
190.470 193.350
194.790 200.700
200.820 202.230
202.770 204.330
205.080 210.210
210.210 213.180
213.300 215.430
215.430 218.850
218.880 219.780
220.200 222.870
223.770 225.690
226.200 227.400
227.400 228.540
228.660 232.530
232.530 251.640
251.640 252.870
253.890 255.360
255.360 257.130
257.280 258.480
259.140 260.580
261.450 262.590
264.030 264.840
264.840 287.370
288.690 289.560
289.770 291.990
291.990 307.500
307.500 309.690
309.690 311.790
311.790 315.720
316.260 317.940
318.120 319.590
320.340 325.710
325.710 326.430
326.430 327.690
327.690 341.640
341.640 342.720
