1.200 1.800
3.210 5.700
5.760 6.930
7.020 9.180
9.360 13.380
13.590 17.370
18.210 23.940
24.000 25.200
25.530 29.280
29.760 32.970
33.090 35.430
36.360 39.990
40.080 41.880
42.090 42.690
42.750 46.200
46.440 48.000
48.000 48.900
50.670 56.070
56.340 59.640
59.880 60.990
61.260 63.360
64.350 67.710
68.400 72.240
72.900 73.740
74.100 75.390
75.450 76.440
76.860 79.710
79.710 80.880
80.880 82.110
82.500 83.100
83.490 86.280
86.490 87.240
87.240 91.080
91.260 91.890
91.980 95.640
95.820 98.280
98.760 102.420
102.630 106.950
107.550 109.680
110.010 111.690
111.690 112.800
113.100 115.440
116.040 120.810
121.380 126.450
126.960 130.110
130.680 131.760
131.850 132.750
132.990 134.010
134.280 137.340
137.490 138.630
139.320 140.340
141.450 142.740
142.740 143.730
143.880 144.720
144.720 146.610
147.030 151.680
151.860 152.910
153.390 157.290
157.560 158.700
158.850 160.560
160.650 161.730
161.790 162.990
163.740 165.030
165.120 168.060
168.420 169.980
170.100 172.200
173.040 175.140
175.200 175.920
176.070 179.940
180.210 183.120
183.270 184.800
184.800 186.120
186.300 187.350
187.350 188.400
188.670 192.780
193.320 194.730
195.030 196.200
196.560 197.700
197.940 199.410
199.410 200.190
200.430 201.780
202.170 206.070
206.400 208.500
208.500 209.130
209.700 210.660
211.470 212.430
212.430 213.390
213.840 215.070
215.070 219.660
219.720 221.220
221.970 223.230
224.370 225.600
226.200 227.700
228.150 229.680
230.040 231.420
231.750 234.120
234.540 235.920
236.220 237.480
238.050 239.550
239.730 242.340
242.400 243.420
243.540 244.140
244.380 245.820
245.880 247.590
247.980 249.750
250.080 253.440
253.590 255.660
255.660 259.200
259.410 261.090
261.600 264.540
265.140 268.050
268.170 269.580
269.880 271.530
271.770 272.520
272.580 275.250
275.340 278.100
278.400 279.720
279.870 285.030
285.120 288.600
288.990 289.620
289.950 291.000
