0.000 6.030
10.620 12.420
12.450 14.130
14.130 16.020
16.860 17.910
18.240 19.470
20.460 22.320
22.560 24.780
24.780 28.260
28.320 30.330
31.080 35.400
35.670 39.090
39.180 39.840
39.840 42.360
42.450 44.010
44.010 44.670
45.240 45.900
46.530 50.820
51.270 54.480
54.480 57.270
57.300 59.340
59.340 60.090
60.150 64.050
64.050 65.340
65.700 67.260
67.410 69.990
70.110 70.770
70.920 72.810
73.470 76.740
76.740 79.290
79.290 80.010
80.700 83.430
83.430 88.260
88.500 89.610
90.150 91.650
92.130 94.680
94.770 95.970
95.970 96.630
96.810 98.340
98.700 102.390
103.050 106.470
106.470 108.090
108.510 110.550
110.550 114.210
115.980 120.120
120.180 122.820
122.910 124.530
125.040 127.110
127.650 128.310
128.310 130.290
130.860 133.020
133.860 135.510
135.720 136.710
136.710 138.090
138.090 139.770
139.770 142.200
142.650 143.820
143.820 144.660
144.780 146.160
146.730 148.470
148.470 149.790
149.790 151.110
151.200 153.750
154.170 155.760
155.910 159.360
159.810 162.990
163.410 167.520
167.790 170.820
170.820 172.230
172.230 175.350
175.560 176.670
176.880 177.870
178.140 181.800
182.730 183.840
183.840 189.480
189.750 192.840
193.170 195.420
195.720 197.580
198.000 198.630
198.630 199.230
199.410 202.230
202.890 208.620
208.650 209.850
211.470 214.230
214.380 216.120
216.360 218.760
219.000 220.170
220.230 221.700
222.180 224.070
224.640 225.840
227.760 230.940
231.030 232.620
233.640 234.360
234.420 235.980
236.130 238.290
238.980 240.870
240.990 242.730
243.210 244.710
245.670 247.830
248.310 251.790
252.150 253.650
253.860 254.760
254.880 256.590
257.220 258.720
258.960 260.010
260.130 261.180
261.180 267.390
267.480 269.040
269.040 269.970
271.020 273.960
274.140 275.250
275.520 280.740
282.210 285.240
285.360 286.230
286.470 287.790
287.790 290.250
290.250 294.030
294.030 295.710
295.800 296.460
296.760 298.650
298.950 300.600
300.930 301.920
301.920 305.820
305.820 306.630
306.660 307.500
307.500 308.130
