1.140 1.800
2.430 7.170
7.500 9.030
9.630 12.900
13.230 15.450
15.660 20.160
20.190 20.940
20.940 26.070
26.340 29.670
29.850 30.750
31.500 32.250
32.280 34.890
35.040 35.640
36.150 40.140
40.380 43.830
45.180 46.260
46.710 47.640
47.880 48.720
49.560 57.300
58.020 64.500
64.710 69.030
69.360 70.740
70.920 74.820
75.390 81.330
81.390 84.060
84.420 90.030
90.510 92.700
93.090 96.690
97.110 101.280
101.580 104.610
104.910 105.540
105.750 108.030
110.310 112.290
112.290 114.120
115.410 116.940
117.630 121.650
121.740 122.340
122.460 123.330
123.480 125.550
125.610 128.040
128.610 130.110
133.740 135.720
136.170 136.860
137.490 138.780
139.950 143.940
144.960 146.760
147.000 148.500
149.070 149.790
149.790 152.880
152.940 155.070
155.700 157.200
157.590 158.700
158.970 160.110
160.590 161.250
161.610 163.080
163.170 164.850
165.840 168.150
169.800 173.730
174.600 176.970
178.710 181.440
181.530 182.130
182.250 186.390
186.480 190.740
190.830 192.210
192.780 194.040
194.040 196.770
197.340 199.860
200.280 204.930
205.020 207.210
207.570 209.130
209.220 209.880
209.970 212.490
212.790 214.080
214.500 215.280
215.670 218.160
218.280 220.410
220.620 222.600
223.710 225.000
227.160 230.130
230.250 232.500
232.890 233.940
234.120 235.020
235.110 237.690
237.900 239.790
239.910 241.080
241.080 241.710
241.830 243.540
243.540 244.410
244.500 247.560
247.860 248.550
248.640 251.010
251.280 252.900
252.900 253.650
253.650 254.790
254.940 256.230
256.560 257.580
257.910 259.170
259.590 260.190
260.370 261.360
