0.090 5.220
5.310 8.040
8.580 13.530
13.770 16.470
16.590 20.190
20.370 25.260
25.680 32.070
32.430 34.320
34.410 36.540
36.600 40.680
40.860 42.870
42.990 47.640
47.640 50.100
51.330 52.350
52.350 54.450
54.660 60.780
60.780 62.460
63.390 66.060
66.060 68.850
69.090 73.920
74.760 77.070
77.430 82.290
82.920 85.590
85.710 87.780
87.840 92.040
92.640 95.880
95.880 97.800
98.010 98.610
99.240 101.130
101.340 105.300
105.630 108.030
108.810 111.810
112.110 114.660
114.960 116.220
117.660 118.500
118.560 123.420
123.780 126.420
126.570 130.500
131.550 137.880
138.090 139.860
140.520 143.790
144.240 147.540
148.200 148.860
149.190 154.080
154.500 159.360
159.630 160.410
160.770 164.130
164.250 167.520
167.760 170.460
170.670 174.720
174.810 176.700
177.360 181.020
181.290 183.780
183.870 186.480
187.140 188.640
188.850 194.400
194.460 196.020
197.130 201.600
201.900 205.830
205.920 207.810
208.050 211.800
212.010 214.170
215.070 220.320
220.500 223.560
224.190 228.360
228.420 230.010
230.040 232.260
232.770 237.990
238.110 241.410
241.500 245.160
245.310 249.390
249.990 250.830
250.980 253.830
253.860 259.740
260.490 263.970
264.090 268.140
268.830 269.490
269.610 274.920
275.190 279.030
279.540 283.530
284.730 285.330
285.420 287.250
288.570 294.030
294.540 296.730
296.760 298.020
298.020 300.750
300.750 304.980
305.520 307.290
