0.930 1.650
2.130 4.560
4.620 9.030
11.250 15.180
15.870 23.400
23.580 25.020
25.890 27.780
28.290 29.220
30.180 31.740
33.360 37.170
37.830 38.430
38.550 40.650
41.400 43.590
44.460 46.950
47.340 53.100
53.430 55.920
57.060 59.340
61.110 62.640
62.880 64.410
64.830 66.630
67.020 71.160
71.340 74.520
75.000 75.660
75.900 77.670
79.650 81.300
82.080 82.980
83.370 84.210
84.630 86.040
86.220 87.960
88.950 91.620
91.650 93.090
93.420 94.530
95.100 96.300
97.230 101.490
101.970 108.120
108.240 110.940
111.150 112.740
112.770 113.880
114.000 115.800
115.890 117.450
117.480 120.060
120.150 121.560
121.800 123.780
123.810 125.790
126.090 128.340
128.670 129.930
130.110 131.970
132.150 133.140
133.260 134.070
134.430 135.210
135.810 138.900
139.530 143.490
143.550 144.450
144.630 145.560
145.620 147.450
147.570 152.490
152.580 153.360
153.690 158.340
158.430 159.270
159.720 161.070
162.180 163.140
163.860 165.450
165.600 168.090
168.300 171.090
171.450 173.670
173.820 175.080
175.110 177.210
179.280 181.710
181.770 182.760
182.970 184.290
184.350 189.360
189.690 190.800
191.070 192.510
192.660 196.050
196.200 200.130
200.130 202.350
202.740 205.050
205.080 206.010
206.010 209.250
209.730 210.660
210.720 213.510
214.560 220.350
220.830 223.440
223.650 227.370
227.940 230.490
231.030 232.530
232.710 235.410
235.440 236.430
237.540 239.700
239.880 240.630
240.990 241.800
241.980 243.120
243.240 244.050
244.200 246.870
247.140 248.040
248.430 250.320
250.440 251.670
251.790 254.070
254.850 256.710
257.130 257.880
258.180 259.470
260.070 262.500
262.680 264.600
264.870 266.910
269.010 270.330
270.390 271.410
271.440 273.480
273.720 274.830
275.040 278.940
279.330 280.800
281.010 282.180
282.210 283.710
283.770 285.720
285.840 286.830
287.430 288.870
289.230 292.560
292.890 294.870
295.380 298.500
298.740 301.980
302.100 304.650
304.770 305.370
305.700 306.690
