0.030 15.390
15.390 18.270
18.270 26.880
27.090 33.060
33.360 39.600
45.180 46.200
47.460 49.170
49.320 51.870
52.440 53.280
53.550 54.450
55.470 58.230
58.410 60.510
60.660 65.370
65.490 70.290
71.670 75.330
75.660 77.040
78.150 79.890
80.160 81.060
81.570 84.150
84.150 85.890
88.380 90.960
90.960 92.370
92.490 94.500
95.040 96.930
97.200 97.830
99.270 99.870
100.350 101.160
101.760 102.600
102.600 103.200
104.610 105.720
109.020 110.160
115.080 116.130
117.000 117.780
117.810 118.410
118.440 119.160
119.160 119.760
120.720 121.800
123.180 124.590
125.010 125.610
125.910 127.350
127.680 129.000
129.570 130.170
131.970 133.230
136.950 137.700
138.960 142.110
143.880 144.600
146.610 149.010
149.970 150.870
152.490 153.480
154.200 155.370
155.490 156.360
156.660 157.260
157.710 158.340
159.660 160.980
161.340 163.860
164.940 165.540
166.200 167.310
168.480 170.130
173.400 174.120
175.890 176.490
184.830 186.120
186.330 187.290
189.240 190.110
191.400 192.090
194.100 196.650
196.740 198.870
200.760 201.360
203.850 204.450
204.480 205.380
209.010 210.210
210.780 211.920
213.060 214.290
215.130 216.480
217.320 219.930
221.820 222.690
