1.200 5.280
5.490 9.540
10.080 12.930
13.290 16.110
17.130 18.660
19.050 19.710
19.740 21.360
21.480 23.130
23.460 24.450
24.960 26.400
26.400 27.810
27.870 30.330
30.450 31.050
31.230 35.610
36.240 37.440
37.830 40.620
40.770 44.280
44.280 45.300
45.570 46.290
46.500 49.230
49.230 52.380
52.710 54.300
54.480 55.650
55.740 57.480
57.480 60.060
60.120 62.640
62.820 70.920
70.950 72.570
72.570 74.700
74.790 82.020
82.290 83.790
84.030 85.680
85.800 89.850
89.940 92.100
93.480 96.180
96.720 97.740
98.190 98.820
99.570 103.800
104.160 106.080
106.080 107.850
108.720 110.760
111.480 115.860
116.550 120.030
120.360 122.220
123.660 129.120
129.330 132.180
132.750 134.160
134.160 135.450
135.510 137.310
138.030 139.440
139.440 140.430
141.180 143.040
143.640 145.980
146.340 149.070
149.220 152.490
153.060 155.430
155.430 157.350
157.440 158.460
