0.000 5.640
5.640 10.650
11.010 15.180
15.180 27.240
27.240 29.340
29.580 30.600
32.610 33.780
35.790 38.250
38.370 39.750
43.440 70.830
70.830 75.510
75.540 76.680
77.610 79.860
80.040 80.850
81.240 81.930
81.930 84.120
84.870 85.470
85.740 88.530
89.700 94.440
94.650 96.510
96.900 97.650
97.890 107.460
107.880 109.800
109.800 115.050
115.260 116.310
116.820 120.630
120.870 122.310
122.310 123.510
124.800 132.750
132.750 134.340
134.340 135.720
135.960 142.410
142.680 148.620
149.190 150.900
151.140 151.980
152.460 178.590
178.590 181.440
181.440 184.080
184.740 186.660
186.930 189.390
189.570 191.280
191.280 201.660
201.660 208.440
208.530 211.410
211.410 212.250
212.790 215.790
216.180 222.690
222.930 224.610
224.640 225.840
225.870 226.770
227.160 227.910
227.910 229.650
232.020 235.320
235.650 237.720
241.080 242.190
242.790 243.450
243.450 245.580
246.180 247.320
248.730 251.010
251.310 252.060
252.060 256.290
256.290 257.760
257.790 259.950
261.090 265.170
265.170 268.380
268.380 269.850
269.850 276.780
276.780 278.670
278.790 280.230
280.410 286.950
286.950 290.190
290.580 291.390
291.870 292.710
