0.000 4.230
4.230 30.000
30.360 32.220
32.310 34.470
34.890 35.610
36.060 38.820
39.360 42.570
43.260 60.990
60.990 65.970
66.060 70.500
70.680 78.420
79.170 89.910
90.030 93.210
93.210 94.350
94.350 103.950
104.310 114.510
114.690 120.480
120.690 122.460
122.550 125.220
125.490 128.550
128.550 129.870
129.990 130.740
130.740 131.820
131.820 137.940
138.510 141.000
141.390 143.880
143.880 144.540
144.630 159.120
159.120 159.870
159.900 160.800
160.800 166.620
166.620 167.760
168.030 171.840
171.870 177.150
177.180 183.660
185.730 187.350
187.800 192.600
193.140 194.010
194.010 198.720
199.110 201.300
203.190 210.990
211.110 212.760
212.760 215.130
215.340 216.180
