0.000 6.090
12.930 13.590
13.770 18.420
18.810 22.740
22.860 24.720
25.260 28.650
29.460 30.870
32.250 33.090
33.810 38.430
38.670 39.360
39.480 43.350
43.590 44.970
45.510 48.480
48.810 49.710
49.740 52.260
52.560 53.400
53.550 54.660
54.780 55.920
55.920 56.580
56.910 57.570
58.020 59.520
60.330 66.960
67.590 69.000
69.360 73.410
74.130 75.150
75.150 75.960
77.040 79.710
82.650 83.850
84.090 84.780
85.500 86.340
86.580 88.020
88.890 89.550
90.540 91.470
92.040 93.810
94.350 96.630
96.780 97.860
98.040 101.100
101.520 103.020
103.440 105.930
106.410 109.200
109.620 113.070
113.130 116.850
117.090 119.760
120.120 122.070
122.520 123.930
124.020 126.150
126.300 127.080
127.320 130.410
130.590 132.750
132.750 133.440
134.130 137.940
137.940 140.910
141.240 144.450
144.870 145.920
145.920 147.120
147.420 148.020
148.530 149.430
149.430 151.380
151.920 153.540
154.200 158.160
158.760 161.370
161.640 162.930
163.170 164.220
164.730 166.860
167.070 170.220
171.420 172.740
172.740 174.300
174.480 179.040
179.640 181.260
181.350 184.650
185.970 187.560
187.920 188.820
189.210 192.480
192.960 194.520
195.150 196.140
196.740 199.260
199.260 200.940
201.360 202.590
203.010 205.800
206.040 208.140
208.590 210.690
210.930 212.430
213.030 215.190
215.910 217.500
217.740 218.700
218.700 219.300
219.300 220.020
221.340 222.090
224.100 225.900
225.900 227.220
227.310 229.710
229.860 230.940
231.030 231.840
232.440 233.220
233.910 236.370
236.370 238.050
238.140 239.400
239.700 240.780
240.810 243.750
244.260 247.020
247.290 249.090
251.070 257.370
257.370 259.020
259.230 260.730
260.730 263.580
263.850 264.810
264.810 266.340
266.370 267.000
267.270 268.830
269.610 270.540
270.780 271.650
271.650 273.090
273.510 274.860
274.860 275.760
276.570 278.100
278.730 279.780
279.960 281.400
282.780 284.340
284.910 286.020
286.470 288.990
289.230 289.860
290.040 291.960
292.440 293.820
295.470 296.730
298.110 300.660
300.720 303.090
303.540 304.530
304.530 306.240
306.900 308.700
309.120 310.890
310.890 312.840
313.320 314.400
314.550 315.720
316.350 318.390
318.510 322.260
322.260 323.970
324.330 325.800
325.800 328.890
329.460 331.710
332.460 334.650
334.710 336.660
336.930 338.820
338.850 340.110
340.620 342.270
342.690 344.070
344.220 346.950
347.340 348.570
349.110 350.430
350.820 351.750
352.110 353.310
353.430 354.030
354.720 356.940
357.750 359.370
360.570 361.200
361.320 362.610
363.480 364.110
364.140 366.030
366.540 367.950
368.010 368.970
369.510 370.230
370.920 374.850
375.690 376.440
376.770 377.610
377.700 378.750
378.960 379.740
381.120 381.720
386.340 387.360
387.900 389.100
389.910 394.050
394.050 395.010
396.270 398.610
399.330 400.500
400.890 402.090
403.170 405.000
405.300 406.290
406.590 408.510
408.780 410.460
411.420 412.530
412.800 415.590
417.000 419.100
419.730 420.360
421.830 422.820
423.180 423.960
424.620 426.510
426.900 428.430
429.270 430.080
430.500 431.460
431.760 432.900
432.960 435.000
435.840 436.440
436.800 438.750
441.120 442.290
444.960 445.590
445.950 448.500
449.910 450.870
451.470 453.630
454.080 456.270
457.290 458.190
458.760 460.410
460.560 462.120
463.440 465.150
467.490 468.210
468.480 470.850
471.750 473.490
473.760 474.660
474.900 476.160
477.840 478.590
479.520 481.980
484.260 485.670
486.360 487.140
487.500 488.610
492.300 495.330
495.330 497.100
499.440 501.390
503.130 504.240
504.300 504.960
504.960 506.430
506.820 508.800
510.330 511.080
511.740 512.400
512.460 513.840
516.270 517.860
518.730 519.570
520.890 521.490
