0.090 12.180
12.180 14.400
14.970 20.820
20.850 27.300
27.420 31.020
31.020 32.370
32.400 40.500
40.560 44.760
44.880 47.850
48.390 52.980
52.980 63.180
63.180 67.110
67.260 68.940
69.510 72.360
73.560 77.970
78.570 81.810
82.590 90.270
90.510 92.100
92.250 94.200
94.470 105.090
105.300 106.800
106.830 112.110
112.560 114.570
114.870 117.300
118.260 119.130
119.340 123.150
123.660 125.370
125.370 126.420
126.810 128.850
129.210 133.020
133.020 134.520
135.150 136.890
136.920 139.560
140.160 144.870
145.200 146.130
146.340 150.210
150.840 152.400
152.400 153.780
154.200 157.080
157.290 160.110
160.380 164.280
164.280 169.260
169.770 173.670
173.700 176.160
176.280 177.300
177.450 178.140
178.380 180.000
180.030 182.370
183.120 185.760
185.760 187.770
187.770 192.270
192.810 193.410
193.800 194.460
194.460 198.780
199.320 202.230
202.860 203.460
203.520 206.730
206.820 210.870
211.260 215.250
215.700 222.900
222.900 223.890
224.010 225.030
225.420 227.550
227.850 229.650
229.980 231.510
231.960 235.500
236.670 239.370
241.080 244.590
245.070 246.330
246.840 251.070
251.160 252.540
253.140 255.900
255.900 258.360
258.960 261.600
261.720 264.900
265.200 266.760
268.020 270.000
270.390 272.670
273.180 274.950
274.950 278.370
280.350 281.580
282.300 283.140
284.130 286.170
286.290 287.310
287.760 288.720
288.720 289.740
289.770 291.630
292.110 295.260
296.700 301.200
301.290 302.580
302.820 305.010
305.670 307.110
307.470 311.400
311.700 312.630
312.990 314.820
315.150 317.310
317.760 321.450
321.450 325.800
326.160 328.470
328.950 331.380
332.280 332.910
334.170 335.370
338.130 338.730
339.690 341.460
342.480 345.870
346.680 349.260
350.460 351.150
352.590 353.460
356.400 358.380
