0.660 2.040
2.790 5.940
6.030 6.630
7.380 12.000
12.420 16.320
16.590 20.640
20.940 23.790
23.910 25.050
25.710 28.590
28.650 29.880
30.450 33.270
33.420 35.730
35.760 41.580
41.910 44.460
44.730 47.340
47.370 48.120
48.120 51.840
52.380 57.420
58.320 60.540
60.630 61.890
62.430 64.290
64.440 66.180
66.420 68.040
68.040 69.690
69.690 70.860
70.860 71.700
71.820 75.840
75.840 76.530
76.800 79.530
79.680 83.970
83.970 85.740
85.860 89.040
89.070 92.670
93.330 94.560
94.650 96.750
96.840 98.430
98.610 101.190
101.280 103.200
103.200 106.620
106.680 108.270
109.590 114.000
114.120 114.900
114.900 116.160
116.310 121.890
121.950 123.870
123.900 125.940
126.960 131.760
131.940 134.670
134.730 141.300
141.360 142.620
142.650 146.610
146.670 147.390
147.390 151.110
151.200 152.580
152.760 153.690
153.780 154.710
155.370 157.830
157.890 159.720
159.720 162.060
162.480 167.160
167.190 169.770
170.280 173.250
174.240 174.840
174.960 179.550
179.610 181.110
181.110 184.380
184.710 185.430
185.820 194.550
194.580 198.510
199.410 203.550
204.120 204.810
205.230 208.650
209.010 210.030
210.090 212.580
213.030 214.950
214.950 216.210
216.480 219.720
220.140 222.000
222.030 223.110
223.110 226.980
227.430 230.130
231.030 232.350
232.560 233.940
234.390 235.740
235.770 238.830
238.980 240.510
240.570 241.890
242.040 246.570
246.630 248.130
248.310 250.650
250.650 252.540
252.750 254.580
255.180 256.650
256.950 259.200
259.260 260.490
262.500 264.210
264.450 266.280
266.850 269.040
269.190 273.120
273.540 274.680
274.680 276.660
277.260 277.860
277.860 279.750
279.990 282.930
283.140 284.520
284.550 285.900
285.960 287.430
287.430 288.810
288.870 292.140
292.140 295.530
295.650 296.880
297.000 298.230
298.260 302.250
302.460 303.090
303.090 304.380
304.800 307.440
307.710 309.750
309.870 311.100
311.100 312.570
312.900 315.540
316.080 318.870
318.870 321.180
321.450 322.530
322.980 326.190
326.460 327.360
327.630 328.350
328.500 332.010
332.010 333.030
333.210 334.200
