0.150 2.130
2.130 5.370
5.370 11.820
11.940 13.320
13.440 16.620
16.680 19.050
19.080 22.980
23.100 27.300
27.360 30.270
30.390 32.130
32.250 35.940
36.570 37.860
38.490 42.750
43.470 44.970
45.660 49.020
49.620 51.270
51.930 52.530
52.710 54.900
55.080 56.670
56.850 58.410
58.980 60.570
60.750 63.390
64.080 65.730
65.970 66.930
67.380 69.990
70.200 73.920
73.920 74.640
74.640 75.390
75.420 76.830
76.980 78.210
78.420 81.990
82.920 83.520
83.730 87.630
87.780 88.890
88.890 90.090
90.210 91.860
92.160 92.790
92.790 94.230
94.290 96.480
96.990 99.720
100.410 101.310
101.430 103.080
103.080 103.950
104.220 105.450
106.590 108.330
108.480 109.080
109.080 111.480
111.570 113.910
114.390 115.410
115.590 116.850
117.030 119.910
119.910 122.790
122.790 123.660
124.110 126.240
126.390 130.080
130.110 133.740
134.190 135.360
135.600 136.830
137.130 143.160
143.370 144.300
144.450 146.100
146.160 147.300
147.450 149.010
149.010 152.040
152.340 153.450
153.450 157.590
157.890 160.440
160.890 161.790
161.850 162.450
163.230 164.220
164.520 165.120
165.930 166.530
166.860 169.020
169.020 169.950
169.950 173.790
173.790 178.140
178.740 179.490
180.180 181.440
181.890 187.020
