1.350 2.040
2.940 7.860
8.460 11.790
12.780 14.400
15.510 19.290
19.410 20.370
21.420 24.510
24.780 25.410
25.680 30.210
31.020 36.030
36.060 37.740
39.120 42.300
42.390 45.600
46.320 48.900
49.290 52.110
52.680 55.020
55.860 57.060
57.120 59.310
59.940 64.530
66.030 70.500
70.590 72.150
73.050 75.450
76.080 80.010
80.250 82.020
82.110 83.940
84.000 86.550
86.610 88.350
88.530 89.130
89.430 90.510
90.660 93.810
94.170 95.580
95.970 96.780
98.640 99.420
99.690 100.380
100.980 102.330
102.600 103.230
103.260 104.970
105.060 106.200
106.530 107.580
107.610 109.530
109.530 111.480
111.690 113.940
114.030 118.950
119.160 121.740
122.910 124.710
124.710 127.530
127.530 128.130
128.190 130.440
131.280 133.680
133.830 136.530
136.530 139.860
139.950 142.470
143.610 145.500
146.100 149.370
149.790 155.490
155.550 157.890
159.690 161.190
161.640 164.010
164.100 165.750
166.200 167.250
167.370 169.380
174.030 176.760
176.760 177.360
178.050 178.650
179.640 180.720
181.770 184.200
184.440 186.450
186.900 188.910
189.270 190.350
190.800 191.400
191.550 195.420
195.690 196.770
196.800 198.720
198.780 201.510
201.540 203.940
203.940 204.600
204.720 208.290
208.290 209.610
210.240 211.890
211.890 213.360
213.690 220.500
220.740 223.590
223.650 227.940
228.030 229.050
229.410 230.580
231.840 234.960
234.990 237.000
237.180 237.870
238.050 239.370
239.400 242.250
242.250 243.300
244.290 245.520
245.880 250.590
250.770 252.540
252.990 254.370
254.610 255.330
255.510 257.520
