0.000 6.090
13.110 13.740
13.740 14.760
15.090 17.430
17.550 18.630
18.720 19.680
19.980 21.090
21.090 22.740
23.220 23.970
24.090 26.700
27.240 28.020
28.860 30.030
30.840 35.280
36.420 38.040
38.070 38.790
38.880 39.660
40.440 44.520
44.850 48.030
48.030 49.680
50.100 52.800
53.610 56.760
57.000 62.790
63.030 65.610
65.610 67.080
67.380 68.250
69.300 70.440
70.740 72.600
73.290 75.450
75.450 78.960
79.080 82.200
82.530 83.880
84.030 87.060
87.240 88.260
88.770 89.640
90.090 95.520
96.300 99.060
99.120 100.170
100.260 103.590
104.160 105.120
105.120 106.980
107.520 109.770
109.770 111.780
113.160 116.280
116.970 119.610
119.610 121.200
121.650 122.730
123.000 123.930
123.930 125.850
126.000 126.660
126.810 128.190
128.520 130.020
130.020 130.830
131.100 135.330
135.450 139.140
139.470 140.970
141.120 144.480
144.930 145.890
146.070 148.950
149.040 152.970
153.510 154.590
154.890 156.510
156.930 162.480
162.660 163.770
164.160 165.480
165.480 169.020
169.620 172.260
172.680 173.850
173.910 175.110
175.440 177.270
177.840 178.530
178.950 180.750
181.020 183.900
184.950 186.090
187.020 188.970
189.210 192.660
192.960 195.210
195.570 197.130
198.210 200.010
200.010 200.610
201.270 202.980
203.430 204.810
204.840 206.250
206.280 207.900
209.880 212.460
215.340 216.630
217.110 218.100
218.730 220.170
220.860 221.880
222.990 223.650
224.010 226.080
228.210 230.280
233.820 235.620
235.770 236.820
237.180 238.290
238.800 239.790
240.450 241.470
241.470 242.970
244.230 245.820
246.540 247.140
247.350 249.150
250.230 251.160
251.280 252.150
252.930 253.620
254.070 255.660
256.200 257.460
259.650 260.520
261.150 262.110
262.350 266.700
267.060 271.110
271.440 272.250
272.610 274.170
274.620 275.460
276.300 277.740
278.310 279.690
279.690 280.920
281.790 284.400
284.400 285.390
285.750 286.860
287.340 289.050
289.530 290.790
290.790 293.880
294.300 295.380
295.380 296.340
297.360 298.050
299.700 302.430
303.330 304.350
304.350 305.340
305.850 308.250
308.400 309.180
310.890 311.790
312.900 313.890
314.460 316.620
317.040 317.850
318.300 319.110
320.160 320.790
321.150 321.990
322.740 323.340
323.610 325.440
326.070 329.130
329.910 331.650
331.920 332.730
332.730 333.600
333.630 335.730
335.760 336.360
336.360 336.990
337.050 338.370
340.830 341.910
342.210 342.960
344.100 344.910
346.890 347.490
348.270 350.670
351.780 352.500
354.150 354.990
356.850 360.570
361.320 362.940
364.140 365.100
365.340 369.510
369.870 372.720
372.900 373.980
374.910 377.190
377.400 379.560
379.560 380.580
380.970 381.960
381.960 384.930
386.640 387.720
388.710 389.520
389.820 390.570
391.440 392.910
394.530 396.000
397.770 399.210
400.200 401.580
405.510 407.070
407.070 407.850
408.420 409.410
409.650 411.870
412.050 413.640
415.140 416.160
416.520 417.510
417.930 419.940
420.780 421.590
425.730 429.060
429.180 430.350
430.350 431.040
432.840 434.520
434.610 435.270
435.360 436.380
436.950 437.730
437.970 438.570
439.530 441.600
441.750 443.340
443.700 445.350
445.650 447.840
448.980 450.210
452.310 454.350
454.350 454.950
454.950 459.540
459.660 460.710
460.950 461.850
462.330 463.110
463.440 464.460
465.180 466.620
466.950 467.910
469.140 470.190
470.790 473.490
475.080 475.710
476.460 477.480
478.200 478.890
479.760 480.360
482.130 482.970
483.330 484.800
485.940 486.990
488.250 488.970
491.370 492.480
493.950 494.970
498.090 498.870
500.550 503.040
503.700 505.020
506.010 506.940
507.420 508.620
508.770 509.730
509.760 510.780
510.990 512.670
513.690 514.620
516.630 517.800
520.830 522.090
522.420 523.170
523.500 524.310
524.970 525.720
526.020 527.010
527.250 528.090
528.480 529.260
530.850 533.130
534.180 536.070
536.700 537.630
538.020 538.800
539.160 541.530
542.940 543.540
545.550 546.690
546.690 547.440
548.880 550.800
550.950 551.910
552.390 553.830
553.830 555.000
555.000 556.380
556.770 557.400
558.480 559.950
560.250 563.010
565.560 566.520
567.390 568.350
568.800 569.850
569.940 570.930
572.010 573.240
573.600 574.500
575.130 576.030
576.630 579.570
581.430 582.300
583.050 584.460
585.120 585.720
