0.000 23.610
23.640 47.910
47.910 53.640
53.640 55.020
55.170 79.200
79.500 86.610
86.610 89.700
89.730 106.950
106.950 115.950
115.950 125.880
126.090 133.320
133.320 138.990
139.410 142.830
142.830 147.540
147.690 153.060
153.060 168.600
168.660 175.230
175.320 199.590
199.950 203.280
203.280 219.090
219.540 226.470
226.680 231.990
232.140 242.490
242.610 247.140
247.140 261.810
261.930 265.650
265.650 267.390
267.390 276.300
276.300 291.180
291.180 293.880
294.600 305.310
305.580 306.510
306.660 311.190
311.250 319.200
319.440 321.120
