0.330 1.140
1.290 4.800
4.890 10.290
10.890 17.550
17.640 21.780
21.870 23.730
23.730 26.760
27.210 31.500
31.860 35.580
36.780 39.960
39.960 43.770
44.160 44.760
44.760 52.800
53.820 60.270
60.540 68.610
69.990 72.120
72.120 75.000
75.270 80.070
80.910 84.360
84.480 86.610
86.850 92.100
92.220 96.840
97.320 103.890
104.130 106.620
106.620 108.000
108.240 109.170
109.290 111.810
111.840 114.210
114.900 122.340
122.430 125.550
126.090 127.380
127.710 135.840
136.590 137.970
138.270 144.090
144.240 148.290
148.440 150.900
152.160 153.150
153.330 157.350
157.860 162.060
162.390 163.590
163.830 165.300
165.330 166.770
167.130 170.130
170.130 172.710
172.740 176.040
176.130 183.270
183.270 184.800
185.910 194.280
194.730 200.160
200.160 202.770
