0.480 2.820
3.000 5.250
5.820 10.920
10.920 14.790
15.030 16.710
16.830 19.710
20.220 21.510
21.960 24.900
25.080 26.010
26.370 30.420
30.720 32.040
32.310 33.750
34.350 35.670
35.880 39.300
39.780 40.740
40.860 42.150
42.150 44.040
44.070 45.540
45.660 48.300
49.500 52.890
54.120 57.510
57.750 58.830
58.860 59.820
60.510 64.260
64.830 66.540
66.540 68.070
68.280 70.440
70.800 71.400
71.550 73.140
73.350 75.120
75.360 79.080
79.290 80.160
81.750 83.100
83.400 85.920
85.920 86.520
86.910 87.570
88.230 89.550
90.450 91.980
93.150 94.170
94.980 96.510
96.660 97.260
98.250 100.170
100.680 101.970
102.450 103.140
103.590 104.250
105.300 106.200
106.890 107.790
108.810 109.410
109.500 110.400
113.880 114.480
