0.000 6.180
9.990 13.650
14.220 17.070
17.310 21.360
22.500 23.370
23.580 25.710
25.890 32.070
32.070 34.200
34.200 35.700
35.700 41.250
41.340 44.040
45.300 49.950
50.340 53.340
54.210 57.300
57.810 59.220
59.310 62.460
62.580 63.240
63.240 64.350
64.350 64.950
65.580 67.530
67.680 68.490
68.490 70.950
70.950 72.840
72.840 74.670
75.390 76.680
76.800 81.930
82.170 85.020
85.470 86.550
86.850 91.290
91.440 94.560
94.710 96.030
96.030 97.050
97.050 99.510
100.260 102.360
102.690 105.120
105.810 113.070
113.340 116.580
117.390 118.260
118.440 121.200
121.590 123.120
123.120 126.960
126.990 131.100
131.730 135.630
135.630 137.160
137.460 140.340
140.940 144.420
144.420 146.160
146.220 147.720
148.440 149.160
149.160 152.850
153.540 156.810
157.620 159.270
159.480 161.850
161.880 166.020
166.290 169.650
169.830 173.640
178.050 180.090
180.450 181.320
181.320 185.430
185.430 189.690
189.780 192.690
192.810 194.520
194.520 198.210
198.210 200.670
201.270 205.290
205.710 208.020
208.560 211.680
211.680 213.720
213.720 214.800
214.800 217.620
217.620 219.150
219.150 221.100
221.100 226.320
226.320 234.060
234.150 239.130
239.280 241.290
241.290 243.630
243.750 244.350
244.710 247.500
247.500 250.380
250.380 253.800
253.920 256.350
256.380 259.860
259.860 263.370
263.700 264.840
264.840 269.730
269.760 274.080
274.080 274.710
274.830 277.200
277.230 281.550
281.670 287.160
287.850 295.800
295.800 296.700
296.700 298.260
298.560 301.020
301.020 303.390
304.650 306.120
306.120 307.080
307.140 312.960
313.620 314.220
314.220 317.580
318.090 323.460
323.460 325.440
326.400 331.320
331.350 335.310
335.790 339.510
339.510 340.800
341.100 341.730
341.850 345.360
345.360 346.620
346.620 348.840
349.320 350.190
350.190 353.460
353.460 354.780
355.410 357.930
358.380 363.180
363.390 367.500
367.560 369.360
369.360 370.170
370.170 373.020
374.250 376.080
376.200 380.160
380.190 383.310
384.060 384.810
384.810 389.700
389.700 391.800
392.160 397.950
398.160 402.450
403.050 404.040
404.070 407.970
408.300 411.510
411.600 414.930
415.200 425.280
425.280 429.150
430.170 431.490
431.640 442.950
444.060 447.240
448.050 450.690
450.690 454.020
455.070 459.480
459.570 461.880
462.300 463.650
464.310 466.470
466.620 467.670
467.730 469.710
469.860 471.870
471.870 476.520
476.610 478.080
478.260 478.980
478.980 480.840
480.960 483.750
484.020 485.640
486.240 486.960
487.290 490.230
490.410 491.100
491.280 497.520
498.480 501.750
501.780 502.800
502.800 507.150
507.510 512.190
512.220 516.750
516.930 518.040
518.220 522.420
522.420 526.890
527.790 530.250
530.250 533.760
533.760 537.420
538.020 541.920
542.010 543.090
543.300 545.190
546.630 548.370
548.370 551.070
551.160 552.900
552.930 554.220
554.220 557.040
557.640 559.290
560.280 569.880
570.450 573.090
573.210 575.160
575.160 577.170
577.290 579.300
579.660 581.250
581.400 582.810
583.380 584.880
585.030 586.470
587.010 589.650
589.650 591.090
592.080 596.100
596.100 598.380
599.220 604.800
605.190 607.080
607.860 611.370
611.460 618.600
618.750 621.810
622.020 625.740
626.340 629.280
629.280 640.470
640.470 644.460
644.640 676.170
676.200 678.240
678.240 681.210
681.210 685.950
685.950 687.180
687.180 692.250
692.280 698.760
698.760 706.350
