0.030 5.880
5.880 18.330
18.540 21.690
21.690 25.440
25.440 42.090
42.630 50.640
50.700 54.060
55.650 58.140
58.140 58.920
59.910 61.110
61.470 62.580
63.270 64.440
65.040 66.510
67.920 70.800
70.950 72.270
72.390 73.830
74.520 75.120
75.750 77.610
78.660 80.340
81.480 82.110
82.620 91.980
91.980 93.840
93.840 95.460
96.000 97.140
97.650 98.940
98.970 100.290
100.440 103.020
103.590 104.760
105.240 106.620
107.250 107.850
108.540 110.100
114.540 115.830
117.030 117.780
120.000 120.660
122.100 123.180
126.660 128.580
129.450 133.080
133.710 136.650
138.060 138.810
139.320 141.600
142.140 150.540
150.840 155.970
156.270 158.490
158.910 160.320
163.530 164.130
164.250 164.850
165.870 166.470
170.190 171.630
180.030 181.590
188.280 188.880
188.970 191.040
194.040 196.410
198.450 200.070
201.000 201.870
202.890 205.020
205.440 206.370
206.760 208.080
211.620 216.900
217.620 218.370
218.370 219.450
219.720 221.130
221.580 222.630
225.570 226.620
228.630 229.740
230.280 232.560
232.770 234.240
234.420 237.390
237.660 248.310
248.310 249.930
