0.120 20.340
20.340 25.440
25.500 28.440
28.440 30.600
30.990 36.360
36.720 42.150
42.150 55.320
55.560 61.170
61.170 64.530
64.560 72.510
72.630 77.280
77.340 85.620
85.830 88.710
89.310 91.440
91.650 104.280
104.280 105.810
105.840 108.510
108.960 113.910
113.970 117.930
118.200 126.570
126.570 137.880
138.180 146.910
146.910 153.000
153.000 154.590
155.130 168.060
171.240 172.230
172.560 175.680
176.580 197.820
198.030 199.740
200.820 208.200
208.590 219.060
219.120 220.590
221.160 222.090
222.090 223.470
223.860 224.460
225.870 228.450
229.530 230.160
230.490 232.230
234.150 236.880
237.000 238.710
238.890 239.670
241.860 243.510
244.350 244.950
245.070 246.090
246.210 247.350
247.380 247.980
247.980 250.770
252.570 256.350
256.350 257.100
258.150 260.100
260.100 262.350
262.980 263.790
263.910 264.930
264.960 265.560
265.830 266.850
266.850 268.140
269.310 270.210
270.960 272.010
272.310 273.090
273.090 274.500
274.830 276.390
276.570 277.710
278.190 280.860
280.980 282.900
282.900 284.790
284.790 286.200
286.860 288.390
292.470 294.210
295.440 296.160
300.060 300.900
301.110 302.070
302.520 303.180
303.450 305.370
305.370 305.970
306.030 307.290
308.430 311.430
312.540 313.470
313.560 315.210
315.300 316.410
316.920 318.090
318.090 319.590
320.400 325.770
326.940 329.070
330.270 332.850
333.570 334.380
334.620 335.970
336.780 338.880
339.150 340.590
341.580 343.470
343.530 344.340
344.640 346.140
347.580 348.480
349.050 349.860
350.250 351.150
352.620 354.720
355.530 356.340
356.640 358.200
358.530 359.280
359.850 361.290
361.920 363.810
363.990 364.590
365.010 366.600
367.860 368.730
369.210 370.140
370.620 372.390
373.470 374.850
375.060 376.200
376.200 377.160
377.670 379.650
381.570 382.170
382.500 383.400
383.400 384.660
385.470 386.700
387.030 389.970
390.000 392.580
392.580 394.560
395.190 395.820
395.850 397.740
397.740 400.620
400.830 404.700
404.910 406.140
406.440 407.160
407.490 408.240
408.390 409.860
409.860 412.110
412.110 413.250
414.330 416.460
416.460 418.350
418.890 419.490
419.580 420.900
421.050 422.310
422.670 430.620
431.610 439.110
439.110 442.200
442.440 446.220
446.220 449.070
450.060 452.850
454.020 455.640
456.450 459.750
459.930 461.010
461.250 464.430
464.430 466.290
466.320 467.010
468.030 469.860
470.700 472.200
472.290 477.030
477.120 480.330
