0.060 21.900
21.960 25.110
25.200 29.970
30.090 31.950
31.950 33.300
33.990 36.870
37.350 40.500
40.830 42.690
42.930 44.130
44.370 48.030
48.060 52.710
52.710 53.850
53.850 62.820
63.060 67.050
67.080 70.950
71.250 77.250
77.250 79.140
79.320 80.940
80.940 83.460
83.460 87.210
87.420 92.400
92.460 96.780
97.650 100.590
100.590 106.830
107.010 108.930
108.960 113.460
115.470 117.570
118.320 119.190
120.000 121.740
122.880 125.970
126.000 129.570
129.960 131.130
131.130 133.080
133.920 134.730
135.960 136.830
136.830 137.430
138.030 139.050
139.410 142.800
143.130 144.540
144.540 145.380
145.440 147.960
148.260 149.850
151.140 152.220
152.880 154.080
154.230 155.910
157.350 158.190
158.370 159.570
160.560 162.690
164.670 166.140
167.250 168.510
168.510 169.380
169.380 170.430
170.760 172.170
172.290 173.640
173.850 174.450
176.490 178.020
178.170 179.310
179.400 181.500
181.620 183.450
185.280 186.630
187.260 188.790
190.590 191.970
192.630 194.430
194.880 196.950
196.980 199.920
200.820 202.500
202.620 203.880
205.380 207.180
208.050 210.690
211.440 214.830
215.790 216.480
216.480 217.560
217.560 219.450
220.470 221.130
221.310 222.450
222.540 223.650
224.940 225.990
227.070 227.700
228.210 229.170
229.290 230.400
230.400 231.240
231.240 232.590
233.250 234.750
235.830 237.930
237.930 239.160
239.250 241.110
242.610 243.840
243.840 244.590
246.390 248.250
249.240 250.380
250.560 252.420
252.810 254.070
254.220 255.330
258.870 260.190
260.490 261.930
264.060 266.670
266.670 267.300
267.480 268.830
269.640 270.720
270.840 271.890
271.890 273.660
274.320 275.700
276.480 277.740
277.800 279.570
279.660 281.040
283.530 284.850
285.270 286.680
293.610 294.360
296.040 296.640
298.020 299.070
299.790 300.390
300.450 301.080
302.700 303.300
303.600 304.860
305.220 306.030
308.550 309.390
311.670 312.300
312.720 313.740
315.840 316.860
319.380 320.490
321.750 322.500
323.970 325.470
325.500 326.850
327.540 328.620
329.460 332.610
332.940 335.490
336.000 339.300
339.360 340.200
341.700 343.110
343.800 346.200
351.420 352.350
353.190 355.230
355.230 355.830
356.280 356.880
357.180 358.230
358.260 358.860
359.730 361.020
362.010 363.090
363.390 370.590
370.710 371.670
373.410 374.010
374.190 375.540
375.960 380.370
380.460 383.280
384.390 387.120
387.810 388.410
388.740 389.340
391.710 392.580
393.660 394.260
394.260 398.490
398.490 399.570
399.660 401.100
401.490 405.630
406.320 407.010
407.010 408.150
408.840 410.370
410.730 411.330
411.630 413.100
413.490 414.690
428.880 430.890
431.280 432.780
432.780 433.410
435.690 436.920
437.130 438.180
439.110 439.770
443.580 444.480
445.740 446.970
447.420 450.420
452.220 453.720
453.750 454.710
454.890 457.590
459.210 460.140
460.230 461.730
463.200 464.430
464.760 466.350
467.220 469.830
471.750 473.460
474.090 475.080
475.740 476.760
478.230 480.090
481.530 482.430
482.550 483.660
483.660 484.800
485.490 486.900
487.680 488.280
488.910 490.770
490.890 492.270
492.840 493.650
494.400 495.480
495.480 496.740
496.860 497.880
497.880 498.750
498.780 500.250
500.670 501.810
502.560 503.370
504.630 506.040
506.460 507.750
508.380 509.910
511.200 512.580
512.580 514.800
515.040 516.150
518.550 519.780
520.140 520.920
522.180 523.440
524.040 527.430
527.430 528.810
529.350 530.310
534.330 535.680
536.850 538.200
539.370 540.810
540.810 542.310
542.730 544.500
545.940 548.400
548.760 550.380
551.100 553.380
553.440 554.790
555.240 556.440
556.440 557.430
558.060 559.650
560.640 561.450
563.070 564.360
565.950 567.360
567.360 568.080
568.830 569.700
572.190 574.020
574.020 574.620
574.620 575.940
576.030 578.340
579.000 581.610
582.240 584.010
584.400 586.560
586.830 587.850
588.420 589.320
589.410 592.470
592.470 593.610
594.090 595.590
596.610 597.870
597.930 599.700
600.180 602.040
602.310 603.540
604.080 604.860
605.250 606.930
607.530 608.700
608.700 609.330
610.020 611.040
611.100 613.170
613.170 615.540
615.810 617.790
617.790 619.140
623.250 625.020
625.680 627.870
627.870 632.310
632.310 633.420
633.420 634.800
635.370 636.180
636.450 639.390
639.390 640.950
641.220 642.480
645.390 646.230
646.350 647.040
648.690 650.190
652.500 653.910
655.440 656.370
656.580 657.420
657.660 658.410
659.910 660.720
660.810 661.500
663.630 664.830
667.620 669.030
669.330 671.040
672.030 673.410
673.470 676.770
678.120 679.470
681.480 682.380
682.440 683.970
684.240 685.170
685.530 686.460
686.460 688.140
689.580 690.660
691.080 691.920
692.070 693.000
693.150 694.020
694.140 696.630
697.110 698.070
698.400 699.150
699.150 700.140
703.350 707.160
708.120 708.720
708.840 710.040
710.280 712.020
713.130 714.660
715.470 717.690
717.690 719.040
719.940 721.440
722.340 727.560
727.860 729.990
730.950 734.190
734.370 735.210
735.210 737.940
737.940 739.170
739.740 740.580
742.050 743.310
744.180 746.550
747.840 748.740
749.580 750.330
750.330 751.170
752.550 753.690
754.080 754.980
755.730 756.480
756.600 758.280
758.400 759.240
759.570 760.650
760.650 761.250
761.670 763.110
763.560 765.030
765.510 766.590
766.620 767.400
767.460 769.650
770.370 773.670
773.790 775.230
776.850 779.820
779.970 780.870
781.110 783.570
783.570 784.440
785.520 788.910
789.960 791.040
791.130 793.080
793.260 794.130
794.160 794.820
794.820 796.920
798.450 799.980
800.610 802.110
803.250 804.180
811.950 812.700
817.410 818.220
827.190 828.690
830.430 831.180
833.220 834.030
838.020 840.240
840.540 841.560
843.240 845.400
845.940 847.290
847.620 848.850
848.850 849.480
850.620 852.090
852.420 854.220
854.430 856.290
856.500 858.240
858.420 859.920
863.070 864.240
864.570 867.360
867.720 868.410
872.010 872.880
877.560 879.420
879.540 883.200
883.200 885.180
886.080 886.860
887.220 888.450
890.760 892.770
893.550 894.660
895.080 895.830
895.860 897.150
900.030 902.880
904.440 906.720
908.430 911.250
911.250 912.030
912.540 913.200
913.200 914.910
914.940 916.200
916.200 917.040
920.070 921.510
921.990 922.590
922.710 924.030
926.040 926.820
928.050 929.190
929.430 930.840
931.260 931.920
931.950 932.820
933.510 934.620
935.850 937.380
938.040 938.940
940.260 941.730
942.240 943.170
945.090 946.110
949.860 951.090
952.290 953.820
954.510 955.230
956.460 957.780
958.200 958.950
959.790 960.810
962.190 964.950
966.930 968.040
968.970 969.870
970.830 972.570
973.080 973.680
976.950 977.550
977.580 978.870
980.160 980.790
981.570 982.470
984.060 985.140
986.280 986.880
988.200 989.130
991.470 992.610
994.770 996.090
998.610 999.420
999.660 1000.590
1002.570 1003.530
1003.650 1004.790
1007.880 1008.480
1008.630 1009.860
1013.040 1013.700
1013.940 1014.990
1016.310 1017.210
1017.870 1019.100
1022.820 1023.960
1024.680 1027.140
1028.880 1032.060
1032.060 1033.620
1033.950 1035.630
1039.650 1040.580
1041.360 1042.980
1043.070 1044.090
1044.090 1044.870
1046.100 1046.820
1047.150 1048.500
1048.920 1050.300
1050.300 1050.900
1050.900 1052.940
1052.970 1055.070
1055.070 1055.880
1056.720 1057.440
1057.680 1058.520
1060.410 1061.370
1061.580 1065.630
1065.780 1066.920
1067.670 1068.270
1068.300 1070.820
1072.680 1073.460
1074.840 1077.330
1078.320 1078.920
1079.190 1079.970
1080.030 1080.930
1081.560 1083.120
1084.650 1086.270
1086.630 1087.770
1087.950 1090.050
1091.280 1093.380
1094.610 1097.100
1097.430 1099.350
1099.500 1100.460
1101.960 1103.280
1104.690 1105.680
1107.450 1108.290
1109.160 1109.910
1111.560 1112.490
1113.690 1115.040
1115.460 1116.120
1117.020 1117.800
1122.780 1123.470
1125.240 1126.110
1127.370 1127.970
1129.530 1130.430
1134.630 1135.740
1138.050 1139.340
1139.640 1140.930
1141.440 1144.350
1145.640 1146.480
1147.860 1150.530
1154.850 1156.560
1157.130 1158.690
1158.900 1159.770
1159.800 1160.850
1161.720 1164.360
1164.510 1167.060
1168.260 1169.610
1169.910 1171.920
1172.400 1173.420
1174.050 1176.570
1177.080 1177.950
1178.400 1179.210
1180.440 1181.850
1181.850 1182.660
1183.440 1184.250
1184.820 1186.560
1187.340 1189.020
1189.530 1195.410
1195.830 1199.520
1200.840 1202.160
1202.760 1203.570
1205.790 1207.350
1207.380 1208.220
1209.120 1210.530
1211.460 1212.510
1212.510 1213.290
1214.820 1215.780
1216.200 1217.160
1218.240 1219.620
1220.100 1221.570
1222.170 1225.410
1226.160 1227.150
1238.370 1241.850
1241.850 1242.660
1242.960 1243.710
1245.420 1246.350
1247.220 1248.120
1248.660 1249.380
1249.470 1251.090
1251.150 1251.870
1252.860 1254.090
1256.130 1257.030
1257.480 1258.200
1258.650 1259.280
1259.850 1261.230
1262.970 1263.630
1264.950 1266.150
1268.730 1269.750
1271.790 1273.200
1273.350 1273.980
1275.270 1276.470
1277.490 1278.750
1280.040 1280.730
1281.390 1283.040
1283.190 1284.150
1284.660 1285.500
1285.860 1287.030
1287.240 1288.080
1290.000 1291.800
1291.800 1294.260
1294.260 1295.670
1295.970 1296.570
1297.200 1299.780
1300.080 1302.030
1302.600 1303.290
1303.470 1306.230
1306.710 1307.760
1308.810 1310.400
1310.940 1312.350
1314.450 1315.500
1316.910 1317.960
1317.960 1319.130
1319.250 1320.210
1320.240 1321.440
1325.070 1327.260
1327.470 1328.430
1328.610 1330.170
1330.170 1333.350
1334.850 1337.190
1337.550 1338.450
1338.600 1340.640
1340.940 1341.690
1342.020 1347.420
1348.530 1349.250
1349.370 1350.210
1350.690 1351.410
1351.860 1352.910
1353.420 1354.500
1358.040 1359.810
1362.660 1364.310
1365.660 1366.770
1367.610 1368.210
1368.510 1369.470
1370.760 1371.750
1372.470 1373.100
1373.370 1374.480
1379.310 1381.200
1383.150 1383.930
1385.340 1387.530
1387.770 1389.000
1389.870 1390.740
1392.210 1393.110
1393.620 1394.430
1394.430 1395.150
1397.250 1397.910
1397.940 1402.080
1402.170 1403.070
1403.580 1404.300
1405.350 1405.980
1406.010 1406.850
1408.110 1409.250
1409.400 1410.660
1410.660 1412.760
1414.170 1416.360
1416.480 1417.080
1417.230 1418.520
1418.580 1420.350
1421.190 1421.790
1421.790 1423.950
1424.910 1425.510
1425.570 1426.680
1426.890 1427.730
1428.840 1430.580
1431.000 1431.630
1431.870 1432.680
1433.370 1434.180
1434.450 1436.400
1444.200 1444.800
1452.630 1453.320
1461.750 1462.470
1465.350 1466.250
1466.610 1467.300
1468.680 1469.490
1472.730 1473.510
1475.520 1476.270
1495.470 1496.640
1498.230 1499.160
1499.490 1500.510
1500.780 1501.530
1502.400 1503.060
1504.830 1505.490
1505.910 1506.690
1507.560 1508.460
1508.580 1509.660
1511.040 1511.880
1512.180 1512.900
1514.550 1515.150
1515.330 1516.020
1516.110 1516.710
1517.010 1518.270
1519.560 1520.160
1520.460 1521.150
1521.360 1522.140
1522.320 1523.040
1523.520 1524.150
1524.930 1525.650
1526.550 1528.470
1528.620 1529.310
1529.310 1530.000
1530.570 1531.560
1535.280 1536.780
1537.230 1538.040
1540.320 1540.920
1543.350 1544.010
1544.040 1544.790
1548.600 1549.440
