0.210 12.300
12.570 13.920
13.920 17.460
17.460 18.480
18.480 21.480
21.510 22.770
22.830 25.680
25.740 29.220
29.280 30.780
30.780 35.250
35.610 39.720
39.720 41.400
41.400 42.810
42.810 46.530
46.830 47.670
47.670 53.550
53.550 58.650
58.830 59.490
59.670 64.200
64.200 66.270
66.270 68.820
69.060 69.900
69.900 74.250
74.310 81.600
82.020 83.040
83.040 86.520
86.520 91.290
91.470 95.880
95.880 98.100
98.610 99.870
99.900 101.820
101.850 107.550
107.760 108.840
108.840 112.950
113.400 121.830
122.040 132.510
132.540 134.700
134.700 136.710
136.710 143.340
143.430 146.160
146.160 149.850
149.850 154.740
154.740 156.690
156.690 159.990
160.020 164.370
164.370 168.840
169.230 173.250
173.310 176.550
176.610 180.210
180.990 182.580
183.120 187.740
187.860 190.470
190.470 196.830
196.950 199.200
199.260 203.280
203.280 206.190
206.280 207.840
207.990 211.920
211.920 214.950
214.950 218.700
218.880 220.590
220.590 223.530
223.770 232.560
232.620 238.770
239.520 242.370
243.030 244.560
245.040 245.670
245.700 248.640
248.640 251.400
251.640 263.250
263.460 267.090
267.630 273.720
273.810 278.130
278.130 290.490
290.520 295.530
295.560 297.450
297.450 298.620
300.810 303.390
303.990 304.710
304.710 311.340
311.730 313.830
313.950 315.480
316.380 317.520
317.520 322.290
322.440 326.310
326.310 331.440
331.890 333.270
333.270 339.630
339.720 341.070
341.070 346.650
347.400 350.370
350.460 352.050
352.470 353.430
353.910 354.510
354.690 355.830
356.700 357.300
