0.120 22.440
22.590 26.910
27.150 29.100
29.100 34.290
34.290 36.330
36.330 42.150
42.480 44.340
44.340 53.280
53.400 55.740
55.740 60.180
60.210 63.330
63.570 74.520
74.520 83.100
85.290 92.220
92.220 95.430
95.550 98.490
98.580 101.850
101.850 105.810
106.290 107.610
108.930 109.650
109.920 111.450
111.450 112.140
113.010 114.090
114.210 114.990
115.170 116.940
117.000 117.990
118.020 119.100
119.790 121.380
122.100 122.700
122.700 124.110
124.410 126.330
126.480 127.950
127.950 128.550
129.660 132.120
132.300 132.900
133.110 135.690
135.810 136.800
137.220 138.150
138.630 139.410
139.680 140.610
141.300 142.680
144.510 145.830
146.190 147.870
148.920 150.240
150.240 150.960
151.380 152.700
155.310 156.720
157.080 157.740
157.860 158.940
159.270 160.080
160.200 161.160
163.320 164.490
165.480 166.110
166.290 167.940
168.720 170.100
172.650 173.790
174.420 176.520
177.240 177.840
178.200 180.600
180.600 181.560
181.920 183.510
183.720 184.530
184.860 186.330
186.810 187.740
188.430 189.750
190.530 191.160
191.550 193.500
193.560 194.160
194.280 196.050
196.260 197.190
199.290 200.670
203.580 204.690
206.640 207.240
208.440 209.730
209.730 212.820
215.340 217.110
217.290 219.720
220.320 221.190
222.030 222.690
222.780 224.280
225.720 228.090
228.750 229.440
230.520 232.200
233.430 234.330
234.600 236.940
237.210 239.220
239.790 240.810
242.160 243.960
244.440 249.330
249.480 250.080
250.320 251.370
252.000 253.350
253.350 254.520
254.910 255.510
255.510 256.110
256.320 257.580
257.640 258.840
260.760 263.250
263.580 266.730
267.210 268.350
268.350 268.950
269.100 270.840
271.890 273.510
275.160 276.420
276.480 278.010
279.030 281.160
282.090 282.900
283.560 286.200
286.650 288.630
289.590 290.250
290.340 292.590
293.160 295.230
296.520 298.140
300.750 301.770
304.590 305.640
306.060 308.160
309.150 310.230
313.410 314.220
314.550 315.690
315.870 316.470
319.290 320.880
321.000 322.080
324.060 325.530
328.320 329.280
329.280 329.880
331.410 332.400
334.440 336.030
337.110 337.710
337.890 339.360
340.410 342.360
344.220 344.820
345.600 346.590
347.340 347.940
348.060 349.470
351.630 352.500
352.620 354.840
358.560 359.700
360.390 362.190
364.170 366.240
