0.300 9.810
9.900 13.140
13.260 18.000
18.000 20.250
20.340 22.890
22.950 25.260
25.770 31.080
31.230 34.920
35.130 39.990
40.350 42.540
42.540 45.210
45.510 49.560
49.560 52.260
52.530 56.040
56.040 59.370
59.370 68.100
68.190 69.480
69.720 70.860
71.130 73.710
73.710 77.340
77.700 79.770
79.770 80.430
80.880 81.690
83.640 84.270
99.030 99.780
112.770 113.550
119.940 122.010
122.070 126.120
126.480 129.360
129.810 134.580
134.940 139.950
140.040 141.780
141.930 145.800
146.070 150.750
151.080 152.820
153.120 156.810
157.080 161.610
161.610 165.360
165.540 167.850
167.850 169.590
169.590 172.320
172.320 173.760
173.760 175.260
175.290 178.140
178.380 181.140
181.470 183.030
183.180 185.070
185.070 186.450
186.570 189.300
189.360 192.840
192.990 196.830
196.830 200.700
