0.240 10.890
10.890 24.960
24.960 28.680
28.740 38.070
38.070 42.510
42.780 50.970
50.970 54.300
54.300 56.610
56.610 58.170
58.230 62.190
62.190 72.630
72.630 78.450
78.660 79.770
79.770 92.910
92.910 98.130
98.130 100.590
100.590 139.470
139.560 142.770
143.070 150.540
150.540 152.580
152.640 159.720
159.720 163.950
163.950 175.410
175.410 178.320
178.320 179.820
179.880 183.990
183.990 188.580
188.580 195.690
195.690 200.070
200.070 217.830
218.040 220.170
220.170 251.070
251.070 269.460
269.460 275.790
275.790 282.210
282.210 286.680
286.860 289.230
289.290 293.700
293.700 298.800
298.800 301.050
301.050 311.400
311.400 324.960
324.990 328.260
328.380 336.780
336.870 341.220
341.220 347.430
347.610 351.180
351.270 354.180
354.180 392.160
392.160 395.700
395.700 406.470
406.470 409.920
409.920 411.510
411.510 415.050
415.050 417.990
417.990 424.740
425.010 427.620
427.650 432.540
432.600 439.140
439.290 444.930
444.930 453.390
453.480 456.150
456.330 493.320
493.350 498.120
498.120 501.300
501.300 503.670
503.670 512.340
512.430 514.380
514.680 524.820
524.820 527.820
527.820 530.130
