0.360 11.820
11.880 23.790
23.910 33.060
33.060 36.420
36.420 42.810
42.840 45.450
45.480 55.050
55.080 76.710
76.710 99.390
99.390 119.130
119.130 138.270
138.450 139.560
139.590 145.680
145.680 149.310
149.340 155.640
155.640 157.650
157.650 171.000
171.000 246.960
246.960 262.050
262.050 270.120
270.150 272.220
272.220 275.520
275.520 284.190
284.310 300.750
300.750 303.150
303.390 307.290
307.290 312.180
312.390 317.610
317.610 325.980
325.980 377.550
377.610 378.660
378.660 380.490
380.610 382.920
382.920 385.860
387.900 411.960
412.050 425.160
425.160 427.230
427.440 447.180
447.600 448.500
448.560 454.320
454.620 456.180
457.200 462.120
462.300 466.410
466.440 468.450
469.110 470.580
470.610 471.420
471.600 474.960
475.650 476.250
477.510 481.650
481.770 482.820
483.390 485.070
485.070 488.400
488.580 490.290
490.290 491.040
491.910 494.400
494.400 495.000
497.220 507.960
507.960 511.080
511.080 525.030
525.090 542.130
542.310 562.500
562.620 565.440
565.560 584.580
584.580 587.400
587.400 593.220
593.400 596.520
596.550 598.500
598.560 601.350
601.980 602.580
603.240 609.060
609.360 613.980
614.070 615.570
616.140 616.920
617.040 618.000
618.000 621.420
621.660 629.070
629.670 632.010
632.040 634.110
634.440 639.060
641.310 655.260
655.260 678.240
678.630 687.960
687.960 700.590
700.740 706.290
709.800 716.220
716.400 742.650
743.250 795.960
795.960 796.830
796.830 846.750
847.050 847.950
848.460 852.540
852.810 854.430
854.430 856.200
856.230 857.130
857.640 859.950
859.950 863.610
863.820 864.930
864.930 867.990
868.290 874.890
875.010 876.120
876.240 877.830
877.860 879.300
879.300 880.830
