0.300 6.450
6.720 14.670
14.670 20.760
20.820 35.130
35.220 37.110
37.740 38.790
39.090 40.320
41.070 42.570
43.620 44.700
44.940 46.500
48.630 50.310
50.850 54.870
55.920 57.390
58.410 59.880
60.840 61.470
63.300 64.830
66.540 67.800
68.340 69.090
69.090 69.990
72.210 72.960
74.100 74.700
75.150 76.170
76.410 77.040
79.590 80.460
80.460 81.240
83.640 84.870
85.440 87.180
90.990 91.950
95.400 98.130
99.780 100.380
100.740 101.610
103.590 105.840
105.990 108.270
109.050 110.070
110.310 111.060
111.660 112.260
112.530 113.310
113.310 115.410
116.670 117.270
117.570 118.410
120.840 122.340
122.970 124.350
125.070 126.030
126.420 127.260
127.290 127.890
129.720 130.350
130.980 132.210
134.850 135.780
137.670 140.070
140.100 146.460
146.550 150.600
150.600 153.150
153.300 159.090
159.120 161.310
161.370 170.610
