0.090 22.470
22.890 28.200
28.320 30.630
30.630 38.190
38.490 40.140
40.230 46.140
46.140 51.690
51.720 55.920
56.130 62.700
62.700 64.410
64.410 67.290
67.650 68.280
68.280 71.730
71.730 73.830
73.980 78.150
78.150 79.950
79.950 82.680
82.680 85.410
85.410 89.490
89.880 91.050
91.470 96.450
98.010 101.040
101.100 104.070
104.280 107.670
107.670 110.250
110.490 112.410
112.440 113.640
113.730 116.820
117.120 122.670
122.910 125.520
125.820 126.510
126.660 131.100
131.400 134.130
134.130 136.200
136.260 139.680
139.980 141.960
141.960 145.560
145.710 147.120
147.120 149.130
149.280 150.150
150.240 153.210
153.210 154.770
155.040 158.010
158.010 162.990
163.170 165.090
165.090 167.730
168.060 168.960
168.960 171.780
172.830 176.130
176.400 178.590
179.100 182.340
182.820 183.990
184.140 188.400
188.430 191.190
191.400 196.470
197.580 202.890
202.980 204.180
204.450 205.920
206.070 209.670
209.970 212.640
212.970 214.890
216.180 216.990
217.260 219.960
220.350 223.590
227.670 228.600
228.690 234.150
234.180 236.700
237.000 238.350
239.940 241.560
241.620 242.700
244.560 245.340
246.750 249.270
250.890 252.360
253.410 255.780
255.990 257.280
257.940 259.410
261.090 261.780
261.870 262.650
262.650 265.980
266.730 267.540
267.630 269.340
270.270 271.380
272.520 273.690
273.720 279.840
280.620 282.450
282.600 284.400
284.400 286.680
287.010 289.500
289.740 291.990
292.290 295.410
295.470 297.540
298.350 299.520
299.610 304.650
304.740 306.870
306.960 308.250
308.460 313.080
313.110 316.320
316.650 317.910
317.910 319.980
319.980 322.110
322.140 324.030
324.030 326.130
326.220 328.890
329.010 330.480
330.480 334.620
334.710 340.410
340.410 344.220
344.220 345.360
345.480 347.340
347.700 351.120
351.360 353.820
353.820 355.200
355.290 356.100
356.880 359.880
360.060 361.290
361.440 362.670
362.790 363.840
364.110 367.200
367.200 369.270
369.330 371.100
371.400 372.090
372.300 378.390
378.780 379.440
379.710 381.840
382.770 383.880
384.810 385.680
386.460 387.090
455.850 461.280
461.310 462.450
462.450 464.970
464.970 468.060
468.630 469.950
469.950 473.370
473.580 475.470
475.470 476.100
