0.000 6.090
12.870 13.530
13.530 17.370
17.460 20.100
21.720 24.330
24.750 26.610
27.210 29.940
30.270 32.700
32.700 35.250
36.150 38.580
38.790 40.920
41.160 43.770
44.580 46.860
46.860 47.760
48.000 49.650
50.250 50.850
51.000 52.170
53.040 54.570
54.810 57.300
57.300 58.410
58.500 60.210
60.660 65.490
66.030 66.720
67.380 68.970
69.000 72.480
73.170 75.630
76.080 76.740
77.550 79.290
79.650 83.940
84.330 87.450
87.690 89.670
89.820 90.750
92.220 92.820
92.820 94.980
95.790 96.540
96.900 97.830
97.860 99.510
99.960 103.080
103.800 104.820
105.180 107.220
107.220 108.300
108.480 110.250
110.520 111.570
111.570 112.770
113.250 115.320
115.680 117.090
117.210 118.500
119.430 120.570
121.590 122.190
122.910 124.500
125.070 126.000
126.000 126.600
126.600 127.380
128.580 131.790
132.300 133.020
133.530 134.910
135.540 136.260
136.650 138.180
138.510 139.740
139.920 142.020
143.100 145.170
145.680 147.900
148.140 148.950
149.070 151.650
151.680 153.360
154.740 156.090
156.330 156.990
157.500 159.120
159.810 160.770
162.960 163.560
163.920 165.600
165.720 166.890
170.220 171.390
172.020 172.950
173.190 174.420
174.840 176.340
176.340 178.530
179.100 181.560
182.910 184.680
185.250 189.120
189.870 191.670
191.940 193.440
194.880 197.460
198.360 198.960
200.640 201.300
201.450 203.280
206.010 207.060
207.360 208.170
209.730 212.490
212.520 213.870
213.990 214.830
215.130 216.060
216.510 217.920
218.250 219.000
219.420 220.680
222.180 224.550
224.820 226.230
226.500 227.730
228.300 229.500
229.620 232.560
233.580 236.040
236.730 237.930
239.520 244.470
246.750 248.100
251.940 253.050
253.350 253.950
254.310 254.910
255.690 256.800
257.790 259.830
261.240 262.380
263.910 264.810
264.990 265.620
266.250 267.480
268.710 269.490
269.580 270.330
270.690 271.890
272.460 273.510
274.260 276.240
277.350 277.950
280.440 281.430
281.430 282.600
286.020 286.770
286.920 287.700
287.940 288.810
288.810 289.680
289.680 290.880
292.080 293.010
293.940 294.540
295.170 295.890
297.180 297.810
298.200 298.800
299.790 301.020
301.410 303.600
304.050 304.950
306.420 307.440
308.490 309.180
309.510 310.590
310.710 311.430
313.350 314.760
315.900 317.160
317.370 318.900
319.380 319.980
323.100 324.720
325.080 326.190
326.190 328.560
328.560 330.510
330.960 331.710
333.150 334.260
335.430 336.480
337.200 337.980
338.460 340.560
340.890 341.700
342.330 344.100
345.210 347.460
347.460 348.960
349.290 351.720
351.900 353.940
354.720 357.600
358.350 359.340
359.460 360.540
360.900 361.800
362.010 365.670
366.390 368.430
368.700 371.130
371.400 372.000
372.240 373.440
373.590 374.370
374.760 376.320
376.590 377.370
377.670 378.420
378.600 379.410
379.560 380.970
381.150 383.280
384.810 385.590
385.950 388.290
388.290 389.280
390.300 391.350
391.890 393.930
394.290 395.370
397.680 398.940
398.940 401.130
401.130 404.250
406.380 407.850
408.510 411.390
411.630 412.860
413.100 413.850
413.850 416.160
416.430 418.410
423.150 423.750
