0.090 18.210
18.240 21.090
21.150 24.900
24.900 26.670
26.940 33.360
33.660 34.650
34.650 38.580
38.580 50.880
51.210 57.600
57.780 62.400
62.400 65.100
65.430 69.660
69.660 71.490
71.490 78.240
78.240 82.470
82.650 83.580
83.580 89.250
89.280 91.920
92.190 99.180
100.980 105.000
105.000 106.680
106.710 108.510
108.570 111.900
111.900 121.380
121.950 123.420
123.780 125.820
125.880 127.230
127.230 129.360
129.690 132.840
133.110 135.600
135.630 136.770
136.920 141.720
141.960 143.760
143.790 148.800
148.800 150.930
151.200 159.090
159.270 167.250
167.250 169.470
169.710 172.200
172.260 175.320
175.530 177.180
177.210 178.380
178.380 181.020
181.020 183.690
183.690 186.060
186.300 187.980
187.980 190.200
190.200 190.890
190.890 192.990
193.230 196.500
196.560 199.050
199.050 200.100
200.190 201.570
201.600 202.620
203.460 204.570
204.600 210.000
210.390 214.230
214.320 218.550
218.910 223.800
223.860 226.800
227.550 228.330
228.600 230.130
230.460 232.290
232.590 236.940
237.570 239.760
239.760 241.410
241.620 245.070
245.130 247.980
248.640 251.460
252.840 253.470
253.830 257.040
257.550 261.540
261.750 263.250
263.280 263.880
264.090 265.590
266.940 268.560
268.650 271.500
271.770 274.260
275.130 280.320
280.380 283.440
283.650 284.490
284.490 286.110
286.620 287.490
287.490 288.600
289.170 291.870
292.200 293.790
294.390 295.500
297.090 297.780
297.930 298.590
298.740 302.610
303.750 305.430
307.050 307.800
307.890 314.130
314.310 318.240
318.300 320.820
321.210 324.540
325.500 331.380
332.250 335.370
335.460 337.080
337.560 339.270
339.450 341.160
341.220 343.680
344.130 346.140
346.350 347.760
347.820 351.750
351.900 353.220
353.220 355.290
355.560 357.270
357.360 360.960
361.320 363.090
363.630 365.760
366.000 367.110
367.380 368.640
368.820 370.290
370.290 371.760
372.360 376.380
376.410 378.210
378.300 379.980
380.340 381.660
381.960 383.340
383.640 384.990
384.990 387.480
387.990 388.860
388.860 395.460
395.880 397.110
397.110 398.820
399.000 400.080
400.080 401.640
402.450 404.670
405.960 408.540
408.870 409.680
410.130 411.210
411.510 414.330
414.390 415.710
417.420 419.100
419.430 421.260
422.520 425.850
425.850 427.740
428.280 429.420
430.890 431.550
432.210 433.380
436.080 437.040
437.040 438.810
439.320 440.160
440.160 442.410
442.590 443.820
444.240 445.080
445.290 446.190
446.730 447.960
448.830 449.460
449.460 454.230
454.380 455.520
455.520 456.990
457.620 458.760
459.000 459.720
459.720 461.310
461.880 462.780
462.990 464.010
464.010 465.300
465.960 467.340
467.670 468.990
469.290 469.890
469.980 471.840
471.900 472.980
472.980 475.380
476.160 478.470
479.610 481.080
483.420 484.830
485.220 486.780
486.990 487.980
488.430 489.540
491.310 491.970
492.030 493.320
494.160 495.060
495.510 496.380
497.790 498.810
499.170 500.310
501.510 502.290
504.030 505.140
506.610 508.620
508.620 509.550
510.390 511.410
515.100 516.150
516.600 517.740
519.060 520.200
521.550 522.450
523.410 524.040
524.400 525.660
526.710 527.520
528.630 529.620
530.100 531.090
531.810 532.710
