0.240 29.790
29.790 46.650
46.650 49.290
49.290 51.570
51.720 74.310
74.310 78.060
78.060 79.980
79.980 82.950
82.950 90.570
90.570 96.600
96.600 104.070
104.070 105.960
106.080 110.280
110.460 120.870
121.020 123.540
123.690 127.890
127.890 133.080
133.080 140.850
140.850 155.250
158.760 160.230
160.230 161.640
161.640 164.520
164.520 166.620
166.620 168.120
168.120 170.100
170.370 173.940
173.940 176.790
176.820 178.830
178.890 180.450
180.450 183.450
183.540 186.900
186.960 188.040
188.100 190.410
190.410 192.810
192.870 200.910
201.150 202.410
202.470 207.300
207.300 209.940
209.940 212.670
212.760 217.800
217.800 220.410
220.410 221.850
221.910 223.830
224.010 228.750
228.750 233.700
233.700 234.810
234.810 238.530
238.590 241.770
241.920 244.590
244.590 247.530
247.650 251.760
251.760 254.880
254.880 257.040
257.040 261.240
261.240 266.610
266.610 270.390
270.390 272.400
272.670 273.270
276.840 286.140
286.140 342.600
342.600 450.930
