0.060 19.650
19.770 21.330
21.450 24.150
24.570 28.140
28.320 29.970
30.060 33.780
33.870 35.730
36.330 42.600
42.900 46.980
46.980 52.230
52.410 58.290
58.290 63.150
63.150 64.290
64.890 65.820
65.820 68.130
68.310 69.090
69.210 73.470
73.470 74.820
74.970 77.010
77.010 79.410
79.800 81.090
81.450 86.160
86.550 87.540
87.540 93.930
95.790 98.910
98.970 102.240
102.630 104.730
104.730 105.570
105.630 110.820
110.820 114.870
114.870 116.760
116.940 118.890
118.890 121.620
122.070 123.030
123.030 124.230
124.230 128.580
128.970 132.030
132.030 135.210
135.660 140.280
140.550 143.370
143.850 146.100
146.760 150.000
150.060 151.980
152.190 153.360
153.570 156.600
156.630 160.530
160.530 164.460
164.670 165.750
165.750 168.990
169.230 170.070
170.070 172.560
172.560 175.770
175.860 177.240
177.240 178.440
178.530 179.220
179.580 180.990
181.410 185.970
186.150 189.570
189.930 193.440
193.440 197.850
197.850 200.280
200.700 201.630
201.660 204.420
204.510 207.480
207.570 209.850
210.030 211.530
211.800 215.670
215.670 220.890
220.890 224.130
224.130 227.220
227.430 230.070
230.190 232.650
232.680 234.960
234.990 236.520
236.520 238.740
239.010 241.830
241.830 243.990
243.990 245.670
245.730 247.440
247.590 249.090
251.280 252.300
252.450 254.490
254.760 255.690
256.890 257.490
258.570 261.270
261.300 262.440
262.830 263.430
263.430 264.120
264.120 266.190
267.120 268.380
271.050 272.160
274.590 275.340
276.420 277.050
278.220 280.350
280.350 282.150
286.530 287.520
287.520 288.120
288.750 290.310
293.460 294.060
294.690 295.620
297.030 297.630
298.380 298.980
301.260 302.640
304.320 305.520
305.550 306.960
309.090 311.700
312.270 316.680
316.710 317.820
317.820 321.480
321.480 322.230
322.290 325.980
325.980 328.200
328.200 332.070
332.070 333.150
333.150 341.100
