0.000 6.030
13.350 13.980
13.980 17.970
18.060 20.790
20.790 21.570
21.630 23.340
23.340 25.050
25.140 27.390
27.750 28.680
28.830 30.270
30.480 31.470
31.470 33.900
33.960 35.100
35.100 38.040
38.190 42.660
42.690 43.500
43.680 45.240
45.510 47.790
47.880 50.070
50.220 52.170
52.170 54.000
54.510 61.260
61.680 65.460
65.940 69.870
70.020 70.800
70.950 72.750
72.750 78.180
78.510 79.920
79.920 81.090
81.900 84.990
85.200 87.570
88.860 89.640
89.640 93.180
93.270 94.290
94.560 98.400
99.570 101.010
102.090 104.250
104.310 107.280
107.760 112.710
113.070 114.840
115.080 115.920
116.370 118.830
119.100 120.300
120.600 122.100
122.130 123.510
123.840 130.050
130.470 132.360
133.260 134.040
134.400 138.600
139.860 141.570
141.570 143.070
143.520 147.810
148.080 149.010
149.010 151.290
151.500 155.910
156.210 157.410
157.590 159.780
159.870 162.930
163.470 167.400
167.670 169.230
169.380 170.880
170.940 172.260
172.890 175.260
175.890 179.820
180.270 182.250
182.490 189.330
190.170 191.970
192.240 195.420
195.840 196.710
196.710 197.310
197.460 198.810
199.170 200.010
200.760 201.780
202.320 203.580
203.640 204.600
205.320 206.670
206.670 208.020
208.740 211.020
211.230 213.600
214.080 215.850
216.030 219.060
220.320 221.640
222.900 226.650
226.770 229.770
230.460 232.230
232.230 233.910
234.870 235.620
235.950 238.320
238.500 240.030
240.660 242.610
243.210 245.490
245.610 247.590
248.100 251.190
252.210 254.370
254.670 256.350
257.430 258.960
259.140 262.830
263.070 267.180
267.420 268.800
268.980 272.820
273.180 277.170
277.290 278.040
278.160 279.360
280.020 280.710
280.950 281.970
282.780 286.320
286.410 287.370
287.880 290.130
290.850 295.110
295.920 298.200
298.590 302.130
302.640 304.260
304.860 305.460
305.460 306.810
307.470 308.880
309.390 312.750
312.750 313.920
314.250 317.550
317.790 319.740
319.770 322.800
323.190 324.600
324.750 327.390
329.340 330.870
331.230 332.220
332.700 334.020
334.350 336.150
336.240 337.020
338.850 339.930
340.320 342.660
342.780 344.820
345.240 347.550
347.610 349.050
349.560 351.330
351.690 357.270
357.510 360.930
361.050 361.860
362.220 365.310
365.490 366.150
366.210 366.960
366.960 367.560
367.860 369.480
369.870 371.130
371.640 372.510
372.810 377.490
377.490 381.090
381.270 383.160
384.150 385.080
385.080 386.130
386.460 388.290
388.290 388.950
389.010 389.910
391.260 391.950
392.010 394.410
394.410 396.450
396.540 397.830
398.310 400.230
400.620 401.610
402.120 402.870
403.050 405.270
405.900 407.280
407.280 411.270
411.720 414.210
414.270 415.140
415.260 416.790
417.270 418.980
419.040 420.720
420.810 424.080
424.110 426.030
426.330 427.710
429.030 430.080
430.590 432.630
432.690 433.470
434.970 435.870
436.410 438.750
439.440 440.220
440.220 441.270
441.900 443.850
444.330 446.670
447.360 448.200
448.650 449.670
451.020 457.590
458.400 459.720
459.750 461.520
462.120 463.710
463.950 468.420
468.780 470.430
471.090 473.520
473.910 476.280
476.700 482.820
483.150 486.150
487.230 489.480
489.960 491.910
491.910 492.720
493.020 494.940
495.330 496.140
496.710 504.600
504.750 506.700
507.060 507.870
508.710 509.490
509.520 512.880
512.940 519.660
520.290 523.560
523.830 528.840
529.260 531.240
531.480 532.740
533.280 534.330
534.330 538.260
539.490 542.220
542.400 543.120
543.840 545.910
546.930 548.910
549.150 551.040
551.040 555.810
556.050 559.020
559.020 561.960
563.040 564.210
564.870 566.820
566.880 574.230
574.590 576.810
577.020 578.340
578.520 579.720
580.440 583.170
583.410 585.990
586.320 588.720
589.080 590.430
590.430 591.750
591.870 595.800
596.190 597.240
598.080 600.510
600.900 602.220
602.310 605.430
606.420 609.630
609.630 611.700
612.210 612.990
613.770 617.070
617.490 621.240
621.300 621.960
622.440 623.970
624.510 626.670
626.910 628.170
628.980 630.420
630.690 632.550
632.850 634.440
634.830 636.570
637.110 638.580
638.820 639.540
640.590 641.850
641.850 644.070
644.100 644.700
645.420 646.560
646.560 647.220
647.700 651.630
652.560 654.330
654.510 655.560
655.560 656.880
657.540 659.400
660.030 661.050
661.740 662.520
662.640 664.230
664.650 665.910
666.720 668.640
669.390 671.340
672.000 674.880
675.210 677.010
677.850 678.450
