0.270 11.580
11.610 17.550
17.730 22.140
22.290 25.800
25.800 27.420
27.720 29.340
29.580 32.970
33.090 33.930
34.140 35.370
35.970 37.620
37.710 39.090
39.360 40.710
40.830 42.150
43.440 45.450
45.810 47.700
47.880 48.990
49.590 52.890
52.950 53.970
54.090 57.330
57.330 61.290
61.470 65.850
66.420 67.290
68.220 69.750
70.350 72.180
72.570 73.440
73.620 75.780
76.860 78.000
78.480 79.590
80.910 82.110
82.110 84.540
85.650 89.400
90.180 92.550
92.790 94.230
96.750 97.650
97.830 101.130
102.690 105.540
105.540 110.280
110.280 112.320
113.880 116.460
116.460 118.080
118.200 120.780
120.780 121.770
122.250 125.340
126.090 127.800
127.800 131.220
131.820 133.380
133.650 134.910
135.090 135.930
136.260 140.940
140.940 141.990
142.050 143.370
143.610 145.170
146.490 149.610
150.330 152.610
152.820 153.870
154.170 156.060
157.020 158.430
158.970 162.480
162.480 164.130
164.400 165.900
166.350 167.700
167.700 169.380
169.380 171.330
172.080 174.150
174.180 175.260
175.440 177.030
178.290 179.400
181.980 182.820
183.120 185.010
185.850 186.600
188.130 189.720
189.900 191.940
193.020 195.420
196.170 196.800
197.220 202.080
202.170 204.510
