0.000 7.890
7.890 12.510
12.690 18.840
19.080 20.970
21.030 24.360
24.930 27.660
28.170 28.860
29.100 35.790
36.000 41.160
41.550 44.280
44.310 45.510
45.660 49.470
49.470 51.720
51.810 53.880
54.510 58.710
59.220 60.270
60.330 62.460
62.580 65.970
65.970 69.270
69.270 70.020
70.500 72.300
72.360 76.770
77.280 78.900
78.960 80.760
80.910 82.830
82.830 84.630
84.630 85.680
85.920 88.860
89.160 91.170
91.200 93.540
93.960 94.560
94.950 98.850
99.210 100.920
101.160 104.760
105.000 106.950
107.010 110.340
110.580 112.710
112.770 114.630
114.630 118.590
119.730 124.620
125.340 130.110
130.740 131.430
131.640 134.520
134.640 139.500
139.920 141.660
142.020 142.860
142.950 145.230
145.590 147.210
147.570 149.610
150.030 152.700
152.790 155.700
155.880 159.270
159.300 159.990
160.080 161.910
162.000 163.710
164.160 165.030
165.480 166.620
166.680 167.910
168.330 169.560
169.620 170.580
171.060 172.110
172.590 176.700
177.150 178.650
178.830 180.180
180.600 182.070
182.400 183.270
184.740 187.020
187.140 189.060
189.210 191.010
191.010 192.390
192.960 193.890
194.130 195.360
195.450 196.590
196.740 197.700
197.880 198.630
198.750 201.240
201.330 202.590
202.680 207.240
207.840 208.440
208.500 209.490
209.490 211.110
212.190 213.210
216.660 218.100
218.610 219.360
220.140 221.880
222.750 223.560
224.370 226.770
226.770 228.450
228.780 230.010
230.010 230.760
230.940 232.560
233.100 233.910
233.910 236.160
237.420 238.140
238.470 239.070
239.130 240.270
242.340 243.600
243.690 244.800
245.130 246.060
246.210 246.810
246.840 247.830
248.430 250.560
250.710 251.310
253.590 254.370
254.490 255.180
255.510 256.110
256.560 257.160
257.340 258.750
258.840 259.590
259.860 261.390
261.390 262.350
262.470 264.270
264.480 265.170
265.590 266.340
266.880 268.320
268.620 269.790
270.420 272.160
272.460 273.060
273.270 274.440
274.920 275.730
276.390 277.590
278.880 280.200
280.230 281.460
281.670 282.900
283.260 284.520
285.840 287.040
288.840 289.860
291.960 292.980
294.870 295.470
295.770 296.940
297.030 297.930
301.530 303.090
303.420 304.260
305.190 305.910
306.000 306.660
306.900 307.500
307.860 308.610
308.610 309.360
309.690 310.590
311.010 312.090
313.200 313.890
317.460 318.360
320.850 322.920
323.670 324.270
324.450 325.470
326.850 327.450
327.930 329.340
329.490 330.090
331.230 333.060
333.540 334.260
334.410 337.710
340.620 342.390
343.500 344.940
346.080 346.980
347.580 348.360
348.780 349.410
352.020 354.210
355.050 356.280
358.350 358.950
359.340 360.450
361.080 361.680
362.430 363.540
365.310 366.120
367.980 369.420
371.070 372.180
373.380 374.550
376.350 378.030
379.770 381.090
381.150 381.990
383.160 384.420
385.800 387.030
387.540 388.440
392.550 393.150
393.300 393.900
394.200 395.310
395.820 396.450
396.450 397.050
397.950 398.730
399.690 400.560
403.980 405.120
