0.180 8.520
9.270 10.050
10.140 11.400
11.970 15.300
15.330 16.380
16.650 18.420
18.630 22.230
22.230 23.370
23.370 24.870
25.650 26.490
26.490 29.520
29.640 32.610
33.780 35.970
36.060 38.370
38.610 41.670
43.560 44.730
44.730 46.230
46.230 47.850
49.260 51.180
51.270 52.650
52.650 54.510
54.780 58.050
58.530 60.300
60.360 63.030
63.030 64.590
64.650 65.310
65.430 73.410
74.340 75.510
75.510 77.610
77.610 79.380
80.340 82.380
82.380 85.590
86.700 89.760
89.760 92.130
92.220 94.320
94.320 95.790
97.230 102.750
103.290 105.990
108.090 111.540
111.540 113.640
114.990 117.270
117.420 120.960
121.620 123.420
123.570 125.070
125.190 126.840
127.590 130.080
130.140 132.090
132.720 135.210
135.210 136.560
136.680 138.630
