0.000 9.360
9.360 10.590
10.590 17.730
18.270 20.700
20.880 25.800
25.800 35.790
35.940 40.260
40.320 43.380
43.620 49.710
50.040 55.380
55.590 58.380
58.800 61.380
61.500 64.800
64.800 67.770
68.370 72.630
72.660 75.210
75.210 77.190
77.190 78.960
79.470 81.750
81.870 85.800
86.280 88.410
88.560 92.640
93.090 95.460
95.730 98.070
98.220 102.600
102.870 107.730
107.730 110.640
111.330 113.400
113.400 116.700
116.850 118.890
118.890 120.300
120.300 122.550
122.550 125.850
125.880 131.820
131.910 133.560
133.560 135.750
135.750 138.780
138.870 142.470
142.470 144.090
144.330 146.850
146.850 150.120
150.300 155.190
155.190 157.890
157.890 159.810
159.810 163.470
163.470 167.370
167.370 171.240
171.390 174.930
175.350 176.700
176.700 181.230
181.650 183.810
183.960 186.030
186.240 191.460
191.520 193.290
193.410 199.500
199.800 201.180
201.180 206.160
206.250 209.310
209.580 212.460
212.580 216.300
216.810 220.500
220.500 222.240
222.390 225.210
225.360 228.870
229.320 235.380
