0.000 9.060
9.240 11.670
12.240 16.860
17.430 19.230
19.620 20.820
20.820 22.680
22.860 24.030
24.720 25.920
25.920 27.240
27.900 28.980
28.980 29.880
31.110 33.930
35.190 38.280
39.630 41.280
41.610 43.080
43.500 44.550
44.670 46.170
46.500 48.030
49.920 51.090
51.120 52.470
54.000 55.590
56.340 57.240
57.240 59.970
60.870 63.390
64.110 65.190
65.940 68.190
68.880 70.500
71.310 73.710
75.180 77.850
78.120 78.720
79.260 82.110
82.440 84.240
84.480 87.510
87.780 91.620
92.640 94.830
95.070 95.790
96.360 98.430
98.910 100.110
101.040 103.170
103.950 106.470
106.470 108.540
108.990 110.160
110.490 112.800
113.400 114.630
114.780 116.520
117.390 119.640
120.060 120.900
121.320 123.270
123.390 124.080
124.080 125.490
125.850 129.450
129.690 132.660
132.870 134.130
134.250 135.210
135.390 138.450
139.800 142.110
142.500 144.060
144.540 146.220
146.400 147.720
148.320 150.090
151.590 152.670
153.390 156.660
157.050 157.710
158.700 159.450
159.930 161.520
161.880 163.470
164.250 165.390
165.570 170.310
170.790 171.960
172.230 175.140
175.140 176.880
177.030 179.490
179.640 180.540
180.600 181.650
183.090 188.520
189.150 193.800
193.890 195.510
195.930 197.070
197.070 197.910
198.630 200.190
200.280 201.840
201.900 203.340
203.460 205.050
205.380 205.980
206.100 207.660
207.660 211.230
211.980 212.790
213.090 215.010
215.610 219.930
220.200 222.150
222.270 223.440
224.070 225.240
225.300 232.950
233.760 236.190
236.610 237.510
237.540 238.140
238.140 239.340
239.370 241.740
241.920 244.950
245.070 247.650
248.190 249.630
249.720 251.520
251.760 253.080
253.290 254.970
255.030 256.590
257.160 261.900
261.900 264.360
264.930 267.420
267.420 268.860
269.040 271.860
272.040 273.270
273.480 275.220
275.940 278.970
279.330 280.260
281.130 285.120
285.150 286.440
286.440 287.280
287.280 289.200
289.200 292.560
292.560 293.850
293.850 296.220
296.280 298.710
299.460 301.200
301.230 301.830
303.180 304.590
304.830 307.530
307.530 309.270
309.660 311.760
311.760 312.960
313.800 317.100
317.820 320.310
320.670 328.140
328.290 329.130
329.370 333.330
333.360 337.650
337.740 338.640
339.150 340.410
340.500 341.730
341.790 343.290
343.830 346.710
347.760 349.080
350.400 354.300
354.480 356.070
356.430 357.810
357.810 358.620
359.160 360.510
362.190 363.330
365.340 366.270
366.270 369.690
370.650 372.330
372.420 374.400
375.060 375.660
375.990 377.520
378.090 378.810
379.470 383.220
383.370 385.440
386.070 388.440
389.190 391.800
392.280 394.440
394.950 396.420
396.750 398.310
398.760 399.840
400.200 402.270
402.720 406.770
406.920 410.340
410.340 411.450
411.450 412.620
412.620 413.640
413.790 414.600
416.520 418.980
418.980 420.360
420.720 422.850
423.360 423.960
424.320 428.340
428.430 431.790
431.790 432.960
432.960 434.070
434.220 437.580
437.730 439.650
440.130 442.440
442.620 446.790
447.210 448.470
448.740 454.500
454.680 456.300
456.450 461.310
461.520 463.320
463.740 465.210
465.210 467.070
467.070 467.910
467.970 469.590
470.010 471.150
471.630 473.310
473.310 476.340
476.550 478.080
478.500 479.460
479.460 480.300
480.540 483.660
484.800 491.160
491.430 495.750
496.410 499.290
499.440 500.550
500.910 502.320
502.350 504.060
504.060 505.350
505.470 507.000
507.090 510.690
510.840 512.070
512.070 513.480
513.630 514.650
514.800 515.790
516.210 518.430
519.510 521.640
521.670 522.390
522.390 529.410
530.100 534.060
534.480 537.630
539.250 542.130
542.130 548.820
549.210 552.720
552.840 555.540
555.540 556.320
556.830 557.520
557.610 560.220
560.880 563.820
564.300 568.590
568.770 570.750
570.750 572.010
572.130 576.600
576.840 578.490
578.490 579.990
582.600 584.160
586.410 588.570
588.630 589.950
590.310 592.200
592.200 593.940
593.940 596.160
596.490 600.360
600.630 602.160
603.210 605.220
605.400 607.260
607.320 608.250
608.250 608.970
609.000 611.220
611.550 613.110
614.190 618.060
618.300 619.890
620.850 622.380
622.680 623.910
623.910 624.990
625.920 627.780
628.530 630.240
630.360 631.680
631.920 635.010
635.010 636.270
637.320 639.150
639.540 641.190
641.370 642.120
642.120 644.340
644.850 646.260
646.620 648.330
648.660 649.560
649.560 651.600
651.660 653.430
654.660 657.750
658.110 659.190
659.940 662.640
662.910 666.270
667.290 668.400
668.670 669.600
670.590 676.860
677.310 682.710
682.770 686.880
687.420 688.770
689.670 693.120
693.270 695.250
695.250 699.510
700.110 703.770
704.190 705.360
705.570 706.800
706.800 708.510
709.020 712.590
713.250 714.120
714.270 715.260
715.350 716.520
717.060 718.500
718.590 719.430
719.850 720.930
720.990 722.820
723.120 724.680
725.220 726.120
726.840 728.880
728.880 730.740
731.340 733.200
733.200 734.580
735.660 738.360
738.540 744.990
744.990 745.590
746.220 749.190
749.760 752.940
753.270 753.930
754.140 755.310
755.310 758.160
758.490 759.930
760.020 761.010
761.190 762.600
763.260 764.910
765.780 767.910
768.150 769.560
770.460 774.540
776.340 781.020
781.620 784.980
786.510 788.970
789.390 790.500
790.740 791.940
791.940 794.430
794.970 799.350
799.350 805.770
806.790 809.550
809.940 810.600
810.750 813.090
813.390 815.010
815.580 816.990
817.320 819.390
819.600 821.250
821.490 822.810
823.200 824.550
825.090 827.040
827.040 828.540
828.930 830.310
830.520 831.120
832.440 835.230
835.830 836.850
837.180 838.890
838.950 842.550
842.550 844.800
846.030 849.240
849.720 850.320
850.440 851.910
852.030 852.930
852.930 855.060
855.060 856.230
856.500 857.100
857.610 858.690
858.690 859.290
861.450 865.590
866.880 869.010
869.280 870.660
870.900 872.820
872.820 873.900
875.070 876.600
877.140 877.920
877.920 879.180
879.480 881.370
882.060 884.460
884.760 886.560
886.560 888.300
888.990 891.270
891.810 893.040
893.490 894.780
895.020 897.300
897.450 898.290
898.890 899.640
900.060 900.990
901.140 902.070
902.250 902.940
904.950 905.970
906.270 909.240
909.780 911.430
912.390 914.190
914.190 916.740
916.740 917.400
917.790 920.640
920.640 921.930
922.410 924.510
924.900 926.130
927.030 928.590
928.860 931.890
931.890 933.150
933.780 934.980
935.340 937.080
937.410 938.550
938.760 941.460
942.450 943.260
943.800 944.820
945.060 948.060
948.540 950.910
950.910 952.020
952.020 953.460
953.460 956.160
956.250 957.270
957.450 960.840
961.320 962.400
962.400 964.170
964.170 967.080
967.230 968.910
969.180 971.640
972.210 976.770
977.070 977.820
978.300 980.430
980.670 981.630
981.690 982.320
982.560 983.880
983.880 985.680
986.790 988.230
988.500 991.080
991.770 992.790
992.850 996.360
996.720 997.830
997.950 999.840
1000.560 1001.160
1001.160 1002.240
1002.690 1003.560
1003.590 1004.580
1004.910 1005.960
1006.050 1007.280
1008.090 1012.140
1012.290 1014.300
1014.840 1016.190
1016.760 1018.320
1020.480 1023.540
1024.050 1026.300
1026.930 1029.900
1030.560 1031.640
1031.850 1033.470
1034.010 1036.230
1036.260 1037.550
1038.210 1040.460
1040.460 1041.630
1041.750 1044.930
1045.710 1047.450
1047.510 1048.530
1048.620 1051.080
1051.860 1053.690
1053.690 1054.860
1055.070 1056.660
1056.840 1060.170
1060.620 1061.880
1062.150 1063.440
1063.500 1064.400
1064.520 1067.070
1067.790 1069.710
1069.890 1074.090
1074.120 1075.710
1076.160 1080.300
1080.570 1083.480
1084.230 1085.970
1086.480 1088.280
1089.300 1092.270
1092.270 1093.170
1093.350 1096.260
1096.680 1099.500
1100.310 1103.790
1104.300 1105.560
1105.560 1107.120
1107.930 1110.870
1112.040 1114.350
1115.490 1117.410
1117.650 1118.550
1118.970 1121.160
1121.520 1123.830
1124.220 1126.110
1126.440 1127.250
1127.370 1128.840
1128.840 1129.620
1129.770 1131.750
1132.050 1132.710
1132.980 1134.240
1135.140 1136.280
1136.490 1137.360
1137.600 1139.190
1139.340 1140.330
1140.480 1141.860
1141.890 1142.850
1143.060 1144.380
1144.650 1145.460
1145.490 1147.920
1148.340 1151.910
1153.290 1156.530
1156.770 1160.220
1160.490 1161.360
1161.840 1166.430
1167.240 1168.650
1169.760 1174.560
1174.560 1175.760
1176.990 1184.160
