0.060 8.520
8.790 9.480
9.540 12.810
12.870 16.230
16.530 18.330
18.360 21.840
22.050 26.250
27.150 29.700
30.240 32.850
33.120 38.220
38.550 41.700
41.730 46.440
46.470 48.150
48.720 50.340
50.610 53.550
53.790 57.540
57.780 60.270
60.750 63.000
63.060 66.780
67.380 71.700
71.790 75.660
75.810 81.120
81.450 84.930
84.930 88.110
88.290 93.780
93.780 96.240
96.420 98.130
98.160 102.060
102.210 104.010
104.310 106.650
106.710 109.020
109.260 113.250
113.340 115.290
116.070 117.810
117.810 119.310
119.520 121.380
121.380 123.750
123.750 125.610
125.610 126.840
127.440 130.560
130.560 133.020
133.560 135.450
135.450 136.200
136.380 139.050
139.560 142.260
142.770 145.260
145.260 146.370
146.370 149.250
149.310 152.250
152.820 156.240
156.360 158.040
