0.060 8.520
8.940 19.890
19.920 31.800
31.800 35.010
35.100 37.080
37.080 42.000
42.540 43.470
43.500 48.000
48.240 51.930
51.930 57.720
58.050 62.700
62.730 63.570
63.870 70.260
71.700 74.700
74.850 80.160
80.370 81.210
81.210 90.690
90.840 92.160
92.220 94.830
94.830 96.510
96.720 97.650
97.830 101.760
101.760 103.830
104.160 106.560
106.560 111.960
112.320 117.240
117.540 119.550
120.060 121.620
121.680 122.700
122.700 123.390
124.500 130.740
135.420 136.230
136.830 138.180
138.870 139.860
139.950 142.620
142.710 145.320
145.800 149.220
149.220 153.300
153.420 155.640
155.640 157.230
157.710 161.190
162.060 162.870
163.860 168.300
168.360 170.490
170.490 173.580
175.320 179.310
179.310 183.390
183.390 184.830
185.370 189.690
189.960 192.390
192.690 196.500
196.650 205.650
205.980 210.210
210.210 210.840
211.020 212.550
213.210 213.930
214.560 216.000
216.510 219.510
219.930 221.190
221.760 222.750
223.020 224.760
225.000 227.940
228.060 231.930
232.140 234.180
234.840 236.970
237.330 239.250
240.000 240.780
240.780 241.980
242.460 243.660
243.930 245.940
246.150 247.350
248.010 249.630
249.630 250.380
250.590 253.530
253.860 255.030
255.120 256.050
256.500 261.780
262.620 265.500
266.910 267.810
267.960 268.770
269.040 273.060
273.210 278.790
278.880 280.110
280.110 281.490
286.200 287.460
287.670 288.540
288.990 290.100
290.370 291.750
291.810 296.640
296.880 298.260
298.260 299.160
299.250 302.700
303.120 308.730
308.940 310.440
311.430 312.240
312.420 315.690
316.110 317.010
317.040 318.630
318.960 319.830
321.060 322.350
322.410 325.500
325.590 327.120
327.210 328.350
328.560 329.280
329.280 330.120
330.180 332.550
332.550 334.800
335.550 337.800
338.550 339.420
340.290 341.070
341.880 343.050
343.470 346.920
347.040 352.050
352.050 355.260
355.320 355.980
356.370 358.200
358.320 359.760
360.090 362.490
362.670 363.360
363.420 365.010
365.490 366.540
366.840 369.120
369.150 370.200
371.340 372.360
372.600 373.920
373.980 374.610
374.610 375.780
375.870 379.170
379.770 381.060
381.510 382.440
382.860 383.730
390.210 391.020
391.860 392.910
394.080 395.460
395.790 396.960
397.980 400.350
400.680 402.630
408.780 409.770
409.860 411.630
414.300 416.070
417.270 418.740
418.800 419.790
420.630 421.830
422.010 423.120
423.660 424.530
425.130 426.660
427.620 428.940
429.990 430.830
433.140 434.190
439.350 440.460
440.670 441.540
442.920 445.380
445.470 446.310
446.580 447.630
448.860 449.670
450.210 451.080
451.860 452.520
452.520 453.300
