0.060 8.520
8.610 9.360
9.960 10.890
10.890 14.610
14.760 15.840
15.930 17.340
17.550 20.340
21.120 24.000
25.020 26.190
26.220 29.490
29.610 33.390
33.840 36.960
38.250 41.010
41.010 44.130
44.310 47.310
47.700 49.080
50.190 50.790
50.790 53.220
53.250 54.330
54.330 55.560
55.620 56.460
57.390 59.970
59.970 62.520
62.730 65.910
66.480 67.920
67.920 69.900
71.250 72.780
72.840 74.730
75.150 77.730
77.970 80.580
81.480 82.860
82.920 85.470
86.430 88.170
89.340 92.370
93.360 96.270
97.020 99.780
99.780 102.000
103.530 104.460
104.460 111.210
112.320 114.630
114.720 117.270
117.300 120.840
122.610 127.770
129.150 132.480
132.480 134.700
134.880 137.280
137.850 139.590
139.590 142.680
143.700 147.210
148.140 153.480
153.480 154.080
