0.000 6.180
9.780 55.980
56.040 62.970
62.970 67.380
67.920 73.770
73.800 77.010
77.640 80.580
80.670 82.950
82.950 89.730
89.730 95.250
95.250 96.480
96.480 97.080
97.650 108.240
108.510 111.450
111.450 115.110
115.560 116.970
117.060 121.740
122.250 136.680
137.010 149.100
149.100 158.250
158.760 161.100
161.220 162.270
162.300 167.280
167.310 173.160
173.370 176.970
177.180 186.840
187.290 188.160
188.160 191.280
191.280 199.260
199.260 204.420
204.450 245.580
245.580 255.510
255.540 256.470
256.470 267.000
267.150 270.060
270.060 272.970
