0.000 6.030
11.010 11.970
12.630 16.500
16.500 17.100
17.400 19.890
20.370 21.930
22.350 23.730
23.730 27.210
27.990 30.360
30.780 35.610
35.940 36.870
36.960 40.080
40.860 43.860
43.860 49.320
50.520 54.420
54.420 55.050
55.200 56.610
57.030 59.490
59.490 61.230
63.930 65.580
66.120 72.360
73.740 76.440
77.310 81.300
81.750 83.880
84.330 91.980
92.790 93.750
93.960 96.900
97.170 99.960
100.020 101.010
101.070 105.150
105.270 112.170
112.710 117.630
119.430 121.350
121.590 123.810
123.990 125.760
125.790 127.230
127.440 135.450
135.450 137.820
139.080 140.820
141.150 142.500
142.590 144.360
144.480 146.850
147.180 148.680
148.920 151.680
152.130 156.690
158.310 159.870
160.560 161.190
161.190 163.320
164.190 165.990
166.860 168.390
168.810 170.550
170.640 174.840
175.260 179.040
179.130 184.440
184.800 190.260
190.620 192.270
193.230 194.850
195.090 196.140
196.350 200.070
200.490 205.230
205.590 209.880
209.910 216.060
216.660 223.410
232.800 240.570
241.470 249.360
257.670 259.650
260.640 265.440
265.770 269.850
270.180 271.380
313.200 317.730
318.060 319.980
320.100 322.140
322.140 323.460
323.640 325.920
326.070 327.630
328.500 330.060
330.060 332.610
333.090 334.500
335.010 337.830
339.330 342.450
342.810 345.030
346.050 347.970
348.570 352.350
352.920 355.230
356.730 358.650
358.800 359.580
359.580 360.480
361.500 363.600
363.720 365.820
366.000 367.380
368.880 369.810
369.990 371.790
371.790 374.850
374.880 375.840
376.470 378.030
378.480 380.970
381.870 385.980
386.310 388.890
388.950 394.350
395.250 397.320
397.440 398.100
399.360 401.430
401.460 402.900
404.520 405.930
