0.000 6.180
11.070 11.850
11.850 12.540
13.110 15.660
15.810 22.530
22.530 26.460
26.970 29.970
30.900 33.840
34.950 38.160
38.160 44.760
44.760 46.440
46.560 52.110
52.290 56.220
56.730 59.730
59.760 62.580
62.790 63.780
64.260 66.750
67.050 70.320
70.350 75.390
76.050 78.060
78.480 105.300
105.900 107.040
107.160 120.210
120.210 125.790
125.790 126.660
126.840 129.240
129.240 129.930
129.930 132.360
133.740 135.810
135.840 136.440
136.620 139.290
139.290 180.540
180.540 188.040
188.040 188.820
188.820 193.170
193.890 195.900
195.900 196.950
197.310 212.100
212.100 219.540
219.900 231.780
231.930 235.860
235.860 238.470
238.530 253.320
253.590 279.780
279.870 295.350
295.350 299.880
300.480 301.080
301.320 306.480
306.480 309.300
309.300 320.670
322.410 325.170
325.170 326.370
326.400 328.500
329.670 334.470
334.680 337.530
337.620 342.780
343.260 346.530
346.530 352.530
353.580 354.240
354.240 358.350
358.560 363.120
363.120 375.000
375.090 383.550
383.610 393.000
393.030 396.990
397.770 401.100
401.160 410.400
410.460 411.270
413.970 416.580
416.940 418.380
419.280 426.420
426.570 436.230
436.230 439.380
439.380 442.680
443.190 447.120
447.120 456.420
456.420 459.660
459.810 461.760
461.760 470.670
470.880 484.590
484.770 495.690
495.690 496.410
496.410 497.250
497.340 506.040
506.040 506.850
507.390 508.170
508.710 514.620
514.650 517.770
518.370 521.400
521.760 549.990
549.990 553.530
554.010 564.750
564.750 572.400
572.400 576.630
576.990 590.640
590.640 591.720
592.410 593.160
593.580 594.900
596.430 602.130
602.580 603.390
603.570 606.540
607.380 608.280
608.550 609.240
609.390 610.020
610.170 612.720
612.810 615.570
615.570 620.910
621.360 623.250
623.250 624.810
627.180 629.070
630.810 631.410
