0.000 6.180
10.920 12.060
12.120 13.080
13.080 14.490
14.550 17.160
17.760 21.270
21.990 28.680
28.680 36.720
36.720 40.440
40.440 41.130
41.130 47.730
47.730 49.680
49.680 55.980
55.980 66.120
66.240 67.080
67.380 74.220
74.250 75.780
76.350 80.790
80.820 84.150
84.390 95.790
95.790 114.480
115.320 128.550
128.880 130.380
130.740 132.030
132.930 142.620
142.620 147.630
148.020 149.160
149.310 157.020
157.020 160.650
160.770 161.850
161.850 164.370
164.370 173.520
173.520 207.570
207.720 219.720
219.720 230.790
231.270 239.580
239.730 249.780
250.140 250.950
250.950 259.500
259.830 261.240
261.690 263.220
263.640 265.410
268.110 270.510
270.510 271.500
271.500 272.550
272.550 276.270
276.450 277.320
277.860 279.360
279.360 280.980
283.950 285.600
286.710 288.270
288.750 289.740
289.740 291.630
291.750 292.440
292.650 297.780
297.990 301.140
301.140 311.910
312.030 324.360
324.360 332.640
332.640 334.320
334.320 343.680
343.710 357.930
358.020 377.790
378.030 384.240
384.660 385.260
