0.000 6.030
10.530 12.450
13.290 14.940
14.970 19.200
19.470 21.480
21.510 23.490
24.750 28.560
28.830 31.830
32.700 36.330
36.990 46.740
46.740 47.340
47.820 51.810
51.990 57.120
58.530 63.270
63.570 66.600
66.600 69.540
69.540 70.800
72.390 80.100
80.190 86.760
87.270 90.630
90.840 94.140
94.860 96.780
96.780 103.860
104.370 115.020
115.350 119.310
120.090 122.520
122.850 124.230
124.830 129.840
129.900 134.460
134.460 135.660
135.840 137.790
137.790 143.550
143.970 148.500
148.530 150.210
151.020 152.100
152.550 156.210
157.320 158.190
158.190 161.190
161.700 164.460
164.700 168.570
168.570 170.580
170.580 172.650
172.740 181.500
182.190 183.120
183.180 185.010
186.000 192.390
193.590 199.320
199.710 205.200
206.460 209.970
209.970 212.610
212.610 213.330
213.330 214.740
215.010 216.450
217.080 218.880
220.200 224.100
224.160 225.240
225.240 227.490
227.730 232.620
232.980 233.610
234.660 242.970
243.210 245.040
246.720 247.410
247.560 250.470
250.470 254.310
254.310 256.680
257.520 259.530
259.530 260.370
260.640 265.290
265.320 268.650
269.100 271.410
271.530 275.670
275.670 276.630
277.080 279.720
279.720 282.060
282.570 286.560
287.130 289.860
290.130 291.450
291.720 292.380
293.520 295.770
295.890 298.110
299.850 307.470
308.370 310.320
310.440 314.760
315.750 317.010
317.310 318.090
318.090 320.760
320.760 321.480
321.810 323.190
323.700 325.560
325.830 327.960
327.960 331.920
332.160 334.710
334.920 337.920
338.070 340.200
340.200 343.860
344.550 347.910
348.630 350.070
350.700 352.320
352.530 355.860
356.190 358.050
358.740 361.950
362.970 366.150
366.450 367.230
368.400 370.110
370.110 373.740
373.830 376.380
376.920 378.060
378.660 379.980
380.520 381.420
381.600 383.610
383.760 386.130
386.550 387.150
387.210 389.850
390.360 393.510
395.010 398.190
399.030 399.630
400.440 401.700
401.940 402.960
403.620 404.850
406.530 407.670
407.670 410.490
412.200 414.600
414.990 416.970
417.600 419.490
419.490 420.660
420.750 422.340
424.680 426.240
426.450 428.430
429.090 430.410
430.590 431.190
431.520 438.000
439.140 439.920
440.820 442.170
442.770 443.520
444.330 446.250
446.430 447.930
448.530 449.850
449.850 451.920
452.250 453.780
454.410 455.310
456.270 457.350
457.470 458.400
460.200 463.200
463.560 464.490
466.200 467.520
468.330 470.400
472.170 472.980
473.040 474.000
475.680 477.900
478.710 479.760
479.820 484.590
486.030 487.080
487.290 488.160
488.280 489.090
489.780 490.710
491.970 492.810
492.960 494.910
496.140 497.580
497.820 498.780
499.470 502.200
503.370 504.450
504.660 506.820
507.180 508.290
508.290 509.190
510.480 512.310
512.460 514.050
514.050 514.950
515.250 516.450
518.040 520.710
521.250 522.420
522.840 525.900
526.980 528.630
528.990 530.370
530.400 531.120
531.120 535.260
535.440 536.070
536.640 538.710
538.740 540.090
541.260 543.090
543.570 545.730
546.420 547.740
548.460 549.870
549.900 550.710
550.920 552.090
552.390 554.670
555.180 557.160
557.160 561.300
561.870 563.700
564.150 565.980
566.400 567.900
568.020 569.310
570.090 573.510
573.570 575.460
575.610 577.980
578.730 580.530
581.100 581.970
581.970 584.790
585.870 589.050
589.200 591.000
591.720 593.580
593.880 595.470
595.950 596.880
596.940 597.960
599.040 600.810
601.110 603.090
604.140 607.230
607.260 607.860
608.130 611.280
612.300 614.220
