0.000 6.180
10.920 13.170
13.170 14.580
15.210 19.110
19.110 20.820
21.240 23.040
23.130 29.250
30.780 39.690
39.900 48.030
48.150 49.890
50.310 54.000
54.000 55.590
55.590 57.390
57.900 59.370
59.370 62.520
62.610 70.560
70.560 74.430
77.580 79.170
79.170 80.790
81.330 84.420
84.480 85.560
87.780 89.100
90.120 90.930
91.950 94.440
95.760 96.510
100.290 101.520
105.240 111.420
112.110 113.070
113.160 115.110
116.130 116.880
117.270 132.690
132.690 134.370
134.370 140.010
141.090 143.310
143.610 144.390
144.630 147.420
148.110 155.580
156.630 162.420
162.870 165.360
165.840 169.830
170.160 171.990
171.990 175.260
175.500 183.090
183.090 183.870
184.950 196.920
196.950 202.620
202.890 210.240
210.240 219.180
219.180 233.790
234.600 242.700
243.060 244.110
244.170 255.960
256.440 263.820
263.850 270.810
271.050 272.490
272.880 274.200
274.800 276.240
277.080 286.050
286.050 287.760
287.760 288.360
288.360 289.530
289.740 293.460
294.030 295.140
295.470 301.440
301.980 304.920
305.220 310.530
310.530 314.640
314.640 323.310
323.520 343.650
343.890 378.660
378.660 394.050
394.890 404.700
405.000 410.220
410.250 414.090
414.090 426.180
426.360 428.130
428.130 429.240
429.690 433.110
433.380 434.310
434.340 435.270
435.360 454.080
454.080 456.300
456.300 459.390
459.450 460.590
462.180 463.020
