0.000 6.030
11.610 16.920
17.250 21.750
21.780 24.960
25.290 27.060
27.150 34.230
35.700 41.340
41.730 44.820
44.910 46.170
46.440 51.780
51.930 55.110
56.160 56.760
56.970 58.770
59.280 61.140
61.140 62.370
62.610 68.700
69.240 70.050
70.080 71.220
71.760 74.580
75.570 77.730
78.270 79.530
79.530 80.790
80.850 82.500
82.620 83.820
84.330 88.470
88.980 90.450
90.540 93.030
93.330 94.920
95.970 96.810
97.320 98.220
98.250 99.270
99.660 104.070
105.120 113.280
113.430 116.130
116.220 117.900
119.250 124.260
124.710 126.330
126.540 128.010
128.220 135.150
135.810 137.100
137.100 138.360
138.600 139.980
140.040 142.170
142.170 143.580
144.240 147.390
148.110 149.070
149.850 151.380
151.860 153.900
154.500 156.990
156.990 159.150
159.720 160.710
161.340 163.740
163.830 164.700
165.150 166.020
166.470 167.940
167.970 168.630
169.020 171.480
171.930 172.860
172.920 178.080
178.440 182.220
182.220 183.450
183.930 185.280
186.240 187.800
187.860 189.030
191.010 192.060
192.750 195.120
195.870 199.170
200.130 203.160
203.340 205.020
206.070 209.700
210.240 213.630
213.870 216.000
216.150 217.080
217.620 218.430
220.680 225.990
226.590 230.370
231.540 233.790
235.320 238.470
239.520 240.570
241.470 242.580
243.540 245.610
246.870 248.940
249.120 250.650
251.160 251.970
252.930 253.530
253.530 256.170
256.290 261.030
261.510 263.550
263.940 264.960
265.770 266.550
267.210 268.440
268.920 274.530
274.980 278.070
280.200 281.280
281.520 283.830
284.280 285.420
285.780 286.920
289.980 291.390
291.600 294.000
295.320 298.350
298.950 300.000
300.000 302.040
302.100 303.180
304.020 304.890
306.000 307.080
307.110 308.070
308.070 310.680
311.280 313.500
313.860 315.990
316.950 317.730
318.480 319.800
319.800 322.950
323.340 324.120
324.330 325.500
325.680 328.830
328.950 330.000
330.810 332.460
332.610 335.730
335.970 337.560
338.010 339.420
339.630 340.950
341.550 343.260
343.410 345.330
346.830 347.610
