0.000 6.180
10.380 13.560
13.560 15.360
15.480 18.300
18.690 21.030
21.120 23.730
23.730 26.490
26.910 29.070
29.880 30.480
39.960 41.070
41.610 44.190
44.190 45.840
46.380 49.320
49.350 51.480
51.600 53.760
53.820 57.150
57.180 60.810
60.870 72.180
72.570 75.240
75.240 77.040
77.040 78.420
83.160 84.660
84.660 85.560
85.560 89.340
89.940 95.760
95.760 111.390
111.390 114.870
114.870 117.780
117.780 131.850
131.970 147.630
147.630 152.460
152.670 153.870
153.870 155.220
155.220 157.350
157.350 164.370
164.370 174.210
174.210 181.170
181.170 201.150
201.150 202.860
202.860 204.060
204.060 207.090
207.090 211.500
211.500 213.000
213.000 233.430
233.460 247.440
247.440 256.770
257.040 259.290
259.290 260.580
260.580 263.670
263.670 269.730
269.730 270.990
270.990 282.120
282.120 305.400
305.700 308.250
308.250 314.940
314.940 319.200
319.200 322.020
322.110 323.670
323.670 347.070
347.070 348.450
348.510 363.930
364.080 365.250
365.250 366.240
366.270 368.640
368.850 370.410
370.500 371.790
371.940 373.350
373.350 374.850
375.180 377.430
377.640 380.310
380.370 389.280
389.370 394.290
394.350 418.050
418.110 428.310
428.310 432.600
432.600 442.410
442.410 447.300
