0.000 6.030
10.890 14.520
15.150 19.650
19.860 21.780
22.050 22.830
22.890 27.480
27.570 28.830
28.830 29.880
30.210 31.890
31.920 36.810
37.200 40.680
40.680 42.630
42.900 44.850
45.000 46.200
46.470 47.460
47.610 49.200
49.290 50.430
50.640 51.990
52.920 54.150
54.210 55.860
56.130 57.810
58.230 58.950
59.100 63.930
63.930 65.190
65.250 67.500
67.650 72.690
72.780 74.280
74.490 77.760
78.090 81.420
81.480 83.490
83.700 84.930
84.990 86.640
87.090 88.260
88.260 90.540
90.630 91.650
91.770 92.940
93.060 98.160
98.160 101.700
101.700 103.650
103.920 106.950
106.950 109.140
109.200 110.850
111.120 114.750
114.750 120.780
120.780 124.740
125.010 126.570
126.570 128.670
128.670 129.690
129.690 134.970
135.060 136.680
