0.000 6.180
10.470 25.110
25.110 29.610
29.610 37.350
37.440 43.530
43.530 47.100
47.160 58.440
58.530 72.540
72.660 76.230
76.230 77.820
78.000 83.610
83.610 86.910
86.910 88.830
88.830 91.230
91.230 98.250
98.550 99.750
100.320 101.520
101.520 119.700
119.700 123.750
123.750 146.130
146.160 148.350
148.470 150.870
150.870 161.040
161.040 162.120
162.120 171.510
171.570 173.880
173.880 200.700
200.700 216.600
217.110 229.350
230.850 233.640
233.640 234.990
234.990 237.000
237.000 245.790
245.790 253.800
253.800 256.500
256.500 260.580
260.580 264.060
264.090 265.860
266.130 267.270
