0.000 2.760
3.870 5.220
5.940 9.900
9.900 13.230
13.560 17.010
17.100 19.200
19.560 21.840
22.110 24.120
24.120 25.320
25.320 28.590
28.740 30.930
30.930 33.420
33.450 36.540
37.080 38.730
38.910 42.660
42.810 45.750
46.080 47.760
47.760 48.960
48.990 50.790
50.790 52.320
52.320 53.700
54.270 59.130
59.250 63.120
63.240 66.540
67.080 69.210
69.210 71.940
72.600 75.960
76.230 78.210
78.420 79.650
79.920 81.960
81.960 84.210
84.570 87.060
87.420 89.070
89.790 91.920
92.190 95.370
95.370 96.720
97.050 98.580
99.480 102.360
102.360 103.590
103.920 105.180
105.360 108.450
108.480 110.850
112.050 114.000
114.030 114.900
115.350 118.950
119.040 123.750
123.930 125.730
125.730 127.740
127.740 128.490
128.490 129.270
129.270 131.610
132.060 133.380
133.620 136.500
136.650 138.930
139.050 140.400
140.700 141.720
141.960 143.190
143.880 145.710
145.860 148.500
148.800 149.970
150.570 151.200
151.350 152.430
152.520 154.980
154.980 159.090
159.330 160.350
160.980 162.930
162.930 164.010
164.490 166.140
166.590 167.700
167.790 169.950
170.010 171.060
171.420 172.380
172.500 174.720
174.720 176.520
176.910 178.170
178.890 179.490
179.610 181.500
181.830 183.930
184.380 186.300
186.300 188.130
189.270 190.140
