0.000 6.180
11.070 20.580
20.760 23.130
23.130 24.930
25.050 29.850
29.850 31.020
31.020 38.430
38.430 48.060
48.060 50.070
50.070 52.560
52.560 56.130
56.280 81.510
81.510 104.130
104.190 107.400
109.440 117.810
120.660 122.070
122.070 126.210
126.480 127.890
127.890 139.650
141.660 144.330
144.330 146.430
146.430 158.370
158.370 163.020
163.140 171.570
171.570 175.830
177.240 177.990
178.140 183.540
183.780 195.810
195.810 200.370
200.760 204.510
204.510 208.470
208.560 209.820
209.820 214.920
214.920 221.460
221.460 243.240
243.240 253.500
253.500 264.870
264.870 279.450
279.450 299.100
299.100 314.280
314.280 317.400
317.940 330.510
330.510 334.380
334.380 339.240
339.240 340.740
340.740 350.970
352.170 355.500
355.500 367.050
367.050 369.300
369.300 377.280
378.120 425.430
425.430 427.260
427.560 437.100
437.100 442.620
442.620 479.910
479.940 485.670
485.850 503.640
503.640 505.290
506.550 507.150
