0.000 6.180
10.950 13.860
13.860 20.190
20.190 23.220
23.220 52.650
52.800 73.320
73.320 79.650
79.680 86.310
86.310 88.110
88.110 89.160
89.160 90.900
90.900 92.850
93.270 95.220
96.660 100.650
100.650 104.010
104.310 105.660
106.410 108.030
108.030 127.470
127.470 131.490
131.490 135.150
135.150 139.650
139.650 141.930
141.930 144.900
144.900 149.940
150.060 153.300
153.480 154.530
154.650 158.430
158.520 161.580
161.700 162.720
162.720 165.180
165.180 187.560
188.430 193.350
193.350 201.570
201.690 202.890
207.510 213.000
213.000 223.770
223.770 226.080
226.230 229.170
229.170 238.920
239.100 240.660
240.660 272.640
272.640 292.050
292.050 294.000
294.000 298.290
298.290 300.990
300.990 309.540
309.540 316.110
316.110 319.800
319.800 321.780
321.810 324.270
324.510 325.740
326.220 333.870
333.960 336.570
339.450 369.870
369.870 388.080
388.650 389.790
389.820 391.410
391.440 393.210
393.210 398.310
398.310 413.640
414.030 417.720
417.720 455.130
455.160 457.680
458.010 459.690
459.690 466.710
466.710 468.840
468.840 474.150
474.150 475.260
475.770 476.370
