0.000 6.030
11.550 13.410
13.440 16.680
16.770 17.640
17.640 18.900
18.900 21.210
21.600 23.070
23.790 26.910
26.940 31.020
31.050 33.690
33.810 36.060
36.450 40.230
40.320 43.050
43.140 44.850
44.970 45.930
46.140 50.490
50.850 53.040
53.520 54.960
55.230 58.710
58.800 60.060
60.060 61.200
61.260 65.520
65.730 69.390
69.420 70.620
70.710 71.760
71.760 73.590
73.590 74.820
74.880 78.480
78.480 79.710
80.280 81.990
82.020 84.600
84.720 86.490
86.490 88.380
88.380 89.700
89.760 90.960
91.530 94.830
95.010 99.300
99.300 104.220
104.820 110.280
110.310 112.920
113.040 114.870
114.990 116.700
116.850 119.010
119.220 120.540
120.540 121.770
121.770 123.270
123.270 125.460
125.550 126.870
126.870 129.690
129.810 131.340
131.340 133.170
133.470 136.770
137.100 138.180
138.210 140.370
140.370 144.870
144.870 147.540
147.570 151.290
151.320 155.670
155.760 156.810
156.930 157.890
157.890 159.270
159.270 161.940
162.150 165.210
165.690 166.920
167.160 171.420
171.720 173.040
173.070 174.660
174.660 176.010
176.220 179.100
179.310 185.550
185.880 186.810
