0.030 5.820
10.380 13.380
13.860 16.590
17.400 19.350
19.350 21.510
22.230 25.950
26.310 29.310
29.520 31.050
31.410 33.810
33.810 36.000
36.600 38.250
38.250 39.660
39.840 41.670
41.670 43.470
43.500 44.550
44.640 47.220
47.400 51.930
52.800 54.300
54.300 56.370
56.490 57.840
57.840 60.060
60.240 62.040
62.610 63.840
63.930 67.140
67.470 69.150
69.240 70.860
71.670 73.140
73.230 74.340
74.490 76.320
76.320 77.220
77.310 78.660
79.560 80.550
80.670 82.530
82.920 83.520
83.520 85.110
86.070 89.070
89.310 92.490
92.640 94.080
94.530 96.360
96.570 99.300
99.390 101.850
101.880 105.570
