0.000 2.760
3.870 5.220
6.120 8.610
8.880 10.080
10.080 14.520
15.060 18.150
18.420 19.890
20.400 22.410
22.440 25.920
26.730 28.770
29.100 29.850
29.850 33.630
33.660 36.720
36.840 40.770
40.800 43.590
43.680 45.510
45.720 49.260
49.320 50.550
50.910 55.350
55.470 57.120
57.930 59.130
59.130 59.730
59.790 61.230
61.260 63.030
63.330 64.590
64.740 67.020
67.290 68.700
69.000 70.680
70.680 72.120
72.840 74.310
74.700 76.470
76.590 80.010
80.220 83.190
83.850 86.820
87.840 88.620
88.620 89.910
89.940 90.780
90.870 92.100
92.490 94.740
94.770 96.120
96.810 98.070
98.070 99.600
99.780 100.800
101.130 102.330
102.870 104.250
104.250 105.840
106.950 108.570
108.570 109.260
109.260 111.270
111.270 113.250
115.470 118.770
119.820 121.230
121.500 122.430
122.520 123.480
123.750 126.240
126.870 128.340
129.000 130.800
131.460 133.620
134.040 135.270
135.390 136.650
138.000 138.990
139.500 140.370
140.370 142.290
142.290 144.780
145.410 146.280
146.730 148.050
149.130 150.780
150.780 151.890
153.510 155.520
155.970 159.960
160.740 163.200
163.950 165.180
165.180 166.320
166.440 168.540
169.650 170.700
170.850 172.290
173.400 175.710
176.070 177.540
177.540 179.070
179.070 180.030
180.990 182.730
182.790 184.350
184.350 186.630
187.860 190.560
190.560 191.550
191.610 192.330
192.480 194.970
196.230 197.850
199.140 200.010
