0.000 5.940
10.050 15.420
15.480 19.560
20.250 21.180
21.180 25.830
25.860 29.520
30.120 31.890
31.890 34.500
34.620 36.330
36.330 41.100
41.280 42.960
42.960 45.300
45.300 46.380
46.470 49.770
49.800 53.430
53.430 55.800
55.800 66.660
66.660 68.580
68.910 70.380
70.770 77.280
77.610 81.450
81.450 84.780
84.780 86.670
86.670 88.440
88.500 91.920
92.010 94.350
94.380 95.640
95.940 97.140
97.140 100.020
100.020 100.920
101.040 108.960
108.960 110.850
111.090 115.110
115.320 116.910
116.940 129.900
129.900 135.570
135.570 139.530
140.520 141.540
141.540 143.010
143.070 144.870
144.870 145.650
145.830 151.200
151.200 153.840
153.840 155.970
156.240 158.280
158.280 160.770
161.070 164.370
164.790 166.380
166.380 168.060
168.060 174.000
174.240 175.440
175.440 177.180
177.180 180.750
180.840 186.390
186.390 188.040
188.250 188.850
