0.030 5.820
10.260 14.910
15.750 20.550
21.180 22.200
22.440 23.550
23.850 27.390
27.390 28.050
28.200 29.130
29.250 32.100
32.970 36.360
36.360 39.870
40.860 44.040
44.160 45.480
45.840 47.220
47.250 50.160
50.220 51.240
51.900 53.220
53.430 57.270
57.510 59.700
59.700 61.920
62.160 63.780
63.780 64.500
64.680 69.030
69.090 72.240
72.240 74.280
74.940 78.570
78.780 79.860
79.860 82.380
82.740 84.570
84.660 86.340
86.520 88.590
88.590 90.600
90.600 91.920
92.430 93.900
93.900 96.240
96.420 98.190
98.370 100.260
100.260 102.480
102.690 104.160
104.250 106.140
106.140 107.370
107.670 109.140
109.140 111.210
111.360 112.560
113.100 114.300
114.300 116.430
116.430 117.930
118.080 120.600
120.780 122.280
122.460 123.120
