0
0.000 5.527
1
5.527 10.670
2
10.670 12.496
3
12.496 16.340
4
16.340 20.683
5
20.683 22.240
6
22.240 24.373
7
24.373 26.042
8
26.042 29.950
9
29.950 37.092
10
37.092 39.810
11
39.810 42.033
12
42.033 44.062
13
44.062 45.840
14
45.840 47.806
15
47.806 50.451
16
50.451 52.580
17
52.580 55.123
18
55.123 55.632
19
55.632 56.210
20
56.210 63.160
21
63.160 67.948
22
67.948 71.090
23
71.090 77.960
24
77.960 82.822
25
82.822 87.766
26
87.766 93.890
27
93.890 97.610
28
97.610 102.404
29
102.404 107.543
30
107.543 112.690
31
112.690 116.450
32
116.450 121.560
33
121.560 127.260
34
127.260 131.780
35
131.780 134.962
36
134.962 140.660
37
140.660 145.188
38
145.188 150.576
39
150.576 156.480
40
156.480 161.180
41
161.180 167.250
42
167.250 171.792
43
171.792 176.040
44
176.040 180.701
45
180.701 187.090
46
187.090 191.865
47
191.865 196.640
48
196.640 201.320
49
201.320 205.535
50
205.535 211.897
51
211.897 215.685
52
215.685 221.620
53
221.620 226.030
54
226.030 231.220
55
231.220 233.857
56
233.857 238.650
57
238.650 240.130
58
240.130 241.187
59
241.187 244.790
60
244.790 250.930
61
250.930 255.111
62
255.111 258.720
63
258.720 263.925
64
263.925 269.130
65
269.130 275.910
66
275.910 277.498
67
277.498 282.987
68
282.987 288.072
69
288.072 293.830
70
293.830 299.203
71
299.203 304.470
72
304.470 308.750
73
308.750 313.524
74
313.524 318.369
75
318.369 321.465
76
321.465 326.180
77
326.180 330.630
78
330.630 336.900
79
336.900 342.830
80
342.830 347.123
81
347.123 351.237
82
351.237 358.250
83
358.250 363.176
84
363.176 366.790
85
366.790 373.510
86
373.510 380.200
87
380.200 385.130
88
385.130 390.060
89
390.060 396.473
90
396.473 403.230
91
403.230 409.153
92
409.153 414.369
93
414.369 419.440
94
419.440 423.370
95
423.370 427.860
96
427.860 431.300
97
431.300 439.300
98
439.300 447.300
99
447.300 455.480
