0
0.000 6.080
1
6.080 9.907
2
9.907 13.412
3
13.412 16.840
4
16.840 21.656
5
21.656 25.859
6
25.859 31.654
7
31.654 36.100
8
36.100 40.201
9
40.201 44.368
10
44.368 48.411
11
48.411 53.031
12
53.031 57.322
13
57.322 62.452
14
62.452 67.685
15
67.685 73.595
16
73.595 80.419
17
80.419 86.835
18
86.835 93.858
19
93.858 99.760
20
99.760 104.250
21
104.250 107.540
22
107.540 112.788
23
112.788 117.794
24
117.794 123.208
25
123.208 128.782
26
128.782 135.063
27
135.063 139.448
28
139.448 144.595
29
144.595 149.775
30
149.775 155.130
31
155.130 158.689
32
158.689 161.824
33
161.824 167.351
34
167.351 170.086
35
170.086 174.580
36
174.580 178.980
37
178.980 183.836
38
183.836 188.800
39
188.800 193.785
40
193.785 198.475
41
198.475 203.440
42
203.440 208.306
43
208.306 212.120
44
212.120 217.258
45
217.258 222.895
46
222.895 227.530
47
227.530 232.130
48
232.130 233.611
49
233.611 238.710
50
238.710 245.117
51
245.117 252.186
52
252.186 257.498
53
257.498 263.792
54
263.792 268.662
55
268.662 273.660
56
273.660 278.820
57
278.820 284.569
58
284.569 290.165
59
290.165 296.116
60
296.116 301.066
61
301.066 305.350
62
305.350 311.530
63
311.530 318.407
64
318.407 322.840
65
322.840 326.644
66
326.644 331.327
67
331.327 333.180
68
333.180 336.266
69
336.266 341.019
70
341.019 345.914
71
345.914 350.187
72
350.187 354.900
73
354.900 360.180
74
360.180 365.012
75
365.012 367.261
76
367.261 371.842
77
371.842 375.550
78
375.550 381.850
79
381.850 385.518
80
385.518 389.878
81
389.878 394.810
82
394.810 400.093
83
400.093 404.959
84
404.959 409.725
85
409.725 414.376
86
414.376 419.620
87
419.620 424.610
88
424.610 429.600
89
429.600 434.261
90
434.261 439.784
91
439.784 444.968
92
444.968 450.820
93
450.820 456.065
94
456.065 460.573
95
460.573 465.334
96
465.334 470.340
97
470.340 475.930
98
475.930 478.043
99
478.043 483.380
100
483.380 488.750
101
488.750 495.115
102
495.115 501.255
103
501.255 506.380
104
506.380 509.930
105
509.930 516.767
106
516.767 521.873
107
521.873 526.609
108
526.609 534.331
109
534.331 543.690
110
543.690 549.415
111
549.415 555.140
