0
0.000 7.820
1
7.820 13.141
2
13.141 17.980
3
17.980 22.700
4
22.700 27.529
5
27.529 29.370
6
29.370 35.760
7
35.760 39.842
8
39.842 42.790
9
42.790 51.280
10
51.280 56.473
11
56.473 61.320
12
61.320 66.010
13
66.010 70.848
14
70.848 72.570
15
72.570 79.680
16
79.680 84.120
17
84.120 90.860
18
90.860 95.290
19
95.290 103.603
20
103.603 108.280
21
108.280 113.440
22
113.440 119.648
23
119.648 127.874
24
127.874 130.820
25
130.820 139.650
26
139.650 145.730
27
145.730 151.770
28
151.770 159.770
29
159.770 168.870
30
168.870 175.860
31
175.860 183.670
32
183.670 190.110
33
190.110 196.550
34
196.550 200.100
35
200.100 208.100
36
208.100 213.529
37
213.529 222.080
38
222.080 226.160
39
226.160 231.721
40
231.721 236.290
41
236.290 242.040
42
242.040 246.165
43
246.165 250.290
44
250.290 254.200
45
254.200 256.489
46
256.489 261.079
47
261.079 262.783
48
262.783 268.270
49
268.270 273.070
50
273.070 277.040
51
277.040 281.691
52
281.691 285.680
53
285.680 290.347
54
290.347 291.990
55
291.990 297.380
56
297.380 305.400
57
305.400 312.046
58
312.046 318.200
59
318.200 323.200
60
323.200 328.330
61
328.330 333.526
62
333.526 339.020
63
339.020 345.670
64
345.670 353.043
65
353.043 357.743
66
357.743 362.719
67
362.719 367.513
68
367.513 372.310
69
372.310 377.009
70
377.009 378.360
71
378.360 384.340
72
384.340 387.730
73
387.730 393.151
74
393.151 397.810
75
397.810 403.088
76
403.088 403.730
