0
0.000 7.820
1
7.820 13.126
2
13.126 17.950
3
17.950 23.055
4
23.055 27.419
5
27.419 28.160
6
28.160 32.790
7
32.790 38.390
8
38.390 43.760
9
43.760 48.460
10
48.460 53.790
11
53.790 59.990
12
59.990 63.834
13
63.834 67.052
14
67.052 69.320
15
69.320 76.040
16
76.040 81.210
17
81.210 85.850
18
85.850 91.040
19
91.040 95.520
20
95.520 100.000
21
100.000 108.000
22
108.000 113.792
23
113.792 118.060
24
118.060 124.090
25
124.090 129.970
26
129.970 136.840
27
136.840 143.660
28
143.660 150.630
29
150.630 159.080
30
159.080 165.261
31
165.261 170.560
32
170.560 175.980
33
175.980 179.670
34
179.670 187.670
35
187.670 195.670
36
195.670 203.670
37
203.670 212.717
38
212.717 217.030
39
217.030 222.693
40
222.693 227.450
41
227.450 234.664
42
234.664 237.550
43
237.550 243.740
44
243.740 248.590
45
248.590 253.440
46
253.440 256.483
47
256.483 260.720
48
260.720 265.548
49
265.548 271.980
50
271.980 276.280
51
276.280 283.409
52
283.409 289.660
53
289.660 297.540
54
297.540 303.286
55
303.286 309.380
56
309.380 315.036
57
315.036 319.750
58
319.750 324.630
59
324.630 329.180
60
329.180 334.570
61
334.570 337.890
62
337.890 345.890
63
345.890 351.479
64
351.479 356.420
65
356.420 361.355
66
361.355 365.657
67
365.657 366.290
