0
0.000 7.820
1
7.820 13.073
2
13.073 17.850
3
17.850 23.210
4
23.210 26.491
5
26.491 31.140
6
31.140 35.950
7
35.950 40.830
8
40.830 49.320
9
49.320 54.397
10
54.397 59.450
11
59.450 62.960
12
62.960 70.460
13
70.460 74.910
14
74.910 81.791
15
81.791 85.920
16
85.920 92.648
17
92.648 97.080
18
97.080 104.690
19
104.690 110.630
20
110.630 114.670
21
114.670 119.520
22
119.520 120.170
23
120.170 123.517
24
123.517 129.200
25
129.200 133.686
26
133.686 137.530
27
137.530 142.320
28
142.320 147.090
29
147.090 151.640
30
151.640 155.280
31
155.280 160.970
32
160.970 166.580
33
166.580 174.450
34
174.450 178.910
35
178.910 183.690
36
183.690 188.800
37
188.800 192.810
38
192.810 197.380
39
197.380 201.950
40
201.950 205.110
41
205.110 209.350
42
209.350 214.790
43
214.790 217.347
44
217.347 221.350
45
221.350 223.960
46
223.960 228.130
47
228.130 233.051
48
233.051 234.420
49
234.420 237.580
50
237.580 242.499
51
242.499 245.236
52
245.236 248.920
53
248.920 253.310
54
253.310 256.920
55
256.920 261.600
56
261.600 266.432
57
266.432 273.400
58
273.400 279.920
59
279.920 284.524
60
284.524 286.010
61
286.010 290.810
62
290.810 294.460
63
294.460 299.230
64
299.230 302.410
65
302.410 307.170
66
307.170 312.695
67
312.695 317.740
68
317.740 320.787
69
320.787 323.620
70
323.620 330.525
71
330.525 333.222
72
333.222 336.570
73
336.570 344.570
74
344.570 353.015
75
353.015 359.210
76
359.210 364.856
77
364.856 370.120
78
370.120 374.030
