0
0.000 7.820
1
7.820 13.063
2
13.063 17.830
3
17.830 22.310
4
22.310 24.719
5
24.719 29.100
6
29.100 33.330
7
33.330 37.800
8
37.800 44.315
9
44.315 49.240
10
49.240 58.500
11
58.500 63.501
12
63.501 67.780
13
67.780 71.260
14
71.260 77.010
15
77.010 85.420
16
85.420 88.395
17
88.395 91.450
18
91.450 95.126
19
95.126 96.840
20
96.840 101.910
21
101.910 105.990
22
105.990 109.010
23
109.010 111.510
24
111.510 114.740
25
114.740 118.980
26
118.980 126.103
27
126.103 130.570
28
130.570 137.470
29
137.470 142.126
30
142.126 146.200
31
146.200 150.960
32
150.960 154.790
33
154.790 159.446
34
159.446 164.000
35
164.000 167.430
36
167.430 170.768
37
170.768 172.950
38
172.950 177.230
39
177.230 183.260
40
183.260 187.900
41
187.900 192.244
42
192.244 196.175
43
196.175 200.978
44
200.978 203.203
45
203.203 206.270
46
206.270 209.910
47
209.910 214.048
48
214.048 218.497
49
218.497 220.880
50
220.880 227.960
51
227.960 236.387
52
236.387 244.657
53
244.657 249.300
54
249.300 255.196
55
255.196 260.992
56
260.992 265.170
57
265.170 270.060
58
270.060 271.774
59
271.774 275.210
60
275.210 279.240
61
279.240 283.690
62
283.690 286.402
63
286.402 290.060
64
290.060 297.409
65
297.409 298.420
