0
0.000 7.820
1
7.820 17.321
2
17.321 20.688
3
20.688 23.610
4
23.610 27.410
5
27.410 31.580
6
31.580 35.620
7
35.620 41.009
8
41.009 45.590
9
45.590 49.630
10
49.630 55.400
11
55.400 60.610
12
60.610 70.002
13
70.002 76.460
14
76.460 82.009
15
82.009 87.200
16
87.200 93.250
17
93.250 97.480
18
97.480 102.060
19
102.060 103.620
20
103.620 110.890
21
110.890 118.951
22
118.951 126.610
23
126.610 135.302
24
135.302 140.890
25
140.890 145.266
26
145.266 150.485
27
150.485 156.660
28
156.660 160.528
29
160.528 162.680
30
162.680 165.379
31
165.379 169.480
32
169.480 172.616
33
172.616 177.226
34
177.226 179.830
35
179.830 184.230
36
184.230 187.680
37
187.680 192.270
38
192.270 197.118
39
197.118 201.188
40
201.188 203.330
41
203.330 207.472
42
207.472 212.263
43
212.263 214.560
44
214.560 215.245
45
215.245 220.215
46
220.215 222.110
47
222.110 227.270
48
227.270 231.690
49
231.690 236.444
50
236.444 237.280
51
237.280 239.377
52
239.377 244.790
53
244.790 251.920
54
251.920 256.712
55
256.712 259.050
56
259.050 264.880
57
264.880 268.784
58
268.784 273.030
59
273.030 276.839
60
276.839 281.190
61
281.190 284.845
62
284.845 290.288
63
290.288 292.210
64
292.210 297.680
65
297.680 305.081
66
305.081 310.960
67
310.960 316.560
68
316.560 324.560
69
324.560 332.091
70
332.091 339.038
71
339.038 339.730
