0
0.000 7.820
1
7.820 16.058
2
16.058 20.280
3
20.280 23.777
4
23.777 28.086
5
28.086 32.520
6
32.520 36.610
7
36.610 40.260
8
40.260 46.380
9
46.380 52.500
10
52.500 56.450
11
56.450 60.918
12
60.918 66.101
13
66.101 68.914
14
68.914 75.965
15
75.965 80.370
16
80.370 84.218
17
84.218 86.122
18
86.122 89.930
19
89.930 97.160
20
97.160 103.103
21
103.103 108.436
22
108.436 111.216
23
111.216 116.060
24
116.060 119.360
25
119.360 122.560
26
122.560 126.510
27
126.510 131.190
28
131.190 135.967
29
135.967 138.380
30
138.380 141.094
31
141.094 143.950
32
143.950 152.386
33
152.386 156.838
34
156.838 161.315
35
161.315 165.855
36
165.855 168.725
37
168.725 173.144
38
173.144 174.980
39
174.980 179.420
40
179.420 180.975
41
180.975 184.866
42
184.866 188.620
43
188.620 192.815
44
192.815 193.490
