0
0.000 7.226
1
7.226 12.050
2
12.050 14.890
3
14.890 18.930
4
18.930 23.515
5
23.515 28.423
6
28.423 29.622
7
29.622 34.521
8
34.521 40.440
9
40.440 45.602
10
45.602 47.690
11
47.690 51.368
12
51.368 55.740
13
55.740 57.280
14
57.280 62.132
15
62.132 67.004
16
67.004 71.125
17
71.125 76.264
18
76.264 80.774
19
80.774 84.695
20
84.695 89.387
21
89.387 92.680
22
92.680 97.620
23
97.620 102.785
24
102.785 107.950
25
107.950 112.714
26
112.714 115.900
27
115.900 120.139
28
120.139 122.582
29
122.582 127.191
30
127.191 127.900
31
127.900 132.286
32
132.286 135.800
33
135.800 139.119
34
139.119 142.740
35
142.740 146.172
36
146.172 150.896
37
150.896 155.365
38
155.365 159.831
39
159.831 163.661
40
163.661 167.529
41
167.529 170.306
42
170.306 174.731
43
174.731 179.044
44
179.044 183.374
45
183.374 187.775
46
187.775 191.670
47
191.670 195.655
48
195.655 198.270
49
198.270 203.130
50
203.130 205.646
51
205.646 210.187
52
210.187 212.490
53
212.490 216.160
54
216.160 220.626
55
220.626 225.540
56
225.540 227.186
57
227.186 230.974
58
230.974 235.718
59
235.718 237.360
60
237.360 242.910
61
242.910 247.509
62
247.509 252.075
63
252.075 256.635
64
256.635 261.351
65
261.351 263.000
66
263.000 271.000
67
271.000 278.580
68
278.580 286.160
