0
0.000 7.820
1
7.820 13.356
2
13.356 18.390
3
18.390 23.760
4
23.760 26.451
5
26.451 30.220
6
30.220 34.890
7
34.890 39.400
8
39.400 43.400
9
43.400 51.030
10
51.030 58.720
11
58.720 64.477
12
64.477 69.260
13
69.260 74.070
14
74.070 78.880
15
78.880 82.950
16
82.950 90.067
17
90.067 94.460
18
94.460 99.360
19
99.360 104.890
20
104.890 110.290
21
110.290 117.590
22
117.590 122.230
23
122.230 129.860
24
129.860 137.365
25
137.365 141.652
26
141.652 147.780
27
147.780 150.490
28
150.490 154.770
29
154.770 159.130
30
159.130 165.466
31
165.466 170.144
32
170.144 175.170
33
175.170 183.080
34
183.080 190.092
35
190.092 193.280
36
193.280 199.980
37
199.980 204.720
38
204.720 211.160
39
211.160 216.200
40
216.200 220.008
41
220.008 225.350
42
225.350 229.940
43
229.940 232.320
44
232.320 237.170
45
237.170 240.317
46
240.317 245.550
47
245.550 250.390
48
250.390 252.811
49
252.811 257.290
50
257.290 262.104
51
262.104 266.851
52
266.851 273.364
53
273.364 275.890
54
275.890 281.860
55
281.860 287.385
56
287.385 291.590
57
291.590 294.620
58
294.620 299.640
59
299.640 305.030
60
305.030 309.953
61
309.953 314.684
62
314.684 316.830
63
316.830 321.695
64
321.695 322.610
65
322.610 326.730
66
326.730 331.530
67
331.530 335.620
68
335.620 339.625
69
339.625 345.370
70
345.370 349.000
71
349.000 353.005
72
353.005 360.210
73
360.210 364.851
74
364.851 367.791
75
367.791 372.040
76
372.040 377.003
77
377.003 378.040
78
378.040 381.000
79
381.000 383.750
80
383.750 391.140
81
391.140 396.910
82
396.910 401.511
83
401.511 403.080
84
403.080 407.741
85
407.741 409.140
86
409.140 414.270
87
414.270 419.430
88
419.430 425.375
89
425.375 431.320
90
431.320 435.520
91
435.520 439.704
92
439.704 441.750
93
441.750 446.970
94
446.970 451.410
95
451.410 454.550
96
454.550 459.427
97
459.427 461.010
98
461.010 465.979
99
465.979 467.580
100
467.580 471.690
101
471.690 474.231
102
474.231 478.180
103
478.180 482.960
104
482.960 490.240
105
490.240 494.544
106
494.544 498.957
107
498.957 501.360
108
501.360 506.138
109
506.138 509.861
110
509.861 514.635
111
514.635 517.865
112
517.865 522.170
113
522.170 530.170
114
530.170 536.731
115
536.731 540.430
116
540.430 548.430
117
548.430 558.039
118
558.039 563.970
119
563.970 568.969
120
568.969 569.660
