0
0.000 7.820
1
7.820 13.335
2
13.335 18.350
3
18.350 22.170
4
22.170 22.990
5
22.990 27.425
6
27.425 31.480
7
31.480 35.750
8
35.750 39.630
9
39.630 44.740
10
44.740 50.010
11
50.010 56.430
12
56.430 63.517
13
63.517 70.090
14
70.090 73.249
15
73.249 76.940
16
76.940 80.573
17
80.573 83.890
18
83.890 92.590
19
92.590 97.453
20
97.453 101.490
21
101.490 105.590
22
105.590 111.897
23
111.897 116.681
24
116.681 121.150
25
121.150 127.094
26
127.094 131.430
27
131.430 135.049
28
135.049 140.980
29
140.980 146.003
30
146.003 151.990
31
151.990 155.884
32
155.884 157.940
33
157.940 163.362
34
163.362 171.648
35
171.648 176.030
36
176.030 184.030
37
184.030 189.725
38
189.725 196.668
39
196.668 200.540
40
200.540 207.490
41
207.490 211.980
42
211.980 215.742
43
215.742 222.120
44
222.120 225.790
45
225.790 231.520
46
231.520 236.430
47
236.430 241.240
48
241.240 246.130
49
246.130 251.770
50
251.770 255.060
51
255.060 261.650
52
261.650 265.871
53
265.871 266.610
54
266.610 270.458
55
270.458 272.240
56
272.240 276.902
57
276.902 280.705
58
280.705 285.190
59
285.190 290.230
60
290.230 296.150
61
296.150 301.730
62
301.730 305.315
63
305.315 308.570
64
308.570 316.570
65
316.570 321.599
66
321.599 325.990
67
325.990 329.790
68
329.790 337.790
69
337.790 345.550
70
345.550 354.037
71
354.037 354.537
