0
0.000 7.820
1
7.820 13.283
2
13.283 18.250
3
18.250 22.460
4
22.460 26.767
5
26.767 28.640
6
28.640 30.788
7
30.788 33.990
8
33.990 37.650
9
37.650 41.270
10
41.270 45.050
11
45.050 47.638
12
47.638 53.676
13
53.676 56.860
14
56.860 62.210
15
62.210 67.580
16
67.580 69.655
17
69.655 72.390
18
72.390 81.720
19
81.720 86.360
20
86.360 92.070
21
92.070 98.870
22
98.870 103.320
23
103.320 105.223
24
105.223 109.990
25
109.990 115.910
26
115.910 121.830
27
121.830 130.428
28
130.428 136.050
29
136.050 144.320
30
144.320 151.860
31
151.860 158.557
32
158.557 167.010
33
167.010 171.950
34
171.950 175.660
35
175.660 183.660
36
183.660 192.510
37
192.510 196.000
38
196.000 202.920
39
202.920 208.610
40
208.610 212.170
41
212.170 219.350
42
219.350 224.050
43
224.050 227.680
44
227.680 233.851
45
233.851 239.120
46
239.120 244.223
47
244.223 249.330
48
249.330 253.830
49
253.830 260.970
50
260.970 265.020
51
265.020 268.700
52
268.700 274.970
53
274.970 280.300
54
280.300 285.677
55
285.677 290.000
56
290.000 295.763
57
295.763 300.630
58
300.630 306.530
59
306.530 309.103
60
309.103 312.630
61
312.630 314.406
62
314.406 317.670
63
317.670 322.220
64
322.220 323.860
65
323.860 328.370
66
328.370 332.340
67
332.340 337.805
68
337.805 341.700
69
341.700 349.080
70
349.080 354.792
71
354.792 361.630
72
361.630 366.919
73
366.919 371.798
74
371.798 376.760
75
376.760 382.260
76
382.260 384.545
77
384.545 387.100
78
387.100 391.192
79
391.192 395.013
80
395.013 398.410
81
398.410 403.311
82
403.311 405.500
83
405.500 410.860
84
410.860 415.095
85
415.095 419.330
86
419.330 421.375
87
421.375 426.558
88
426.558 431.917
89
431.917 436.972
90
436.972 439.820
91
439.820 444.332
92
444.332 447.900
93
447.900 453.510
94
453.510 458.595
95
458.595 463.630
96
463.630 465.530
97
465.530 469.570
98
469.570 474.680
99
474.680 479.420
100
479.420 484.921
101
484.921 490.010
102
490.010 491.839
103
491.839 494.910
104
494.910 497.796
105
497.796 502.698
106
502.698 506.780
107
506.780 509.850
108
509.850 513.500
109
513.500 517.830
110
517.830 523.017
111
523.017 523.659
