0
0.000 7.820
1
7.820 13.283
2
13.283 18.250
3
18.250 21.440
4
21.440 26.010
5
26.010 30.520
6
30.520 35.210
7
35.210 36.506
8
36.506 40.844
9
40.844 45.670
10
45.670 53.212
11
53.212 56.710
12
56.710 64.390
13
64.390 70.230
14
70.230 75.320
15
75.320 81.440
16
81.440 86.704
17
86.704 91.718
18
91.718 96.150
19
96.150 100.190
20
100.190 105.497
21
105.497 109.790
22
109.790 112.062
23
112.062 115.800
24
115.800 119.267
25
119.267 122.070
26
122.070 126.589
27
126.589 127.340
28
127.340 128.598
29
128.598 133.640
30
133.640 137.630
31
137.630 144.040
32
144.040 148.800
33
148.800 154.300
34
154.300 158.024
35
158.024 159.940
36
159.940 163.280
37
163.280 170.370
38
170.370 177.643
39
177.643 182.033
40
182.033 184.680
41
184.680 188.208
42
188.208 190.820
43
190.820 195.600
44
195.600 199.680
45
199.680 201.680
46
201.680 206.645
47
206.645 207.260
