0
0.000 7.820
1
7.820 13.115
2
13.115 17.930
3
17.930 22.522
4
22.522 25.160
5
25.160 28.737
6
28.737 31.780
7
31.780 35.970
8
35.970 40.820
9
40.820 46.435
10
46.435 51.495
11
51.495 60.050
12
60.050 69.320
13
69.320 73.216
14
73.216 75.450
15
75.450 78.656
16
78.656 81.510
17
81.510 88.920
18
88.920 97.721
19
97.721 103.380
20
103.380 108.660
21
108.660 113.645
22
113.645 118.630
23
118.630 126.630
24
126.630 134.383
25
134.383 141.540
26
141.540 146.910
27
146.910 154.030
28
154.030 159.370
29
159.370 164.885
30
164.885 170.400
31
170.400 173.800
32
173.800 178.280
33
178.280 181.470
34
181.470 187.900
35
187.900 195.213
36
195.213 198.870
37
198.870 208.436
38
208.436 213.150
39
213.150 220.339
40
220.339 224.470
41
224.470 229.670
42
229.670 234.080
43
234.080 239.766
44
239.766 245.330
45
245.330 249.980
46
249.980 253.160
47
253.160 261.578
48
261.578 268.750
49
268.750 273.040
50
273.040 278.030
51
278.030 283.300
52
283.300 286.350
