0
0.000 7.259
1
7.259 10.106
2
10.106 10.910
3
10.910 15.070
4
15.070 19.197
5
19.197 24.182
6
24.182 29.027
7
29.027 34.789
8
34.789 39.679
9
39.679 44.810
10
44.810 49.920
11
49.920 54.510
12
54.510 59.060
13
59.060 64.020
14
64.020 66.999
15
66.999 72.067
16
72.067 77.825
17
77.825 84.847
18
84.847 89.235
19
89.235 95.426
20
95.426 100.166
21
100.166 104.948
22
104.948 109.581
23
109.581 114.255
24
114.255 119.006
25
119.006 123.456
26
123.456 128.722
27
128.722 133.636
28
133.636 138.174
29
138.174 141.958
30
141.958 147.452
31
147.452 153.190
32
153.190 158.058
33
158.058 162.419
34
162.419 166.874
35
166.874 171.920
36
171.920 177.120
37
177.120 182.555
38
182.555 186.680
39
186.680 189.410
40
189.410 194.359
41
194.359 199.453
42
199.453 204.688
43
204.688 207.446
44
207.446 212.471
45
212.471 216.790
46
216.790 222.075
47
222.075 227.521
48
227.521 232.332
49
232.332 237.401
50
237.401 242.875
51
242.875 248.520
52
248.520 253.765
53
253.765 257.992
54
257.992 265.020
55
265.020 268.914
56
268.914 274.613
57
274.613 279.948
58
279.948 285.770
59
285.770 290.740
60
290.740 294.910
61
294.910 299.480
62
299.480 303.750
63
303.750 307.380
64
307.380 312.190
65
312.190 317.444
66
317.444 322.155
67
322.155 326.848
68
326.848 330.422
69
330.422 335.704
70
335.704 342.180
71
342.180 347.919
72
347.919 353.100
73
353.100 361.240
74
361.240 367.249
75
367.249 372.374
76
372.374 375.591
77
375.591 379.923
78
379.923 386.810
79
386.810 391.682
80
391.682 396.990
81
396.990 401.790
82
401.790 407.304
83
407.304 413.431
84
413.431 417.204
85
417.204 422.822
86
422.822 429.112
87
429.112 432.863
88
432.863 436.749
89
436.749 441.956
90
441.956 445.766
91
445.766 451.193
92
451.193 458.369
93
458.369 463.100
94
463.100 468.086
95
468.086 469.731
96
469.731 473.685
97
473.685 478.440
98
478.440 483.470
99
483.470 486.800
100
486.800 490.585
101
490.585 495.610
102
495.610 501.510
103
501.510 506.004
104
506.004 507.260
105
507.260 512.020
106
512.020 516.125
107
516.125 520.213
108
520.213 525.609
109
525.609 529.971
110
529.971 530.847
111
530.847 534.704
112
534.704 539.276
113
539.276 541.575
114
541.575 545.004
115
545.004 548.860
116
548.860 553.871
117
553.871 557.410
118
557.410 561.635
119
561.635 563.134
120
563.134 566.859
121
566.859 568.546
122
568.546 574.370
123
574.370 577.489
124
577.489 582.244
125
582.244 585.078
126
585.078 589.984
127
589.984 593.390
128
593.390 597.633
129
597.633 599.207
130
599.207 605.104
131
605.104 610.626
132
610.626 614.992
133
614.992 620.105
134
620.105 625.163
135
625.163 629.960
136
629.960 634.693
137
634.693 639.349
138
639.349 643.746
139
643.746 647.725
140
647.725 652.851
141
652.851 658.985
142
658.985 663.041
143
663.041 668.157
144
668.157 672.726
145
672.726 677.733
146
677.733 683.725
147
683.725 687.137
148
687.137 693.045
149
693.045 698.165
150
698.165 702.300
151
702.300 707.358
152
707.358 712.274
153
712.274 717.620
154
717.620 724.418
155
724.418 729.345
156
729.345 735.290
157
735.290 740.275
158
740.275 743.560
159
743.560 748.878
160
748.878 753.796
161
753.796 759.156
162
759.156 761.270
163
761.270 766.098
164
766.098 767.501
165
767.501 768.379
166
768.379 769.270
167
769.270 777.270
168
777.270 783.860
169
783.860 790.450
