0
0.000 7.820
1
7.820 13.105
2
13.105 17.910
3
17.910 21.510
4
21.510 26.070
5
26.070 31.660
6
31.660 36.350
7
36.350 40.780
8
40.780 46.550
9
46.550 51.087
10
51.087 53.690
11
53.690 56.820
12
56.820 64.530
13
64.530 70.620
14
70.620 77.766
15
77.766 83.660
16
83.660 90.498
17
90.498 95.780
18
95.780 100.668
19
100.668 105.310
20
105.310 112.024
21
112.024 117.380
22
117.380 121.740
23
121.740 129.740
24
129.740 136.040
25
136.040 141.080
26
141.080 147.230
27
147.230 155.230
28
155.230 162.565
29
162.565 169.020
30
169.020 177.740
31
177.740 185.740
32
185.740 193.740
33
193.740 201.920
34
201.920 209.920
35
209.920 217.920
36
217.920 225.920
37
225.920 233.149
38
233.149 238.370
39
238.370 244.260
40
244.260 249.000
41
249.000 256.594
42
256.594 261.670
43
261.670 266.800
44
266.800 274.690
45
274.690 281.318
46
281.318 285.381
47
285.381 290.359
48
290.359 295.004
49
295.004 296.030
50
296.030 301.230
51
301.230 305.780
52
305.780 310.520
53
310.520 317.615
54
317.615 323.660
55
323.660 328.783
56
328.783 332.728
57
332.728 333.480
