0
0.000 7.820
1
7.820 16.669
2
16.669 22.050
3
22.050 26.190
4
26.190 30.872
5
30.872 37.120
6
37.120 41.750
7
41.750 46.384
8
46.384 49.041
9
49.041 54.440
10
54.440 63.549
11
63.549 70.205
12
70.205 76.581
13
76.581 82.075
14
82.075 90.177
15
90.177 94.180
16
94.180 101.015
17
101.015 107.230
18
107.230 111.800
19
111.800 118.306
20
118.306 123.230
21
123.230 128.731
22
128.731 133.010
23
133.010 136.420
24
136.420 138.971
25
138.971 143.399
26
143.399 145.610
27
145.610 150.853
28
150.853 159.196
29
159.196 163.631
30
163.631 169.850
31
169.850 173.890
32
173.890 178.813
33
178.813 181.035
34
181.035 184.610
35
184.610 189.220
36
189.220 195.340
37
195.340 198.089
38
198.089 202.801
39
202.801 204.800
40
204.800 211.013
41
211.013 215.970
42
215.970 220.430
43
220.430 224.690
44
224.690 232.690
45
232.690 238.659
46
238.659 240.910
47
240.910 248.780
48
248.780 256.134
49
256.134 256.790
