0
0.000 2.216
1
2.216 6.852
2
6.852 9.300
3
9.300 14.070
4
14.070 20.790
5
20.790 25.520
6
25.520 28.107
7
28.107 31.406
8
31.406 35.597
9
35.597 38.260
10
38.260 41.820
11
41.820 46.090
12
46.090 51.450
13
51.450 55.885
14
55.885 61.310
15
61.310 64.770
16
64.770 68.428
17
68.428 70.200
18
70.200 74.720
19
74.720 77.944
20
77.944 82.130
21
82.130 87.640
22
87.640 95.640
23
95.640 103.471
24
103.471 110.673
25
110.673 114.380
26
114.380 123.490
27
123.490 127.590
28
127.590 131.203
29
131.203 136.020
30
136.020 142.740
31
142.740 147.130
32
147.130 150.340
33
150.340 156.830
34
156.830 160.721
35
160.721 162.610
36
162.610 166.914
37
166.914 169.190
38
169.190 174.240
39
174.240 180.030
40
180.030 184.040
41
184.040 188.050
42
188.050 192.715
43
192.715 194.670
44
194.670 199.634
45
199.634 203.185
46
203.185 203.685
