0
0.000 2.731
1
2.731 6.159
2
6.159 8.590
3
8.590 11.792
4
11.792 17.013
5
17.013 19.430
6
19.430 24.790
7
24.790 28.168
8
28.168 33.759
9
33.759 38.670
10
38.670 44.350
11
44.350 49.300
12
49.300 54.390
13
54.390 58.800
14
58.800 63.900
15
63.900 67.040
16
67.040 71.930
17
71.930 75.817
18
75.817 81.000
19
81.000 85.610
20
85.610 89.140
21
89.140 92.011
22
92.011 95.180
23
95.180 97.276
24
97.276 102.630
25
102.630 107.600
26
107.600 112.140
27
112.140 114.452
28
114.452 120.100
29
120.100 123.690
30
123.690 129.920
31
129.920 136.831
32
136.831 141.960
33
141.960 147.410
34
147.410 148.642
35
148.642 153.270
36
153.270 161.550
37
161.550 167.012
38
167.012 172.658
39
172.658 179.770
40
179.770 186.667
41
186.667 192.470
42
192.470 197.243
43
197.243 200.720
44
200.720 204.780
45
204.780 207.278
46
207.278 208.922
47
208.922 212.160
48
212.160 217.112
49
217.112 221.198
50
221.198 224.220
51
224.220 227.230
