0
0.000 5.000
1
5.000 7.654
2
7.654 10.000
3
10.000 14.675
4
14.675 18.227
5
18.227 21.456
6
21.456 24.576
7
24.576 28.855
8
28.855 32.951
9
32.951 36.593
10
36.593 40.833
11
40.833 45.240
12
45.240 47.816
13
47.816 53.892
14
53.892 59.568
15
59.568 64.321
16
64.321 67.570
17
67.570 71.901
18
71.901 75.310
19
75.310 81.228
20
81.228 86.479
21
86.479 91.720
22
91.720 95.619
23
95.619 99.748
24
99.748 101.920
25
101.920 106.504
26
106.504 110.787
27
110.787 114.760
28
114.760 118.602
29
118.602 122.060
30
122.060 126.039
31
126.039 128.100
32
128.100 131.451
33
131.451 136.105
34
136.105 139.818
35
139.818 144.950
36
144.950 147.501
37
147.501 152.368
38
152.368 154.447
39
154.447 157.860
40
157.860 162.050
41
162.050 162.640
42
162.640 164.601
43
164.601 167.752
44
167.752 171.300
45
171.300 176.422
46
176.422 181.960
47
181.960 188.180
48
188.180 191.051
49
191.051 193.612
50
193.612 197.780
51
197.780 200.925
52
200.925 206.050
53
206.050 210.935
54
210.935 215.540
55
215.540 221.254
56
221.254 226.462
57
226.462 232.680
58
232.680 237.048
59
237.048 242.810
60
242.810 246.640
61
246.640 251.520
62
251.520 255.870
63
255.870 260.220
64
260.220 264.624
65
264.624 268.211
66
268.211 272.611
67
272.611 276.724
68
276.724 281.492
69
281.492 282.897
70
282.897 286.655
71
286.655 291.050
72
291.050 294.237
73
294.237 297.422
74
297.422 299.578
75
299.578 303.979
76
303.979 307.739
77
307.739 312.770
78
312.770 318.434
79
318.434 322.820
80
322.820 327.914
81
327.914 333.598
82
333.598 339.853
83
339.853 344.760
84
344.760 349.411
85
349.411 354.053
86
354.053 357.040
87
357.040 360.752
88
360.752 366.540
89
366.540 368.179
90
368.179 371.183
91
371.183 376.098
92
376.098 380.676
93
380.676 384.565
94
384.565 388.983
95
388.983 396.200
