0
0.000 2.103
1
2.103 7.505
2
7.505 12.341
3
12.341 16.936
4
16.936 20.035
5
20.035 23.752
6
23.752 27.519
7
27.519 32.616
8
32.616 37.205
9
37.205 41.538
10
41.538 44.850
11
44.850 50.864
12
50.864 54.830
13
54.830 58.634
14
58.634 63.347
15
63.347 68.237
16
68.237 72.000
17
72.000 76.750
18
76.750 81.500
19
81.500 82.202
20
82.202 87.202
21
87.202 91.987
22
91.987 96.530
23
96.530 101.862
24
101.862 106.644
25
106.644 110.446
26
110.446 112.612
27
112.612 117.394
28
117.394 123.076
29
123.076 129.405
30
129.405 134.056
31
134.056 138.656
32
138.656 143.584
33
143.584 148.332
34
148.332 151.680
35
151.680 154.001
36
154.001 158.435
37
158.435 162.790
38
162.790 169.156
39
169.156 173.815
40
173.815 180.803
41
180.803 184.385
42
184.385 188.689
43
188.689 193.032
44
193.032 197.450
45
197.450 201.540
46
201.540 205.505
47
205.505 210.280
48
210.280 213.720
49
213.720 218.230
50
218.230 222.740
51
222.740 227.529
52
227.529 229.814
53
229.814 234.036
54
234.036 238.480
55
238.480 241.020
56
241.020 244.632
57
244.632 249.205
58
249.205 254.339
59
254.339 259.433
60
259.433 264.144
61
264.144 266.850
62
266.850 269.315
63
269.315 274.497
64
274.497 280.260
65
280.260 285.180
66
285.180 289.839
67
289.839 292.255
68
292.255 296.894
69
296.894 301.254
70
301.254 304.763
71
304.763 308.527
72
308.527 310.815
73
310.815 314.342
74
314.342 318.004
75
318.004 322.557
76
322.557 327.130
77
327.130 331.535
78
331.535 336.125
79
336.125 341.023
80
341.023 344.037
81
344.037 348.319
82
348.319 353.594
83
353.594 359.157
84
359.157 364.107
85
364.107 368.750
86
368.750 372.968
87
372.968 375.603
88
375.603 379.307
89
379.307 384.012
90
384.012 386.466
91
386.466 389.128
92
389.128 395.123
93
395.123 399.738
94
399.738 402.192
95
402.192 406.158
96
406.158 411.074
97
411.074 414.731
98
414.731 419.141
99
419.141 423.736
100
423.736 427.118
101
427.118 431.292
102
431.292 435.585
103
435.585 441.389
104
441.389 445.569
105
445.569 448.140
106
448.140 451.570
107
451.570 453.260
108
453.260 460.283
109
460.283 465.216
110
465.216 467.529
111
467.529 470.700
112
470.700 474.387
113
474.387 477.819
114
477.819 481.151
115
481.151 484.170
116
484.170 488.805
117
488.805 491.865
118
491.865 496.803
119
496.803 502.033
120
502.033 506.505
121
506.505 510.512
122
510.512 515.015
123
515.015 518.409
124
518.409 521.650
125
521.650 527.240
126
527.240 532.166
127
532.166 536.744
128
536.744 538.548
129
538.548 542.092
130
542.092 546.330
131
546.330 548.589
132
548.589 552.858
133
552.858 554.573
134
554.573 559.511
135
559.511 561.234
136
561.234 563.718
137
563.718 568.265
138
568.265 571.363
139
571.363 573.090
