0
0.000 4.766
1
4.766 9.616
2
9.616 13.393
3
13.393 16.960
4
16.960 19.998
5
19.998 23.656
6
23.656 28.450
7
28.450 32.299
8
32.299 35.374
9
35.374 38.448
10
38.448 42.866
11
42.866 46.362
12
46.362 50.840
13
50.840 53.750
14
53.750 54.485
15
54.485 60.045
16
60.045 63.990
17
63.990 67.510
18
67.510 71.741
19
71.741 76.496
20
76.496 78.910
21
78.910 83.345
22
83.345 87.472
23
87.472 91.597
24
91.597 92.270
25
92.270 96.455
26
96.455 99.996
27
99.996 102.948
28
102.948 106.360
29
106.360 110.407
30
110.407 114.609
31
114.609 119.421
32
119.421 122.759
33
122.759 127.522
34
127.522 130.755
35
130.755 135.108
36
135.108 138.850
37
138.850 143.201
38
143.201 146.510
39
146.510 149.809
40
149.809 151.720
41
151.720 155.916
42
155.916 159.688
43
159.688 164.735
44
164.735 168.586
45
168.586 174.080
46
174.080 178.798
47
178.798 183.711
48
183.711 186.950
49
186.950 189.281
50
189.281 193.754
51
193.754 197.400
52
197.400 202.732
53
202.732 207.860
54
207.860 213.620
55
213.620 219.060
56
219.060 225.008
57
225.008 229.378
58
229.378 233.082
59
233.082 238.216
60
238.216 243.210
61
243.210 248.450
62
248.450 253.070
63
253.070 257.359
64
257.359 260.220
65
260.220 265.317
66
265.317 268.980
67
268.980 273.164
68
273.164 277.240
69
277.240 282.208
70
282.208 284.910
71
284.910 288.606
72
288.606 293.482
73
293.482 298.290
74
298.290 299.699
75
299.699 303.550
76
303.550 308.531
77
308.531 313.380
78
313.380 318.308
79
318.308 323.112
80
323.112 325.820
81
325.820 330.392
82
330.392 332.300
83
332.300 337.312
84
337.312 342.532
85
342.532 347.518
86
347.518 351.710
87
351.710 356.780
88
356.780 361.862
89
361.862 366.825
90
366.825 371.258
91
371.258 374.480
92
374.480 378.146
93
378.146 379.639
94
379.639 382.910
95
382.910 386.690
96
386.690 390.890
97
390.890 394.810
98
394.810 399.436
99
399.436 403.480
100
403.480 407.858
101
407.858 411.330
102
411.330 413.309
103
413.309 415.491
104
415.491 420.818
105
420.818 425.991
106
425.991 430.235
107
430.235 434.050
108
434.050 438.490
109
438.490 440.548
110
440.548 445.533
111
445.533 450.179
112
450.179 455.044
113
455.044 455.901
114
455.901 457.130
