0
0.000 2.649
1
2.649 5.830
2
5.830 9.695
3
9.695 13.380
4
13.380 17.791
5
17.791 20.982
6
20.982 24.750
7
24.750 27.155
8
27.155 30.930
9
30.930 33.480
10
33.480 37.977
11
37.977 41.886
12
41.886 45.470
13
45.470 47.890
14
47.890 51.710
15
51.710 54.718
16
54.718 59.937
17
59.937 63.590
18
63.590 67.900
19
67.900 72.576
20
72.576 77.306
21
77.306 81.920
22
81.920 86.367
23
86.367 90.461
24
90.461 93.240
25
93.240 97.840
26
97.840 103.081
27
103.081 108.220
28
108.220 111.552
29
111.552 116.365
30
116.365 120.962
31
120.962 123.050
32
123.050 128.672
33
128.672 132.901
34
132.901 136.400
35
136.400 143.248
36
143.248 149.250
37
149.250 155.130
38
155.130 160.305
39
160.305 165.247
40
165.247 169.853
41
169.853 173.520
42
173.520 177.260
43
177.260 181.680
44
181.680 186.100
45
186.100 190.030
46
190.030 193.119
47
193.119 197.393
48
197.393 198.280
49
198.280 203.522
50
203.522 208.894
51
208.894 214.630
52
214.630 219.513
53
219.513 223.271
54
223.271 225.540
55
225.540 229.772
56
229.772 232.320
57
232.320 237.850
58
237.850 243.587
59
243.587 248.590
60
248.590 252.770
61
252.770 256.112
62
256.112 259.735
63
259.735 263.955
64
263.955 268.418
65
268.418 272.670
66
272.670 277.814
67
277.814 282.967
68
282.967 288.707
69
288.707 294.470
70
294.470 299.470
71
299.470 304.453
72
304.453 309.344
73
309.344 313.840
74
313.840 318.620
75
318.620 323.319
76
323.319 325.590
77
325.590 330.250
78
330.250 334.520
79
334.520 339.269
80
339.269 342.225
81
342.225 344.083
82
344.083 350.051
83
350.051 354.770
84
354.770 359.150
85
359.150 361.248
86
361.248 364.120
87
364.120 368.884
88
368.884 373.750
89
373.750 378.990
90
378.990 382.944
91
382.944 387.122
92
387.122 387.924
93
387.924 390.765
94
390.765 395.290
95
395.290 400.182
96
400.182 404.708
97
404.708 409.978
98
409.978 414.930
99
414.930 417.171
100
417.171 422.197
101
422.197 426.805
102
426.805 431.390
103
431.390 436.845
104
436.845 441.926
105
441.926 446.370
106
446.370 448.240
107
448.240 452.703
108
452.703 456.582
109
456.582 460.760
110
460.760 463.943
111
463.943 468.782
112
468.782 474.209
113
474.209 479.045
114
479.045 484.187
115
484.187 486.234
116
486.234 487.372
117
487.372 488.520
