0
0.000 5.215
1
5.215 6.757
2
6.757 10.430
3
10.430 15.282
4
15.282 19.579
5
19.579 23.970
6
23.970 27.481
7
27.481 31.370
8
31.370 35.061
9
35.061 37.960
10
37.960 40.800
11
40.800 43.515
12
43.515 45.345
13
45.345 49.070
14
49.070 52.350
15
52.350 57.404
16
57.404 61.766
17
61.766 66.084
18
66.084 69.819
19
69.819 73.731
20
73.731 78.296
21
78.296 80.071
22
80.071 82.100
23
82.100 86.980
24
86.980 88.757
25
88.757 93.740
26
93.740 97.570
27
97.570 103.471
28
103.471 108.195
29
108.195 112.240
30
112.240 117.228
31
117.228 123.260
32
123.260 125.060
33
125.060 128.160
34
128.160 130.025
35
130.025 134.437
36
134.437 138.390
37
138.390 140.832
38
140.832 146.248
39
146.248 153.810
40
153.810 155.998
41
155.998 161.323
42
161.323 165.831
43
165.831 170.959
44
170.959 175.158
45
175.158 180.709
46
180.709 184.920
47
184.920 186.827
48
186.827 192.636
49
192.636 198.270
50
198.270 202.410
51
202.410 207.319
52
207.319 211.355
53
211.355 217.520
54
217.520 220.006
55
220.006 223.182
56
223.182 226.829
57
226.829 232.057
58
232.057 237.170
59
237.170 242.071
60
242.071 247.390
61
247.390 251.917
62
251.917 256.949
63
256.949 261.444
64
261.444 267.539
65
267.539 272.468
66
272.468 274.701
67
274.701 278.985
68
278.985 282.507
69
282.507 286.380
70
286.380 288.190
71
288.190 292.815
72
292.815 298.250
73
298.250 302.800
74
302.800 308.690
75
308.690 313.275
76
313.275 318.554
77
318.554 322.470
78
322.470 325.760
79
325.760 330.630
80
330.630 334.390
81
334.390 338.480
82
338.480 342.050
83
342.050 343.340
84
343.340 347.042
85
347.042 351.750
86
351.750 356.700
87
356.700 360.884
88
360.884 366.032
89
366.032 370.800
90
370.800 375.660
91
375.660 379.510
92
379.510 384.124
93
384.124 387.636
94
387.636 391.788
95
391.788 396.012
96
396.012 401.980
97
401.980 406.304
98
406.304 409.081
99
409.081 411.420
100
411.420 415.151
101
415.151 419.269
102
419.269 423.020
103
423.020 430.130
104
430.130 433.880
105
433.880 438.914
106
438.914 444.120
107
444.120 448.426
108
448.426 452.259
109
452.259 457.065
110
457.065 461.881
111
461.881 463.780
112
463.780 466.663
113
466.663 468.040
