0
0.000 2.400
1
2.400 9.482
2
9.482 15.082
3
15.082 20.770
4
20.770 23.480
5
23.480 28.354
6
28.354 33.239
7
33.239 36.860
8
36.860 40.103
9
40.103 43.190
10
43.190 45.275
11
45.275 47.417
12
47.417 50.064
13
50.064 53.057
14
53.057 57.112
15
57.112 61.669
16
61.669 67.770
17
67.770 71.204
18
71.204 77.527
19
77.527 83.273
20
83.273 89.143
21
89.143 93.190
22
93.190 97.940
23
97.940 102.690
24
102.690 106.800
25
106.800 111.287
26
111.287 114.095
27
114.095 116.783
28
116.783 119.160
29
119.160 123.240
30
123.240 127.350
31
127.350 130.499
32
130.499 135.402
33
135.402 140.740
34
140.740 144.198
35
144.198 148.100
36
148.100 151.922
37
151.922 155.690
38
155.690 160.340
39
160.340 163.438
40
163.438 167.646
41
167.646 170.269
42
170.269 173.030
43
173.030 178.139
44
178.139 183.175
45
183.175 187.580
46
187.580 193.080
47
193.080 197.620
48
197.620 200.035
49
200.035 201.976
50
201.976 206.240
51
206.240 209.994
52
209.994 213.353
53
213.353 217.323
54
217.323 221.322
55
221.322 225.538
56
225.538 229.076
57
229.076 230.370
58
230.370 232.218
59
232.218 234.418
60
234.418 238.178
61
238.178 242.668
62
242.668 247.525
63
247.525 250.682
64
250.682 255.572
65
255.572 260.156
66
260.156 264.565
67
264.565 268.653
68
268.653 272.920
69
272.920 278.816
70
278.816 283.188
71
283.188 286.730
72
286.730 292.323
73
292.323 297.457
74
297.457 301.865
75
301.865 306.171
76
306.171 309.877
77
309.877 310.550
78
310.550 314.972
79
314.972 316.560
80
316.560 321.853
81
321.853 326.553
82
326.553 331.580
83
331.580 334.171
84
334.171 338.070
85
338.070 339.621
86
339.621 344.738
87
344.738 349.668
88
349.668 355.028
89
355.028 359.843
90
359.843 361.590
91
361.590 364.280
92
364.280 367.499
93
367.499 372.524
94
372.524 374.170
95
374.170 376.300
96
376.300 379.130
97
379.130 384.327
98
384.327 389.308
99
389.308 392.415
100
392.415 397.200
101
397.200 403.647
102
403.647 407.503
103
407.503 409.440
104
409.440 413.170
105
413.170 416.482
106
416.482 417.040
107
417.040 418.358
108
418.358 420.336
109
420.336 425.125
110
425.125 429.696
111
429.696 434.660
112
434.660 439.405
113
439.405 443.404
114
443.404 447.513
115
447.513 452.275
116
452.275 456.448
117
456.448 460.276
118
460.276 463.801
119
463.801 465.910
120
465.910 470.844
121
470.844 473.377
122
473.377 476.868
123
476.868 478.122
124
478.122 480.830
125
480.830 482.398
126
482.398 485.828
127
485.828 490.656
128
490.656 494.216
129
494.216 499.068
130
499.068 504.301
131
504.301 509.106
132
509.106 513.917
133
513.917 519.000
134
519.000 523.778
135
523.778 528.645
136
528.645 534.903
137
534.903 538.125
138
538.125 542.427
139
542.427 546.650
140
546.650 550.983
141
550.983 555.355
142
555.355 556.253
143
556.253 562.060
144
562.060 564.213
145
564.213 568.927
146
568.927 573.920
147
573.920 578.648
148
578.648 583.470
149
583.470 588.682
150
588.682 590.956
151
590.956 595.120
152
595.120 600.532
153
600.532 601.964
154
601.964 607.225
155
607.225 612.115
156
612.115 616.605
157
616.605 620.850
158
620.850 625.488
159
625.488 629.192
160
629.192 631.000
161
631.000 636.376
162
636.376 637.340
