0
0.000 9.180
1
9.180 15.949
2
15.949 20.859
3
20.859 21.524
4
21.524 24.860
5
24.860 29.094
6
29.094 30.850
7
30.850 33.894
8
33.894 37.510
9
37.510 42.220
10
42.220 46.334
11
46.334 49.150
12
49.150 51.548
13
51.548 56.280
14
56.280 62.180
15
62.180 63.662
16
63.662 69.251
17
69.251 73.790
18
73.790 77.446
19
77.446 78.220
20
78.220 83.121
21
83.121 87.052
22
87.052 89.000
23
89.000 93.485
24
93.485 95.330
25
95.330 99.960
26
99.960 104.436
27
104.436 108.971
28
108.971 109.890
29
109.890 113.980
30
113.980 121.049
31
121.049 126.290
32
126.290 129.450
33
129.450 133.480
34
133.480 138.278
35
138.278 141.990
36
141.990 146.454
37
146.454 147.080
38
147.080 151.880
39
151.880 156.558
40
156.558 159.990
41
159.990 163.728
42
163.728 166.150
43
166.150 169.800
44
169.800 174.810
45
174.810 179.733
46
179.733 183.223
47
183.223 184.560
48
184.560 189.321
49
189.321 193.040
50
193.040 197.220
51
197.220 197.870
52
197.870 199.058
53
199.058 202.930
54
202.930 210.930
55
210.930 219.990
