0
0.000 5.240
1
5.240 10.807
2
10.807 17.880
3
17.880 22.395
4
22.395 26.750
5
26.750 30.180
6
30.180 33.540
7
33.540 37.469
8
37.469 42.255
9
42.255 45.720
10
45.720 48.643
11
48.643 53.580
12
53.580 58.243
13
58.243 59.920
14
59.920 64.874
15
64.874 67.620
16
67.620 72.520
17
72.520 76.764
18
76.764 80.572
19
80.572 84.934
20
84.934 89.132
21
89.132 91.520
22
91.520 92.937
23
92.937 96.810
24
96.810 100.640
25
100.640 104.811
26
104.811 108.700
27
108.700 113.600
28
113.600 118.107
29
118.107 119.260
30
119.260 123.555
31
123.555 125.970
32
125.970 130.842
33
130.842 135.150
34
135.150 137.404
35
137.404 142.000
36
142.000 144.653
37
144.653 149.330
38
149.330 154.690
39
154.690 160.070
40
160.070 164.795
41
164.795 169.464
42
169.464 173.890
43
173.890 177.120
44
177.120 181.816
45
181.816 187.640
46
187.640 192.588
47
192.588 197.451
48
197.451 200.879
49
200.879 205.882
50
205.882 210.153
51
210.153 215.109
52
215.109 219.130
53
219.130 225.720
54
225.720 230.146
55
230.146 234.237
56
234.237 237.940
57
237.940 241.887
58
241.887 246.484
59
246.484 251.700
60
251.700 256.886
61
256.886 259.270
62
259.270 267.270
63
267.270 272.780
64
272.780 278.290
