0
0.000 5.440
1
5.440 14.980
2
14.980 18.930
3
18.930 23.850
4
23.850 28.630
5
28.630 30.800
6
30.800 33.150
7
33.150 37.300
8
37.300 38.619
9
38.619 43.050
10
43.050 47.410
11
47.410 49.452
12
49.452 51.910
13
51.910 54.858
14
54.858 58.430
15
58.430 62.880
16
62.880 64.420
17
64.420 68.180
18
68.180 71.546
19
71.546 75.300
20
75.300 78.580
21
78.580 83.124
22
83.124 86.280
23
86.280 90.280
24
90.280 92.428
25
92.428 97.330
26
97.330 99.610
27
99.610 103.916
28
103.916 105.780
29
105.780 110.754
30
110.754 114.110
31
114.110 115.750
32
115.750 120.146
33
120.146 123.830
34
123.830 125.834
35
125.834 130.594
36
130.594 135.592
37
135.592 140.701
38
140.701 144.800
39
144.800 149.280
40
149.280 151.460
41
151.460 156.685
42
156.685 160.250
43
160.250 164.157
44
164.157 167.800
45
167.800 170.757
46
170.757 174.875
47
174.875 178.290
48
178.290 183.116
49
183.116 187.240
50
187.240 190.792
51
190.792 193.900
52
193.900 198.660
53
198.660 201.407
54
201.407 204.920
55
204.920 209.580
56
209.580 211.771
57
211.771 214.410
58
214.410 218.910
59
218.910 223.830
60
223.830 228.218
61
228.218 230.190
62
230.190 232.788
63
232.788 235.860
64
235.860 238.954
65
238.954 241.170
66
241.170 243.899
67
243.899 248.374
68
248.374 252.230
69
252.230 256.980
70
256.980 259.741
71
259.741 264.230
72
264.230 272.230
73
272.230 277.280
74
277.280 282.330
