0
0.000 4.985
1
4.985 10.875
2
10.875 17.538
3
17.538 21.565
4
21.565 26.165
5
26.165 31.860
6
31.860 34.592
7
34.592 37.680
8
37.680 41.613
9
41.613 45.749
10
45.749 49.787
11
49.787 53.610
12
53.610 56.923
13
56.923 61.150
14
61.150 64.985
15
64.985 68.925
16
68.925 72.860
17
72.860 77.367
18
77.367 78.676
19
78.676 83.252
20
83.252 88.144
21
88.144 92.168
22
92.168 96.312
23
96.312 97.190
24
97.190 101.659
25
101.659 102.850
26
102.850 106.753
27
106.753 109.990
28
109.990 115.980
29
115.980 119.665
30
119.665 122.990
31
122.990 126.480
32
126.480 129.759
33
129.759 132.870
34
132.870 135.681
35
135.681 139.429
36
139.429 142.400
37
142.400 145.686
38
145.686 149.450
39
149.450 154.416
40
154.416 159.980
41
159.980 162.861
42
162.861 166.660
43
166.660 171.906
44
171.906 177.285
45
177.285 182.560
46
182.560 185.698
47
185.698 189.430
48
189.430 196.300
