0
0.000 9.090
1
9.090 12.677
2
12.677 18.753
3
18.753 22.354
4
22.354 26.530
5
26.530 30.374
6
30.374 35.940
7
35.940 43.520
8
43.520 52.760
9
52.760 55.594
10
55.594 58.800
11
58.800 63.873
12
63.873 68.691
13
68.691 71.010
14
71.010 75.857
15
75.857 79.510
16
79.510 82.745
17
82.745 88.061
18
88.061 91.628
19
91.628 96.330
20
96.330 101.265
21
101.265 104.340
22
104.340 109.745
23
109.745 112.110
24
112.110 121.635
25
121.635 126.695
26
126.695 131.590
27
131.590 136.205
28
136.205 139.950
29
139.950 145.032
30
145.032 150.329
31
150.329 155.280
32
155.280 159.400
33
159.400 168.051
34
168.051 172.373
35
172.373 177.158
36
177.158 181.900
37
181.900 185.246
38
185.246 188.600
39
188.600 192.085
40
192.085 196.004
41
196.004 200.470
42
200.470 205.710
43
205.710 210.567
44
210.567 211.770
45
211.770 216.730
46
216.730 221.465
47
221.465 225.096
48
225.096 228.560
49
228.560 232.890
50
232.890 237.530
51
237.530 242.626
52
242.626 247.020
53
247.020 252.523
54
252.523 257.040
55
257.040 262.460
56
262.460 267.507
57
267.507 273.170
58
273.170 277.970
59
277.970 283.360
60
283.360 287.620
61
287.620 289.564
62
289.564 295.240
63
295.240 298.323
64
298.323 301.130
65
301.130 305.912
66
305.912 310.788
67
310.788 312.940
68
312.940 314.605
69
314.605 318.780
70
318.780 323.827
71
323.827 327.950
72
327.950 332.040
73
332.040 336.560
74
336.560 341.637
75
341.637 346.500
76
346.500 351.080
77
351.080 355.360
78
355.360 358.590
79
358.590 362.437
80
362.437 365.893
81
365.893 369.600
82
369.600 373.030
83
373.030 377.350
84
377.350 379.149
85
379.149 384.101
86
384.101 387.210
87
387.210 391.970
88
391.970 397.681
89
397.681 403.080
90
403.080 407.011
91
407.011 408.840
92
408.840 413.978
93
413.978 418.987
94
418.987 424.260
95
424.260 429.190
96
429.190 431.559
97
431.559 436.310
98
436.310 440.929
99
440.929 446.615
100
446.615 451.453
101
451.453 455.109
102
455.109 460.070
103
460.070 463.504
104
463.504 468.173
105
468.173 468.766
106
468.766 473.761
107
473.761 478.620
108
478.620 482.290
109
482.290 485.700
110
485.700 492.312
111
492.312 494.910
112
494.910 498.953
113
498.953 503.310
114
503.310 507.533
115
507.533 509.340
116
509.340 514.564
117
514.564 520.510
118
520.510 526.452
119
526.452 531.613
120
531.613 536.550
121
536.550 540.292
122
540.292 544.130
123
544.130 548.424
124
548.424 553.037
125
553.037 558.030
126
558.030 562.353
127
562.353 566.240
128
566.240 571.220
129
571.220 575.082
130
575.082 579.250
131
579.250 585.160
132
585.160 590.380
133
590.380 594.310
134
594.310 597.139
135
597.139 599.280
136
599.280 604.275
137
604.275 608.850
138
608.850 611.916
139
611.916 615.990
140
615.990 620.691
141
620.691 623.650
142
623.650 631.650
143
631.650 640.920
