0
0.000 9.090
1
9.090 15.018
2
15.018 19.700
3
19.700 24.856
4
24.856 29.638
5
29.638 33.490
6
33.490 39.410
7
39.410 43.870
8
43.870 47.624
9
47.624 52.510
10
52.510 55.300
11
55.300 56.790
12
56.790 61.435
13
61.435 65.877
14
65.877 69.668
15
69.668 72.830
16
72.830 77.580
17
77.580 79.980
18
79.980 84.649
19
84.649 88.882
20
88.882 92.230
21
92.230 96.918
22
96.918 101.060
23
101.060 105.584
24
105.584 107.380
25
107.380 110.068
26
110.068 113.285
27
113.285 116.630
28
116.630 121.002
29
121.002 125.070
30
125.070 129.746
31
129.746 132.120
32
132.120 136.220
33
136.220 141.000
34
141.000 146.160
35
146.160 149.780
36
149.780 152.060
37
152.060 156.372
38
156.372 157.780
39
157.780 159.517
40
159.517 164.426
41
164.426 166.400
42
166.400 171.880
43
171.880 176.800
44
176.800 181.266
45
181.266 185.638
46
185.638 189.930
47
189.930 193.170
48
193.170 197.490
49
197.490 201.595
50
201.595 205.700
51
205.700 210.590
52
210.590 214.357
53
214.357 219.172
54
219.172 223.450
55
223.450 228.390
56
228.390 233.832
57
233.832 239.580
58
239.580 244.070
59
244.070 246.908
60
246.908 250.280
61
250.280 256.445
62
256.445 259.950
63
259.950 263.680
64
263.680 268.200
65
268.200 273.330
66
273.330 277.650
67
277.650 281.953
68
281.953 283.070
69
283.070 286.730
70
286.730 289.437
71
289.437 293.190
72
293.190 297.920
73
297.920 302.060
74
302.060 307.220
75
307.220 312.280
76
312.280 316.410
77
316.410 321.581
78
321.581 323.860
79
323.860 325.823
80
325.823 330.440
81
330.440 336.370
82
336.370 340.300
83
340.300 345.212
84
345.212 349.610
85
349.610 354.510
86
354.510 359.255
87
359.255 364.270
88
364.270 367.494
89
367.494 370.150
90
370.150 372.842
91
372.842 377.592
92
377.592 378.660
93
378.660 381.246
94
381.246 385.380
95
385.380 388.850
96
388.850 392.790
97
392.790 397.290
98
397.290 401.723
99
401.723 405.220
100
405.220 409.910
101
409.910 414.806
102
414.806 417.530
103
417.530 421.638
104
421.638 425.120
105
425.120 430.050
106
430.050 433.080
107
433.080 438.228
108
438.228 443.390
109
443.390 446.680
110
446.680 452.087
111
452.087 455.710
112
455.710 462.253
113
462.253 466.180
114
466.180 469.650
115
469.650 474.180
116
474.180 478.620
117
478.620 482.394
118
482.394 485.460
119
485.460 486.748
120
486.748 490.980
121
490.980 494.970
122
494.970 499.630
123
499.630 503.610
124
503.610 508.150
125
508.150 512.270
126
512.270 517.008
127
517.008 521.720
128
521.720 524.406
129
524.406 528.520
130
528.520 532.047
131
532.047 536.940
132
536.940 539.193
133
539.193 543.790
134
543.790 549.528
135
549.528 553.910
136
553.910 559.854
137
559.854 564.450
138
564.450 568.670
139
568.670 573.394
140
573.394 575.120
141
575.120 580.530
142
580.530 583.302
143
583.302 587.270
144
587.270 592.705
145
592.705 597.420
146
597.420 601.880
147
601.880 609.880
148
609.880 618.630
