0
0.000 9.090
1
9.090 15.490
2
15.490 20.170
3
20.170 25.106
4
25.106 28.627
5
28.627 33.076
6
33.076 34.650
7
34.650 38.670
8
38.670 42.036
9
42.036 43.530
10
43.530 46.249
11
46.249 50.811
12
50.811 54.550
13
54.550 58.206
14
58.206 60.800
15
60.800 65.158
16
65.158 68.820
17
68.820 71.459
18
71.459 74.911
19
74.911 79.700
20
79.700 84.170
21
84.170 87.377
22
87.377 91.806
23
91.806 96.750
24
96.750 99.995
25
99.995 103.220
26
103.220 107.996
27
107.996 112.336
28
112.336 117.218
29
117.218 121.860
30
121.860 126.691
31
126.691 130.207
32
130.207 135.780
33
135.780 137.680
34
137.680 142.646
35
142.646 144.730
36
144.730 153.097
37
153.097 157.770
38
157.770 161.690
39
161.690 166.234
40
166.234 170.749
41
170.749 175.220
42
175.220 180.114
43
180.114 184.105
44
184.105 189.024
45
189.024 193.782
46
193.782 196.100
47
196.100 199.730
48
199.730 204.490
49
204.490 208.811
50
208.811 213.736
51
213.736 218.058
52
218.058 222.750
53
222.750 227.710
54
227.710 232.264
55
232.264 234.057
56
234.057 240.170
57
240.170 245.580
58
245.580 251.520
59
251.520 256.277
60
256.277 260.670
61
260.670 263.700
62
263.700 267.440
63
267.440 272.025
64
272.025 275.510
65
275.510 280.226
66
280.226 282.956
67
282.956 287.810
68
287.810 292.420
69
292.420 295.700
70
295.700 299.948
71
299.948 302.260
72
302.260 310.260
73
310.260 316.695
74
316.695 323.130
