0
0.000 9.240
1
9.240 13.710
2
13.710 18.180
3
18.180 22.828
4
22.828 24.470
5
24.470 27.904
6
27.904 30.310
7
30.310 32.795
8
32.795 37.208
9
37.208 41.210
10
41.210 45.590
11
45.590 49.150
12
49.150 53.150
13
53.150 58.260
14
58.260 62.700
15
62.700 66.138
16
66.138 70.955
17
70.955 72.280
18
72.280 76.517
19
76.517 81.197
20
81.197 85.285
21
85.285 89.930
22
89.930 94.236
23
94.236 97.050
24
97.050 100.650
25
100.650 105.170
26
105.170 109.810
27
109.810 113.360
28
113.360 118.129
29
118.129 122.960
30
122.960 127.917
31
127.917 131.913
32
131.913 136.438
33
136.438 140.395
34
140.395 143.683
35
143.683 148.590
36
148.590 153.365
37
153.365 157.817
38
157.817 158.790
39
158.790 161.322
40
161.322 165.860
41
165.860 168.085
42
168.085 172.960
43
172.960 177.836
44
177.836 182.717
45
182.717 185.030
46
185.030 190.006
47
190.006 193.767
48
193.767 198.565
49
198.565 201.810
50
201.810 205.770
51
205.770 207.941
52
207.941 212.636
53
212.636 216.440
54
216.440 220.995
55
220.995 225.990
56
225.990 230.965
57
230.965 235.979
58
235.979 240.502
59
240.502 243.900
60
243.900 247.102
61
247.102 250.519
62
250.519 255.015
63
255.015 258.608
64
258.608 261.080
65
261.080 266.300
66
266.300 269.406
67
269.406 271.840
68
271.840 275.709
69
275.709 279.158
70
279.158 283.360
71
283.360 291.360
72
291.360 298.235
73
298.235 305.110
