0
0.000 9.340
1
9.340 14.128
2
14.128 17.960
3
17.960 21.548
4
21.548 26.170
5
26.170 30.936
6
30.936 35.201
7
35.201 37.450
8
37.450 41.750
9
41.750 46.271
10
46.271 50.880
11
50.880 58.390
12
58.390 66.390
13
66.390 74.778
14
74.778 80.603
15
80.603 82.680
16
82.680 87.603
17
87.603 90.770
18
90.770 95.428
19
95.428 99.690
20
99.690 104.467
21
104.467 107.947
22
107.947 111.273
23
111.273 115.558
24
115.558 120.201
25
120.201 124.451
26
124.451 128.780
27
128.780 133.115
28
133.115 136.220
29
136.220 140.679
30
140.679 144.680
31
144.680 149.166
32
149.166 153.820
33
153.820 158.940
34
158.940 163.459
35
163.459 167.840
36
167.840 177.340
37
177.340 185.612
38
185.612 190.093
39
190.093 194.131
40
194.131 197.900
41
197.900 202.630
42
202.630 207.680
43
207.680 211.448
44
211.448 213.730
45
213.730 218.018
46
218.018 219.550
47
219.550 224.330
48
224.330 226.134
49
226.134 229.420
50
229.420 233.671
51
233.671 237.210
52
237.210 242.190
53
242.190 247.130
54
247.130 255.130
55
255.130 264.500
