0
0.000 4.990
1
4.990 9.860
2
9.860 14.116
3
14.116 18.931
4
18.931 23.686
5
23.686 28.108
6
28.108 31.850
7
31.850 35.274
8
35.274 36.830
9
36.830 41.007
10
41.007 45.188
11
45.188 50.246
12
50.246 53.710
13
53.710 58.110
14
58.110 59.870
15
59.870 61.939
16
61.939 65.050
17
65.050 70.580
18
70.580 74.600
19
74.600 77.844
20
77.844 82.340
21
82.340 86.977
22
86.977 89.090
23
89.090 90.866
24
90.866 93.930
25
93.930 97.987
26
97.987 99.990
27
99.990 104.380
28
104.380 108.120
29
108.120 110.747
30
110.747 114.730
31
114.730 119.230
32
119.230 123.982
33
123.982 127.812
34
127.812 131.784
35
131.784 133.743
36
133.743 138.571
37
138.571 141.600
38
141.600 143.908
39
143.908 149.606
40
149.606 152.262
41
152.262 155.240
42
155.240 159.470
43
159.470 164.720
44
164.720 167.900
45
167.900 172.820
46
172.820 175.870
47
175.870 178.999
48
178.999 181.230
49
181.230 184.636
50
184.636 189.090
51
189.090 193.605
52
193.605 198.120
53
198.120 202.920
54
202.920 204.730
55
204.730 208.456
56
208.456 209.590
57
209.590 214.000
58
214.000 217.078
59
217.078 221.440
60
221.440 226.395
61
226.395 231.270
62
231.270 235.402
63
235.402 235.970
64
235.970 238.496
65
238.496 244.870
66
244.870 249.290
67
249.290 255.027
68
255.027 259.655
69
259.655 263.814
70
263.814 267.680
71
267.680 272.020
72
272.020 280.020
73
280.020 286.390
74
286.390 292.760
