0
0.000 9.140
1
9.140 15.339
2
15.339 19.150
3
19.150 23.572
4
23.572 24.430
5
24.430 29.309
6
29.309 31.510
7
31.510 35.952
8
35.952 38.000
9
38.000 42.180
10
42.180 46.521
11
46.521 50.471
12
50.471 55.024
13
55.024 56.300
14
56.300 60.880
15
60.880 62.613
16
62.613 66.350
17
66.350 69.317
18
69.317 73.520
19
73.520 77.560
20
77.560 86.597
21
86.597 94.067
22
94.067 98.010
23
98.010 102.600
24
102.600 107.304
25
107.304 111.530
26
111.530 115.870
27
115.870 120.365
28
120.365 124.920
29
124.920 126.890
30
126.890 131.023
31
131.023 135.805
32
135.805 140.310
33
140.310 144.951
34
144.951 148.800
35
148.800 154.753
36
154.753 157.343
37
157.343 161.377
38
161.377 162.310
39
162.310 166.025
40
166.025 168.950
41
168.950 177.766
42
177.766 182.844
43
182.844 186.320
44
186.320 187.342
45
187.342 192.540
46
192.540 197.391
47
197.391 198.230
48
198.230 203.150
49
203.150 207.116
50
207.116 208.710
51
208.710 212.700
52
212.700 217.492
53
217.492 221.963
54
221.963 226.730
55
226.730 230.955
56
230.955 232.580
57
232.580 236.781
58
236.781 238.400
59
238.400 241.990
60
241.990 246.138
61
246.138 247.300
62
247.300 255.300
63
255.300 263.870
