0
0.000 6.310
1
6.310 13.274
2
13.274 17.720
3
17.720 22.072
4
22.072 25.600
5
25.600 30.352
6
30.352 31.220
7
31.220 36.070
8
36.070 41.730
9
41.730 44.332
10
44.332 47.450
11
47.450 53.030
12
53.030 55.334
13
55.334 58.580
14
58.580 63.332
15
63.332 67.228
16
67.228 71.590
17
71.590 74.962
18
74.962 79.090
19
79.090 84.425
20
84.425 90.187
21
90.187 97.450
22
97.450 101.923
23
101.923 102.540
24
102.540 107.880
25
107.880 110.105
26
110.105 114.855
27
114.855 117.024
28
117.024 121.783
29
121.783 125.980
30
125.980 130.147
31
130.147 132.870
32
132.870 135.340
33
135.340 140.211
34
140.211 144.150
35
144.150 148.479
36
148.479 151.111
37
151.111 155.050
38
155.050 157.796
39
157.796 162.200
40
162.200 166.228
41
166.228 170.736
42
170.736 175.129
43
175.129 175.980
44
175.980 180.930
45
180.930 182.812
46
182.812 188.014
47
188.014 193.119
48
193.119 197.390
49
197.390 201.454
50
201.454 205.150
51
205.150 208.964
52
208.964 213.326
53
213.326 218.180
54
218.180 222.800
55
222.800 228.070
56
228.070 232.445
57
232.445 236.820
58
236.820 243.388
59
243.388 249.966
60
249.966 254.850
61
254.850 259.538
62
259.538 262.440
63
262.440 267.280
64
267.280 272.120
65
272.120 273.710
66
273.710 278.202
67
278.202 282.510
68
282.510 291.980
69
291.980 299.790
