0
0.000 6.340
1
6.340 13.870
2
13.870 18.380
3
18.380 19.880
4
19.880 24.290
5
24.290 26.810
6
26.810 31.859
7
31.859 36.671
8
36.671 40.040
9
40.040 43.530
10
43.530 47.719
11
47.719 51.860
12
51.860 55.752
13
55.752 60.693
14
60.693 63.530
15
63.530 68.015
16
68.015 70.090
17
70.090 74.250
18
74.250 77.557
19
77.557 79.970
20
79.970 83.700
21
83.700 86.770
22
86.770 91.750
23
91.750 96.490
24
96.490 101.440
25
101.440 105.490
26
105.490 110.300
27
110.300 114.550
28
114.550 118.650
29
118.650 122.940
30
122.940 127.141
31
127.141 129.320
32
129.320 134.340
33
134.340 142.772
34
142.772 147.270
35
147.270 151.684
36
151.684 156.134
37
156.134 158.460
38
158.460 161.983
39
161.983 165.169
40
165.169 170.642
41
170.642 175.710
42
175.710 182.030
43
182.030 187.869
44
187.869 193.826
45
193.826 198.570
46
198.570 203.260
47
203.260 206.837
48
206.837 211.720
49
211.720 216.665
50
216.665 219.360
51
219.360 223.935
52
223.935 225.260
53
225.260 228.390
54
228.390 236.725
55
236.725 243.236
56
243.236 247.967
57
247.967 251.530
58
251.530 256.632
59
256.632 260.740
60
260.740 270.410
61
270.410 275.990
62
275.990 280.041
63
280.041 283.460
64
283.460 287.475
65
287.475 291.490
66
291.490 295.156
67
295.156 297.954
68
297.954 300.410
69
300.410 306.160
70
306.160 313.300
71
313.300 317.675
72
317.675 321.720
73
321.720 324.973
74
324.973 328.504
75
328.504 333.198
76
333.198 338.630
77
338.630 341.563
78
341.563 344.660
79
344.660 349.600
80
349.600 355.640
81
355.640 361.161
82
361.161 367.950
83
367.950 373.381
84
373.381 378.610
85
378.610 384.262
86
384.262 387.150
87
387.150 388.092
88
388.092 392.740
89
392.740 398.251
90
398.251 404.497
91
404.497 409.021
92
409.021 410.870
93
410.870 415.359
94
415.359 419.710
95
419.710 424.440
96
424.440 428.300
97
428.300 434.360
98
434.360 438.659
99
438.659 443.285
100
443.285 445.966
101
445.966 449.630
102
449.630 452.630
103
452.630 457.580
104
457.580 462.177
105
462.177 467.699
106
467.699 473.650
107
473.650 476.003
108
476.003 479.775
109
479.775 483.380
110
483.380 488.283
111
488.283 493.285
112
493.285 497.540
113
497.540 501.280
114
501.280 503.850
115
503.850 508.561
116
508.561 513.130
117
513.130 517.984
118
517.984 522.892
119
522.892 526.482
120
526.482 532.367
121
532.367 535.100
122
535.100 539.160
123
539.160 541.811
124
541.811 544.280
125
544.280 549.760
126
549.760 555.050
127
555.050 560.620
