0
0.000 7.210
1
7.210 14.286
2
14.286 18.240
3
18.240 21.956
4
21.956 26.510
5
26.510 30.316
6
30.316 34.332
7
34.332 38.350
8
38.350 42.134
9
42.134 43.120
10
43.120 48.670
11
48.670 54.790
12
54.790 60.953
13
60.953 64.480
14
64.480 67.337
15
67.337 70.900
16
70.900 74.697
17
74.697 79.413
18
79.413 83.206
19
83.206 87.926
20
87.926 92.070
21
92.070 94.867
22
94.867 98.261
23
98.261 101.910
24
101.910 106.250
25
106.250 110.590
26
110.590 120.103
27
120.103 124.340
28
124.340 128.082
29
128.082 131.806
30
131.806 134.190
31
134.190 138.640
32
138.640 141.597
33
141.597 144.430
34
144.430 145.487
35
145.487 148.660
36
148.660 153.280
37
153.280 157.810
38
157.810 162.890
39
162.890 167.457
40
167.457 169.150
41
169.150 173.640
42
173.640 175.460
43
175.460 178.970
44
178.970 181.120
45
181.120 185.741
46
185.741 190.720
47
190.720 192.583
48
192.583 196.460
49
196.460 204.460
50
204.460 213.790
