0
0.000 6.310
1
6.310 13.034
2
13.034 17.390
3
17.390 22.900
4
22.900 26.570
5
26.570 30.970
6
30.970 35.061
7
35.061 35.600
8
35.600 37.890
9
37.890 42.128
10
42.128 45.120
11
45.120 53.320
12
53.320 58.270
13
58.270 63.479
14
63.479 67.401
15
67.401 69.600
16
69.600 74.320
17
74.320 75.590
18
75.590 79.620
19
79.620 80.838
20
80.838 85.570
21
85.570 89.480
22
89.480 92.485
23
92.485 97.277
24
97.277 101.930
25
101.930 104.889
26
104.889 110.180
27
110.180 114.905
28
114.905 118.593
29
118.593 121.430
30
121.430 126.182
31
126.182 129.148
32
129.148 132.320
33
132.320 136.785
34
136.785 141.250
35
141.250 141.978
36
141.978 146.360
37
146.360 150.565
38
150.565 154.490
39
154.490 157.756
40
157.756 161.240
41
161.240 165.615
42
165.615 166.570
43
166.570 172.002
44
172.002 177.260
45
177.260 181.713
46
181.713 185.625
47
185.625 189.674
48
189.674 191.680
49
191.680 195.641
50
195.641 199.950
51
199.950 205.690
52
205.690 208.850
53
208.850 212.674
54
212.674 215.780
55
215.780 218.051
56
218.051 222.515
57
222.515 225.406
58
225.406 229.250
59
229.250 233.910
60
233.910 237.520
61
237.520 242.376
62
242.376 245.166
63
245.166 247.690
64
247.690 250.317
65
250.317 255.080
66
255.080 259.640
67
259.640 263.926
68
263.926 268.938
69
268.938 274.226
70
274.226 276.570
71
276.570 284.515
72
284.515 292.460
