0
0.000 6.340
1
6.340 13.759
2
13.759 18.730
3
18.730 23.141
4
23.141 25.067
5
25.067 28.954
6
28.954 33.160
7
33.160 37.173
8
37.173 39.791
9
39.791 44.718
10
44.718 49.500
11
49.500 57.197
12
57.197 62.377
13
62.377 65.840
14
65.840 69.340
15
69.340 73.930
16
73.930 78.243
17
78.243 83.003
18
83.003 86.860
19
86.860 90.750
20
90.750 95.346
21
95.346 99.920
22
99.920 103.800
23
103.800 108.670
24
108.670 112.669
25
112.669 116.180
26
116.180 119.580
27
119.580 123.967
28
123.967 129.080
29
129.080 132.940
30
132.940 136.070
31
136.070 140.134
32
140.134 145.130
33
145.130 148.112
34
148.112 151.682
35
151.682 155.540
36
155.540 159.554
37
159.554 161.870
38
161.870 166.467
39
166.467 169.070
40
169.070 173.690
41
173.690 179.390
42
179.390 181.982
43
181.982 186.975
44
186.975 191.333
45
191.333 192.950
46
192.950 197.928
47
197.928 202.533
48
202.533 206.082
49
206.082 208.270
50
208.270 212.770
51
212.770 213.410
52
213.410 216.416
53
216.416 219.660
54
219.660 223.790
55
223.790 226.091
56
226.091 230.870
57
230.870 235.720
58
235.720 240.040
59
240.040 245.402
60
245.402 249.910
61
249.910 253.568
62
253.568 256.575
63
256.575 260.660
64
260.660 264.765
65
264.765 268.870
66
268.870 271.609
67
271.609 275.030
68
275.030 279.342
69
279.342 282.510
70
282.510 285.633
71
285.633 287.445
72
287.445 292.380
73
292.380 298.500
74
298.500 304.620
