0
0.000 6.340
1
6.340 14.476
2
14.476 18.900
3
18.900 22.844
4
22.844 24.440
5
24.440 27.704
6
27.704 29.050
7
29.050 32.299
8
32.299 36.890
9
36.890 43.539
10
43.539 48.115
11
48.115 50.710
12
50.710 51.926
13
51.926 56.600
14
56.600 61.420
15
61.420 67.013
16
67.013 71.890
17
71.890 77.760
18
77.760 86.040
19
86.040 90.310
20
90.310 94.936
21
94.936 99.872
22
99.872 104.500
23
104.500 108.140
24
108.140 116.290
25
116.290 121.088
26
121.088 125.116
27
125.116 129.967
28
129.967 134.700
29
134.700 136.540
30
136.540 141.740
31
141.740 147.713
32
147.713 154.430
33
154.430 157.710
34
157.710 163.120
35
163.120 167.670
36
167.670 171.800
37
171.800 175.540
38
175.540 178.700
39
178.700 182.630
40
182.630 187.384
41
187.384 190.290
42
190.290 194.311
43
194.311 198.070
44
198.070 202.860
45
202.860 204.420
46
204.420 208.209
47
208.209 210.570
48
210.570 214.370
49
214.370 217.210
50
217.210 222.790
51
222.790 225.902
52
225.902 231.490
53
231.490 237.420
54
237.420 242.340
55
242.340 247.563
56
247.563 252.941
57
252.941 258.439
58
258.439 260.740
59
260.740 265.640
60
265.640 270.823
61
270.823 275.423
62
275.423 280.280
63
280.280 284.495
64
284.495 288.853
65
288.853 293.740
66
293.740 297.380
67
297.380 300.340
68
300.340 305.220
69
305.220 307.776
70
307.776 311.920
71
311.920 317.570
72
317.570 322.370
73
322.370 324.290
74
324.290 329.021
75
329.021 332.752
76
332.752 333.380
77
333.380 337.745
78
337.745 341.950
79
341.950 345.012
80
345.012 349.766
81
349.766 354.100
82
354.100 356.093
83
356.093 359.849
84
359.849 364.139
85
364.139 365.220
86
365.220 373.740
87
373.740 382.340
