0
0.000 8.000
1
8.000 13.289
2
13.289 19.077
3
19.077 23.535
4
23.535 27.202
5
27.202 29.870
6
29.870 31.797
7
31.797 36.027
8
36.027 40.503
9
40.503 42.780
10
42.780 45.128
11
45.128 45.990
12
45.990 50.393
13
50.393 53.382
14
53.382 57.180
15
57.180 61.670
16
61.670 65.560
17
65.560 67.110
18
67.110 72.096
19
72.096 76.740
20
76.740 81.118
21
81.118 85.287
22
85.287 89.500
23
89.500 94.066
24
94.066 98.725
25
98.725 103.460
26
103.460 108.061
27
108.061 112.840
28
112.840 119.340
29
119.340 123.293
30
123.293 124.465
31
124.465 128.330
32
128.330 132.340
33
132.340 136.119
34
136.119 138.880
35
138.880 142.303
36
142.303 147.091
37
147.091 153.334
38
153.334 158.182
39
158.182 161.654
40
161.654 165.820
41
165.820 169.820
42
169.820 175.264
43
175.264 180.220
44
180.220 185.142
45
185.142 186.944
46
186.944 190.768
47
190.768 195.670
48
195.670 198.796
49
198.796 202.795
50
202.795 204.970
51
204.970 209.602
52
209.602 213.669
53
213.669 214.607
54
214.607 219.405
55
219.405 222.940
56
222.940 226.910
57
226.910 230.070
58
230.070 234.110
59
234.110 238.641
60
238.641 243.401
61
243.401 247.479
62
247.479 251.428
63
251.428 253.210
64
253.210 255.819
65
255.819 260.419
66
260.419 264.680
67
264.680 267.798
68
267.798 269.680
69
269.680 274.346
70
274.346 276.639
71
276.639 280.698
72
280.698 284.001
73
284.001 288.385
74
288.385 292.980
75
292.980 297.832
76
297.832 302.274
77
302.274 305.888
78
305.888 310.221
79
310.221 313.450
80
313.450 317.816
81
317.816 322.895
82
322.895 326.646
83
326.646 330.453
84
330.453 331.870
85
331.870 336.090
86
336.090 339.059
87
339.059 342.579
88
342.579 346.162
89
346.162 350.186
90
350.186 354.120
91
354.120 355.227
92
355.227 360.225
93
360.225 364.320
94
364.320 366.052
95
366.052 369.991
96
369.991 372.220
97
372.220 375.301
98
375.301 378.670
99
378.670 382.170
100
382.170 385.116
101
385.116 388.680
102
388.680 390.220
103
390.220 393.520
104
393.520 397.557
105
397.557 401.022
106
401.022 405.870
107
405.870 410.112
108
410.112 414.689
109
414.689 419.064
110
419.064 423.631
111
423.631 427.390
112
427.390 433.892
113
433.892 438.768
114
438.768 442.270
115
442.270 447.396
116
447.396 449.224
117
449.224 451.179
118
451.179 455.760
119
455.760 460.460
120
460.460 464.845
121
464.845 468.805
122
468.805 471.834
123
471.834 475.917
124
475.917 480.933
125
480.933 484.805
126
484.805 488.514
127
488.514 491.772
128
491.772 496.578
129
496.578 500.433
130
500.433 502.357
131
502.357 504.362
132
504.362 507.109
133
507.109 510.414
134
510.414 514.870
135
514.870 517.911
136
517.911 520.950
137
520.950 523.900
138
523.900 528.960
139
528.960 534.130
140
534.130 540.099
141
540.099 543.145
142
543.145 545.300
143
545.300 550.076
144
550.076 554.700
145
554.700 559.531
146
559.531 562.399
147
562.399 563.870
148
563.870 566.483
149
566.483 570.720
150
570.720 575.120
151
575.120 579.698
152
579.698 584.576
153
584.576 589.546
154
589.546 593.591
155
593.591 597.254
156
597.254 599.807
157
599.807 601.430
158
601.430 604.055
159
604.055 607.150
160
607.150 615.150
161
615.150 623.480
