0
0.000 9.137
1
9.137 15.070
2
15.070 20.070
3
20.070 26.923
4
26.923 30.940
5
30.940 35.445
6
35.445 39.916
7
39.916 44.198
8
44.198 48.662
9
48.662 54.160
10
54.160 56.646
11
56.646 61.790
12
61.790 64.975
13
64.975 69.265
14
69.265 73.240
15
73.240 76.959
16
76.959 82.250
17
82.250 83.974
18
83.974 88.890
19
88.890 95.530
20
95.530 100.430
21
100.430 103.723
22
103.723 107.406
23
107.406 112.860
24
112.860 117.948
25
117.948 123.890
26
123.890 127.231
27
127.231 132.022
28
132.022 136.628
29
136.628 140.090
30
140.090 146.305
31
146.305 151.358
32
151.358 155.400
33
155.400 160.763
34
160.763 166.121
35
166.121 170.452
36
170.452 173.830
37
173.830 176.200
38
176.200 179.012
39
179.012 180.417
40
180.417 184.200
41
184.200 188.479
42
188.479 192.963
43
192.963 197.490
44
197.490 202.695
45
202.695 207.900
46
207.900 211.892
47
211.892 216.150
48
216.150 221.715
49
221.715 226.560
50
226.560 230.964
51
230.964 235.844
52
235.844 238.950
53
238.950 245.366
54
245.366 250.190
55
250.190 254.450
56
254.450 259.565
57
259.565 264.615
58
264.615 268.616
59
268.616 270.520
60
270.520 274.902
61
274.902 279.389
62
279.389 284.454
63
284.454 289.382
64
289.382 293.144
65
293.144 296.360
66
296.360 301.157
67
301.157 304.054
68
304.054 307.260
69
307.260 314.149
70
314.149 316.472
71
316.472 320.536
72
320.536 321.865
73
321.865 325.548
74
325.548 326.472
75
326.472 329.796
76
329.796 333.742
77
333.742 337.450
78
337.450 343.288
79
343.288 348.022
80
348.022 351.390
81
351.390 353.508
82
353.508 357.980
83
357.980 359.656
84
359.656 360.997
85
360.997 363.684
86
363.684 367.780
87
367.780 372.580
88
372.580 376.338
89
376.338 382.335
90
382.335 387.882
91
387.882 393.190
92
393.190 396.793
93
396.793 400.999
94
400.999 402.543
95
402.543 408.236
96
408.236 413.198
97
413.198 415.763
98
415.763 418.170
99
418.170 420.525
100
420.525 424.705
101
424.705 430.045
102
430.045 432.725
103
432.725 438.009
104
438.009 441.636
105
441.636 446.500
106
446.500 452.423
107
452.423 455.980
108
455.980 460.459
109
460.459 464.263
110
464.263 469.222
111
469.222 471.370
112
471.370 475.203
113
475.203 478.886
114
478.886 483.763
115
483.763 488.493
116
488.493 493.680
117
493.680 497.622
118
497.622 502.637
119
502.637 507.430
120
507.430 512.060
121
512.060 516.410
122
516.410 520.910
123
520.910 524.830
124
524.830 529.770
125
529.770 534.776
126
534.776 539.450
127
539.450 543.125
128
543.125 547.210
129
547.210 552.910
130
552.910 558.610
131
558.610 562.825
132
562.825 567.610
133
567.610 571.150
134
571.150 575.314
135
575.314 578.395
136
578.395 582.060
137
582.060 582.637
138
582.637 583.341
139
583.341 586.927
140
586.927 590.499
141
590.499 592.665
142
592.665 594.120
143
594.120 596.696
144
596.696 601.624
145
601.624 606.030
146
606.030 614.090
147
614.090 622.620
