0
0.000 8.000
1
8.000 13.084
2
13.084 17.380
3
17.380 21.757
4
21.757 26.885
5
26.885 31.534
6
31.534 35.240
7
35.240 38.977
8
38.977 42.036
9
42.036 45.830
10
45.830 48.230
11
48.230 53.073
12
53.073 56.227
13
56.227 58.647
14
58.647 59.922
15
59.922 64.880
16
64.880 68.823
17
68.823 72.412
18
72.412 75.818
19
75.818 80.065
20
80.065 81.402
21
81.402 85.210
22
85.210 87.850
23
87.850 91.700
24
91.700 96.400
25
96.400 99.176
26
99.176 100.286
27
100.286 102.130
28
102.130 107.354
29
107.354 113.090
30
113.090 116.669
31
116.669 120.886
32
120.886 124.735
33
124.735 128.760
34
128.760 131.520
35
131.520 133.800
36
133.800 136.966
37
136.966 138.497
38
138.497 141.853
39
141.853 144.943
40
144.943 147.858
41
147.858 149.600
42
149.600 153.427
43
153.427 156.908
44
156.908 160.423
45
160.423 165.180
46
165.180 167.577
47
167.577 170.912
48
170.912 176.545
49
176.545 180.870
50
180.870 184.237
51
184.237 186.212
52
186.212 188.728
53
188.728 193.089
54
193.089 198.038
55
198.038 202.851
56
202.851 205.860
57
205.860 209.258
58
209.258 211.990
59
211.990 214.940
60
214.940 217.529
61
217.529 218.260
62
218.260 220.840
63
220.840 223.559
64
223.559 226.359
65
226.359 230.515
66
230.515 231.842
67
231.842 232.890
68
232.890 235.504
69
235.504 238.888
70
238.888 241.258
71
241.258 243.773
72
243.773 247.148
73
247.148 251.929
74
251.929 255.819
75
255.819 260.337
76
260.337 262.907
77
262.907 267.740
78
267.740 269.978
79
269.978 275.881
80
275.881 280.391
81
280.391 285.007
82
285.007 289.052
83
289.052 291.937
84
291.937 293.442
85
293.442 294.918
86
294.918 297.710
87
297.710 302.640
88
302.640 306.780
89
306.780 310.355
90
310.355 313.820
91
313.820 316.910
92
316.910 319.980
93
319.980 324.080
94
324.080 328.753
95
328.753 331.674
96
331.674 333.980
97
333.980 336.939
98
336.939 339.490
99
339.490 340.039
100
340.039 340.710
101
340.710 343.580
102
343.580 348.444
103
348.444 350.514
104
350.514 352.929
105
352.929 357.169
106
357.169 360.898
107
360.898 365.261
108
365.261 368.881
109
368.881 371.390
110
371.390 375.080
111
375.080 378.699
112
378.699 381.283
113
381.283 383.760
114
383.760 387.252
115
387.252 389.803
116
389.803 390.463
117
390.463 391.916
118
391.916 394.790
119
394.790 397.004
120
397.004 399.793
121
399.793 403.381
122
403.381 407.090
123
407.090 408.880
124
408.880 413.920
125
413.920 418.450
126
418.450 419.516
127
419.516 423.623
128
423.623 426.391
129
426.391 430.456
130
430.456 432.060
131
432.060 436.567
132
436.567 437.200
133
437.200 438.402
134
438.402 441.285
135
441.285 445.370
136
445.370 448.256
137
448.256 450.520
138
450.520 455.310
139
455.310 459.340
140
459.340 461.232
141
461.232 462.799
142
462.799 466.461
143
466.461 470.772
144
470.772 473.675
145
473.675 474.730
146
474.730 479.891
147
479.891 484.310
148
484.310 485.712
149
485.712 489.528
150
489.528 492.820
151
492.820 494.210
152
494.210 495.720
153
495.720 499.531
154
499.531 503.754
155
503.754 507.030
156
507.030 508.863
157
508.863 510.454
158
510.454 511.515
159
511.515 514.940
160
514.940 517.839
161
517.839 521.549
162
521.549 524.753
163
524.753 526.150
164
526.150 530.575
165
530.575 534.261
166
534.261 536.949
167
536.949 539.145
168
539.145 543.032
169
543.032 546.271
170
546.271 549.854
171
549.854 553.756
172
553.756 555.495
173
555.495 557.080
174
557.080 558.410
175
558.410 559.444
176
559.444 562.813
177
562.813 567.702
178
567.702 572.714
179
572.714 577.687
180
577.687 578.390
181
578.390 581.685
182
581.685 587.540
183
587.540 592.290
184
592.290 593.772
185
593.772 595.439
186
595.439 597.167
187
597.167 599.894
188
599.894 601.549
189
601.549 604.539
190
604.539 607.455
191
607.455 611.590
192
611.590 614.542
193
614.542 617.760
194
617.760 618.579
195
618.579 619.587
196
619.587 622.485
197
622.485 630.653
198
630.653 637.755
199
637.755 642.750
