0
0.000 5.203
1
5.203 10.085
2
10.085 13.855
3
13.855 15.780
4
15.780 18.458
5
18.458 21.630
6
21.630 25.670
7
25.670 30.194
8
30.194 34.970
9
34.970 39.805
10
39.805 42.270
11
42.270 46.771
12
46.771 49.550
13
49.550 53.614
14
53.614 56.902
15
56.902 61.000
16
61.000 65.691
17
65.691 70.779
18
70.779 72.600
19
72.600 77.304
20
77.304 81.132
21
81.132 82.855
22
82.855 86.107
23
86.107 88.650
24
88.650 92.380
25
92.380 97.890
26
97.890 100.823
27
100.823 104.420
28
104.420 108.450
29
108.450 112.718
30
112.718 115.330
