0
0.000 4.635
1
4.635 9.540
2
9.540 14.170
3
14.170 18.910
4
18.910 25.450
5
25.450 30.870
6
30.870 35.790
7
35.790 41.195
8
41.195 45.100
9
45.100 48.996
10
48.996 51.140
11
51.140 56.180
12
56.180 59.230
13
59.230 62.754
14
62.754 66.590
15
66.590 71.535
16
71.535 74.871
17
74.871 79.700
18
79.700 85.290
19
85.290 90.204
20
90.204 95.392
21
95.392 101.150
22
101.150 105.986
23
105.986 108.640
24
108.640 113.465
25
113.465 117.568
26
117.568 122.280
27
122.280 127.650
28
127.650 134.169
29
134.169 138.620
30
138.620 143.855
31
143.855 149.090
32
149.090 153.707
33
153.707 157.195
34
157.195 161.390
35
161.390 168.570
36
168.570 175.800
37
175.800 180.510
38
180.510 185.156
39
185.156 186.110
40
186.110 190.580
41
190.580 194.655
42
194.655 198.730
43
198.730 203.356
44
203.356 207.230
45
207.230 210.600
46
210.600 217.050
47
217.050 220.290
48
220.290 225.164
49
225.164 228.157
50
228.157 231.580
51
231.580 237.020
52
237.020 243.420
53
243.420 247.260
54
247.260 251.180
55
251.180 255.470
56
255.470 260.497
57
260.497 266.230
58
266.230 272.319
59
272.319 273.230
