0
0.000 6.025
1
6.025 8.970
2
8.970 9.623
3
9.623 13.550
4
13.550 18.440
5
18.440 23.342
6
23.342 27.730
7
27.730 32.390
8
32.390 36.420
9
36.420 41.630
10
41.630 47.190
11
47.190 54.050
12
54.050 58.550
13
58.550 64.070
14
64.070 68.100
15
68.100 71.700
16
71.700 78.700
17
78.700 83.730
18
83.730 87.075
19
87.075 93.745
20
93.745 99.530
21
99.530 105.710
22
105.710 111.610
23
111.610 116.610
24
116.610 121.080
25
121.080 127.220
26
127.220 132.969
27
132.969 138.490
28
138.490 141.572
29
141.572 145.860
30
145.860 151.900
31
151.900 156.470
32
156.470 162.410
33
162.410 167.600
34
167.600 172.660
35
172.660 175.155
36
175.155 179.240
37
179.240 184.267
38
184.267 187.620
39
187.620 189.400
40
189.400 193.850
41
193.850 198.455
42
198.455 203.060
43
203.060 210.100
44
210.100 215.480
45
215.480 221.130
46
221.130 229.882
47
229.882 236.326
48
236.326 241.658
49
241.658 248.240
50
248.240 252.981
51
252.981 254.690
52
254.690 256.769
53
256.769 261.470
54
261.470 265.220
55
265.220 267.970
56
267.970 271.417
57
271.417 275.680
58
275.680 280.490
59
280.490 285.374
60
285.374 290.860
61
290.860 294.740
62
294.740 299.290
63
299.290 305.000
64
305.000 310.430
65
310.430 318.670
66
318.670 323.820
67
323.820 324.610
