0
0.000 9.070
1
9.070 10.134
2
10.134 13.160
3
13.160 17.090
4
17.090 21.942
5
21.942 25.000
6
25.000 28.640
7
28.640 33.720
8
33.720 41.720
9
41.720 48.065
10
48.065 55.473
11
55.473 61.855
12
61.855 69.300
13
69.300 73.390
14
73.390 77.480
15
77.480 82.300
16
82.300 86.398
17
86.398 91.020
18
91.020 96.240
19
96.240 101.460
20
101.460 108.595
21
108.595 113.400
22
113.400 118.430
23
118.430 120.540
24
120.540 126.140
25
126.140 130.410
26
130.410 135.961
27
135.961 140.870
28
140.870 147.989
29
147.989 148.930
