0
0.000 6.025
1
6.025 9.633
2
9.633 13.550
3
13.550 17.140
4
17.140 22.220
5
22.220 30.220
6
30.220 38.220
7
38.220 46.220
8
46.220 53.756
9
53.756 60.110
10
60.110 62.845
11
62.845 66.550
12
66.550 70.938
13
70.938 75.910
14
75.910 83.080
15
83.080 88.077
16
88.077 92.220
17
92.220 97.470
18
97.470 101.910
19
101.910 105.740
20
105.740 109.580
21
109.580 114.680
22
114.680 118.270
23
118.270 125.360
24
125.360 128.780
25
128.780 134.510
26
134.510 139.650
27
139.650 144.670
28
144.670 147.920
29
147.920 152.150
30
152.150 156.970
31
156.970 166.184
32
166.184 172.330
33
172.330 178.630
34
178.630 183.150
35
183.150 187.060
36
187.060 192.510
37
192.510 198.280
38
198.280 201.700
39
201.700 205.608
40
205.608 210.850
41
210.850 217.090
42
217.090 221.638
43
221.638 225.160
44
225.160 230.150
45
230.150 235.200
46
235.200 241.310
47
241.310 245.810
48
245.810 250.154
49
250.154 254.913
50
254.913 257.500
51
257.500 264.500
52
264.500 267.660
53
267.660 272.032
54
272.032 274.830
55
274.830 278.604
56
278.604 283.028
57
283.028 285.656
58
285.656 291.447
59
291.447 291.990
