0
0.000 5.521
1
5.521 10.425
2
10.425 15.850
3
15.850 23.780
4
23.780 28.086
5
28.086 33.080
6
33.080 36.464
7
36.464 41.210
8
41.210 46.341
9
46.341 51.560
10
51.560 56.287
11
56.287 61.766
12
61.766 66.130
13
66.130 70.160
14
70.160 74.660
15
74.660 79.160
16
79.160 84.250
17
84.250 88.320
18
88.320 91.726
19
91.726 95.931
20
95.931 100.566
21
100.566 105.200
22
105.200 110.062
23
110.062 114.231
24
114.231 116.047
25
116.047 122.750
26
122.750 127.323
27
127.323 131.956
28
131.956 137.391
29
137.391 143.641
30
143.641 148.659
31
148.659 153.960
32
153.960 159.101
33
159.101 162.690
34
162.690 167.612
35
167.612 170.330
36
170.330 175.570
37
175.570 180.450
38
180.450 184.582
39
184.582 188.040
40
188.040 192.370
41
192.370 198.150
42
198.150 203.930
43
203.930 210.378
44
210.378 216.352
45
216.352 222.130
46
222.130 227.415
47
227.415 234.585
48
234.585 238.406
49
238.406 239.400
50
239.400 243.410
51
243.410 249.110
52
249.110 253.493
53
253.493 257.590
54
257.590 259.668
55
259.668 264.826
56
264.826 269.900
57
269.900 274.540
58
274.540 279.180
59
279.180 283.480
60
283.480 287.983
61
287.983 291.320
62
291.320 295.118
63
295.118 299.793
64
299.793 304.591
65
304.591 309.342
66
309.342 313.149
67
313.149 318.158
68
318.158 323.427
69
323.427 328.919
70
328.919 331.830
71
331.830 337.500
72
337.500 339.300
73
339.300 344.425
74
344.425 349.730
75
349.730 354.750
76
354.750 360.600
77
360.600 365.405
78
365.405 367.505
79
367.505 373.231
80
373.231 378.643
81
378.643 384.947
82
384.947 390.996
83
390.996 395.707
84
395.707 399.581
85
399.581 403.390
86
403.390 409.616
87
409.616 414.931
88
414.931 418.670
89
418.670 421.920
90
421.920 426.308
91
426.308 432.880
92
432.880 438.196
93
438.196 443.218
94
443.218 448.474
95
448.474 454.345
96
454.345 460.096
97
460.096 465.670
98
465.670 472.440
99
472.440 477.823
100
477.823 484.414
101
484.414 490.440
102
490.440 493.760
103
493.760 498.270
104
498.270 503.184
105
503.184 508.360
106
508.360 511.210
107
511.210 516.439
108
516.439 522.788
109
522.788 527.563
110
527.563 532.593
111
532.593 537.704
112
537.704 542.485
113
542.485 548.993
114
548.993 554.310
115
554.310 557.590
116
557.590 565.590
117
565.590 572.915
118
572.915 580.240
