0
0.000 5.216
1
5.216 10.180
2
10.180 14.420
3
14.420 19.100
4
19.100 22.921
5
22.921 25.665
6
25.665 29.370
7
29.370 34.292
8
34.292 35.270
9
35.270 37.809
10
37.809 40.030
11
40.030 45.210
12
45.210 53.034
13
53.034 57.427
14
57.427 58.610
15
58.610 64.546
16
64.546 67.690
17
67.690 70.890
18
70.890 75.110
19
75.110 80.677
20
80.677 87.500
21
87.500 92.250
22
92.250 96.250
23
96.250 101.016
24
101.016 103.440
25
103.440 109.084
26
109.084 114.590
27
114.590 119.310
28
119.310 123.561
29
123.561 124.990
30
124.990 128.760
31
128.760 133.963
32
133.963 139.130
33
139.130 144.440
34
144.440 148.150
35
148.150 153.110
36
153.110 157.458
37
157.458 161.690
38
161.690 168.291
39
168.291 174.752
40
174.752 175.710
