0
0.000 4.636
1
4.636 9.565
2
9.565 10.217
3
10.217 14.740
4
14.740 21.160
5
21.160 26.159
6
26.159 28.750
7
28.750 33.733
8
33.733 39.070
9
39.070 43.650
10
43.650 48.230
11
48.230 52.754
12
52.754 53.980
13
53.980 59.050
14
59.050 65.220
15
65.220 68.610
16
68.610 75.770
17
75.770 79.202
18
79.202 82.120
19
82.120 88.560
20
88.560 94.360
21
94.360 99.494
22
99.494 104.410
23
104.410 108.400
24
108.400 114.029
25
114.029 119.590
26
119.590 123.940
27
123.940 127.678
28
127.678 132.520
29
132.520 137.204
30
137.204 139.970
31
139.970 145.398
32
145.398 148.930
33
148.930 153.743
34
153.743 155.140
35
155.140 158.330
36
158.330 162.010
37
162.010 165.735
38
165.735 170.873
39
170.873 174.990
40
174.990 179.410
41
179.410 184.690
42
184.690 189.184
43
189.184 191.660
44
191.660 196.845
45
196.845 202.030
46
202.030 204.970
47
204.970 207.560
48
207.560 211.200
49
211.200 219.260
50
219.260 227.802
51
227.802 231.160
52
231.160 235.182
53
235.182 235.890
