0
0.000 8.150
1
8.150 13.083
2
13.083 16.930
3
16.930 20.880
4
20.880 25.290
5
25.290 31.995
6
31.995 37.500
7
37.500 44.352
8
44.352 49.700
9
49.700 55.447
10
55.447 59.470
11
59.470 64.130
12
64.130 71.622
13
71.622 77.262
14
77.262 84.090
15
84.090 88.670
16
88.670 94.740
17
94.740 99.030
18
99.030 102.560
19
102.560 106.204
20
106.204 108.280
21
108.280 116.280
22
116.280 126.001
23
126.001 130.360
24
130.360 136.310
25
136.310 139.870
26
139.870 145.319
27
145.319 150.570
28
150.570 158.463
29
158.463 161.960
30
161.960 169.541
31
169.541 176.280
32
176.280 180.032
33
180.032 185.140
34
185.140 187.591
35
187.591 191.560
36
191.560 196.146
37
196.146 196.750
38
196.750 202.250
39
202.250 207.620
40
207.620 211.421
41
211.421 213.450
42
213.450 221.450
43
221.450 229.790
44
229.790 234.545
45
234.545 235.290
