0
0.000 4.638
1
4.638 9.610
2
9.610 12.955
3
12.955 14.830
4
14.830 18.870
5
18.870 25.170
6
25.170 29.260
7
29.260 32.680
8
32.680 40.680
9
40.680 48.680
10
48.680 56.680
11
56.680 64.680
12
64.680 71.550
13
71.550 75.854
14
75.854 81.630
15
81.630 85.028
16
85.028 90.760
17
90.760 93.936
18
93.936 99.140
19
99.140 102.565
20
102.565 108.090
21
108.090 112.850
22
112.850 117.860
23
117.860 123.665
24
123.665 129.930
25
129.930 135.473
26
135.473 143.460
27
143.460 148.160
28
148.160 152.034
29
152.034 154.790
30
154.790 159.114
31
159.114 162.430
32
162.430 166.340
33
166.340 174.340
34
174.340 182.143
35
182.143 186.120
36
186.120 191.635
37
191.635 192.520
