0
0.000 5.515
1
5.515 9.570
2
9.570 12.261
3
12.261 14.750
4
14.750 20.015
5
20.015 25.280
6
25.280 29.710
7
29.710 37.206
8
37.206 42.360
9
42.360 50.260
10
50.260 55.045
11
55.045 58.160
12
58.160 65.855
13
65.855 70.731
14
70.731 74.990
15
74.990 80.161
16
80.161 84.650
17
84.650 90.766
18
90.766 95.030
19
95.030 98.960
20
98.960 103.750
21
103.750 107.940
22
107.940 112.906
23
112.906 118.100
24
118.100 122.190
25
122.190 129.156
26
129.156 134.447
27
134.447 138.283
28
138.283 144.130
29
144.130 148.506
30
148.506 151.600
31
151.600 157.200
32
157.200 163.270
33
163.270 169.480
34
169.480 173.456
35
173.456 177.630
36
177.630 181.580
37
181.580 186.382
38
186.382 189.846
39
189.846 195.378
40
195.378 198.710
41
198.710 203.956
42
203.956 208.110
43
208.110 212.572
44
212.572 215.019
45
215.019 215.640
