0
0.000 6.141
1
6.141 12.230
2
12.230 16.050
3
16.050 20.216
4
20.216 24.797
5
24.797 27.810
6
27.810 32.113
7
32.113 38.685
8
38.685 44.929
9
44.929 49.281
10
49.281 55.350
11
55.350 61.410
12
61.410 66.120
13
66.120 72.270
14
72.270 76.210
15
76.210 81.640
16
81.640 89.800
17
89.800 94.370
18
94.370 98.033
19
98.033 100.380
20
100.380 103.627
21
103.627 108.440
22
108.440 113.226
23
113.226 118.140
24
118.140 121.995
25
121.995 127.465
26
127.465 133.944
27
133.944 138.151
28
138.151 142.100
29
142.100 147.140
30
147.140 152.157
31
152.157 157.746
32
157.746 162.998
33
162.998 168.405
34
168.405 174.736
35
174.736 179.697
36
179.697 182.863
37
182.863 189.180
38
189.180 196.244
39
196.244 200.525
40
200.525 205.806
41
205.806 211.133
42
211.133 216.610
43
216.610 221.539
44
221.539 225.580
45
225.580 228.890
46
228.890 234.860
47
234.860 241.466
48
241.466 246.700
49
246.700 250.390
50
250.390 253.627
51
253.627 258.280
52
258.280 261.083
53
261.083 262.990
54
262.990 268.550
55
268.550 274.530
56
274.530 278.770
57
278.770 285.600
58
285.600 290.070
59
290.070 296.451
60
296.451 301.740
61
301.740 307.076
62
307.076 311.751
63
311.751 316.427
64
316.427 318.820
65
318.820 323.480
66
323.480 328.448
67
328.448 330.250
68
330.250 333.990
69
333.990 337.136
70
337.136 342.222
71
342.222 348.470
72
348.470 354.560
73
354.560 358.902
74
358.902 363.900
75
363.900 368.432
76
368.432 374.125
77
374.125 378.667
78
378.667 383.460
79
383.460 391.585
80
391.585 396.497
81
396.497 402.167
82
402.167 407.290
83
407.290 412.274
84
412.274 416.635
85
416.635 420.330
86
420.330 428.330
87
428.330 435.035
88
435.035 441.740
