0
0.000 5.168
1
5.168 9.840
2
9.840 14.146
3
14.146 15.180
4
15.180 19.760
5
19.760 26.820
6
26.820 33.629
7
33.629 39.970
8
39.970 43.930
9
43.930 47.680
10
47.680 52.150
11
52.150 56.810
12
56.810 61.470
13
61.470 65.485
14
65.485 69.500
15
69.500 72.312
16
72.312 76.494
17
76.494 78.370
18
78.370 85.080
19
85.080 89.872
20
89.872 92.090
21
92.090 97.590
22
97.590 101.872
23
101.872 104.330
24
104.330 108.610
25
108.610 111.630
26
111.630 115.569
27
115.569 118.530
28
118.530 123.520
29
123.520 130.416
30
130.416 137.981
31
137.981 142.883
32
142.883 148.060
33
148.060 154.284
34
154.284 160.920
35
160.920 166.420
36
166.420 171.718
37
171.718 174.810
38
174.810 178.250
39
178.250 182.753
40
182.753 184.740
41
184.740 188.686
42
188.686 191.360
43
191.360 192.211
44
192.211 196.650
45
196.650 201.571
46
201.571 205.733
47
205.733 210.690
48
210.690 214.900
49
214.900 221.050
50
221.050 226.450
51
226.450 232.610
52
232.610 240.610
53
240.610 248.610
54
248.610 254.885
55
254.885 260.010
56
260.010 266.970
57
266.970 271.710
58
271.710 277.357
59
277.357 282.410
60
282.410 286.580
61
286.580 291.900
62
291.900 296.910
63
296.910 301.805
64
301.805 306.700
65
306.700 313.630
66
313.630 317.470
67
317.470 323.387
68
323.387 329.020
69
329.020 333.400
70
333.400 338.077
71
338.077 344.510
72
344.510 349.975
73
349.975 355.440
74
355.440 358.940
75
358.940 363.775
76
363.775 366.320
77
366.320 371.550
78
371.550 376.111
79
376.111 381.124
80
381.124 385.940
81
385.940 389.500
82
389.500 397.330
83
397.330 403.310
84
403.310 407.429
85
407.429 409.650
86
409.650 416.081
87
416.081 417.750
