0
0.000 9.175
1
9.175 10.277
2
10.277 13.350
3
13.350 18.790
4
18.790 23.991
5
23.991 28.350
6
28.350 33.294
7
33.294 34.580
8
34.580 39.420
9
39.420 42.580
10
42.580 46.005
11
46.005 49.800
12
49.800 54.798
13
54.798 58.703
14
58.703 64.210
15
64.210 69.840
16
69.840 76.003
17
76.003 81.750
18
81.750 86.820
19
86.820 91.210
20
91.210 96.225
21
96.225 102.090
22
102.090 108.700
23
108.700 112.234
24
112.234 115.310
25
115.310 121.312
26
121.312 126.160
27
126.160 131.000
28
131.000 135.726
29
135.726 139.964
30
139.964 145.090
31
145.090 149.760
32
149.760 154.430
33
154.430 159.459
34
159.459 162.350
35
162.350 167.900
36
167.900 174.200
37
174.200 182.780
38
182.780 187.105
39
187.105 187.640
40
187.640 191.300
41
191.300 195.180
42
195.180 202.570
43
202.570 206.250
44
206.250 210.650
45
210.650 213.990
46
213.990 220.630
47
220.630 224.621
48
224.621 227.270
49
227.270 232.240
50
232.240 235.290
