0
0.000 4.671
1
4.671 9.257
2
9.257 13.400
3
13.400 17.324
4
17.324 20.720
5
20.720 25.240
6
25.240 29.920
7
29.920 36.990
8
36.990 42.170
9
42.170 46.780
10
46.780 51.110
11
51.110 55.794
12
55.794 59.089
13
59.089 63.162
14
63.162 68.830
15
68.830 72.750
16
72.750 77.945
17
77.945 82.380
18
82.380 87.180
19
87.180 92.535
20
92.535 97.890
21
97.890 105.220
22
105.220 113.614
23
113.614 118.727
24
118.727 123.516
25
123.516 127.720
26
127.720 132.401
27
132.401 134.790
28
134.790 139.390
29
139.390 147.080
30
147.080 153.430
31
153.430 158.441
32
158.441 164.110
33
164.110 167.422
34
167.422 171.912
35
171.912 175.170
36
175.170 178.646
37
178.646 181.120
38
181.120 183.603
39
183.603 187.180
40
187.180 192.030
41
192.030 198.425
42
198.425 203.790
43
203.790 208.270
44
208.270 212.750
45
212.750 218.830
46
218.830 224.069
47
224.069 228.490
48
228.490 232.670
49
232.670 235.500
50
235.500 240.325
51
240.325 245.770
52
245.770 250.580
53
250.580 255.420
54
255.420 262.153
55
262.153 267.030
56
267.030 274.308
57
274.308 278.706
58
278.706 284.319
59
284.319 290.490
60
290.490 295.147
61
295.147 297.120
62
297.120 303.750
63
303.750 308.310
64
308.310 312.459
65
312.459 314.090
66
314.090 318.804
67
318.804 324.340
68
324.340 329.142
69
329.142 332.260
70
332.260 336.480
71
336.480 338.130
72
338.130 344.210
73
344.210 349.160
74
349.160 356.677
75
356.677 363.868
76
363.868 368.440
77
368.440 371.070
78
371.070 375.460
79
375.460 380.540
80
380.540 385.620
81
385.620 390.280
82
390.280 395.118
83
395.118 398.320
84
398.320 402.616
85
402.616 407.140
86
407.140 410.960
87
410.960 414.639
88
414.639 418.910
89
418.910 426.910
90
426.910 433.939
91
433.939 439.436
92
439.436 440.110
