0
0.000 5.932
1
5.932 9.322
2
9.322 13.040
3
13.040 17.828
4
17.828 18.340
5
18.340 23.590
6
23.590 29.190
7
29.190 33.495
8
33.495 35.327
9
35.327 38.718
10
38.718 41.430
11
41.430 45.818
12
45.818 49.580
13
49.580 57.680
14
57.680 62.436
15
62.436 66.062
16
66.062 70.060
17
70.060 75.800
18
75.800 80.370
19
80.370 84.023
20
84.023 88.340
21
88.340 92.742
22
92.742 94.641
23
94.641 99.200
24
99.200 102.290
25
102.290 106.988
26
106.988 110.060
27
110.060 115.480
28
115.480 119.975
29
119.975 124.470
30
124.470 129.033
31
129.033 130.880
32
130.880 135.399
33
135.399 140.033
34
140.033 144.450
35
144.450 146.800
36
146.800 154.956
37
154.956 159.659
38
159.659 163.420
39
163.420 167.770
40
167.770 176.236
41
176.236 181.250
42
181.250 185.430
43
185.430 189.260
44
189.260 193.169
45
193.169 197.450
46
197.450 203.980
47
203.980 208.948
48
208.948 211.796
49
211.796 217.868
50
217.868 220.788
51
220.788 224.890
52
224.890 229.190
53
229.190 233.946
54
233.946 238.094
55
238.094 241.560
56
241.560 245.450
57
245.450 250.345
58
250.345 255.240
59
255.240 260.300
60
260.300 268.677
61
268.677 273.200
62
273.200 277.662
63
277.662 282.523
64
282.523 283.380
