0
0.000 5.542
1
5.542 9.700
2
9.700 13.390
3
13.390 15.350
4
15.350 17.966
5
17.966 23.300
6
23.300 27.680
7
27.680 32.265
8
32.265 37.330
9
37.330 42.465
10
42.465 47.600
11
47.600 53.450
12
53.450 61.900
13
61.900 69.060
14
69.060 79.010
15
79.010 81.279
16
81.279 86.400
17
86.400 91.350
18
91.350 97.150
19
97.150 105.150
20
105.150 113.150
21
113.150 121.326
22
121.326 128.760
23
128.760 132.924
24
132.924 138.385
25
138.385 143.210
26
143.210 151.121
27
151.121 160.140
28
160.140 168.140
29
168.140 176.140
30
176.140 184.180
31
184.180 191.150
32
191.150 199.150
33
199.150 207.150
34
207.150 215.150
35
215.150 223.150
36
223.150 229.167
37
229.167 232.960
38
232.960 237.670
39
237.670 241.702
40
241.702 246.559
41
246.559 249.190
42
249.190 254.840
43
254.840 260.455
44
260.455 266.720
45
266.720 274.564
46
274.564 278.710
47
278.710 283.470
48
283.470 288.375
49
288.375 293.280
50
293.280 297.360
51
297.360 302.441
52
302.441 306.380
53
306.380 312.290
54
312.290 316.200
55
316.200 319.230
