0
0.000 4.739
1
4.739 9.241
2
9.241 12.770
3
12.770 18.314
4
18.314 20.330
5
20.330 29.040
6
29.040 34.606
7
34.606 39.710
8
39.710 44.013
9
44.013 48.040
10
48.040 55.631
11
55.631 62.670
12
62.670 70.213
13
70.213 74.800
14
74.800 78.640
15
78.640 84.971
16
84.971 90.430
17
90.430 94.160
18
94.160 98.982
19
98.982 103.585
20
103.585 108.510
21
108.510 114.010
22
114.010 116.701
23
116.701 122.060
24
122.060 127.676
25
127.676 131.700
26
131.700 136.959
27
136.959 143.940
28
143.940 148.950
29
148.950 155.800
30
155.800 162.580
31
162.580 167.990
32
167.990 173.400
33
173.400 177.530
34
177.530 183.365
35
183.365 189.200
36
189.200 194.350
37
194.350 199.535
38
199.535 206.310
39
206.310 214.310
40
214.310 223.779
41
223.779 228.480
42
228.480 235.200
43
235.200 241.210
44
241.210 248.380
45
248.380 252.550
46
252.550 256.720
47
256.720 260.805
48
260.805 265.659
49
265.659 271.555
50
271.555 275.880
51
275.880 279.180
52
279.180 281.123
53
281.123 286.075
54
286.075 290.750
55
290.750 296.411
56
296.411 299.100
57
299.100 302.950
58
302.950 306.454
59
306.454 310.870
60
310.870 315.750
61
315.750 317.399
62
317.399 321.910
63
321.910 328.921
64
328.921 333.400
65
333.400 341.400
66
341.400 349.309
67
349.309 354.660
68
354.660 357.850
69
357.850 365.850
70
365.850 374.880
71
374.880 380.408
72
380.408 382.980
73
382.980 389.830
74
389.830 394.019
75
394.019 396.680
76
396.680 402.786
77
402.786 403.630
