0
0.000 4.390
1
4.390 10.690
2
10.690 11.264
3
11.264 14.360
4
14.360 19.237
5
19.237 21.310
6
21.310 25.524
7
25.524 29.150
8
29.150 32.846
9
32.846 34.700
10
34.700 36.291
11
36.291 39.480
12
39.480 44.430
13
44.430 48.932
14
48.932 53.875
15
53.875 57.166
16
57.166 61.240
17
61.240 65.801
18
65.801 69.100
19
69.100 74.821
20
74.821 82.360
21
82.360 86.709
22
86.709 88.690
23
88.690 92.780
24
92.780 97.340
25
97.340 102.620
26
102.620 107.550
27
107.550 116.640
28
116.640 123.553
29
123.553 126.410
30
126.410 130.520
31
130.520 136.995
32
136.995 141.620
33
141.620 146.737
34
146.737 151.891
35
151.891 156.920
36
156.920 160.022
37
160.022 162.400
38
162.400 165.481
39
165.481 168.170
40
168.170 176.170
41
176.170 182.264
42
182.264 185.810
43
185.810 191.550
44
191.550 198.317
45
198.317 199.090
