0
0.000 7.289
1
7.289 13.065
2
13.065 17.959
3
17.959 23.222
4
23.222 28.435
5
28.435 35.520
6
35.520 41.563
7
41.563 45.470
8
45.470 50.650
9
50.650 55.699
10
55.699 59.530
11
59.530 63.916
12
63.916 69.447
13
69.447 74.027
14
74.027 78.210
15
78.210 85.530
16
85.530 90.665
17
90.665 95.160
18
95.160 101.290
19
101.290 107.160
20
107.160 113.622
21
113.622 119.810
22
119.810 124.640
23
124.640 129.250
24
129.250 135.956
25
135.956 141.324
26
141.324 146.270
27
146.270 149.750
28
149.750 157.238
29
157.238 162.489
30
162.489 169.014
31
169.014 174.630
32
174.630 179.320
33
179.320 186.152
34
186.152 191.460
35
191.460 194.510
36
194.510 198.740
37
198.740 202.542
38
202.542 207.490
39
207.490 212.730
40
212.730 217.506
41
217.506 222.500
42
222.500 227.300
43
227.300 232.462
44
232.462 238.390
45
238.390 245.085
46
245.085 251.164
47
251.164 254.075
48
254.075 258.048
49
258.048 263.520
50
263.520 271.077
51
271.077 275.923
52
275.923 280.220
53
280.220 282.747
54
282.747 287.689
55
287.689 293.214
56
293.214 298.452
57
298.452 304.500
58
304.500 311.301
59
311.301 316.580
60
316.580 319.451
61
319.451 324.198
62
324.198 331.066
63
331.066 336.365
64
336.365 340.580
65
340.580 343.159
66
343.159 347.520
67
347.520 352.846
68
352.846 356.465
69
356.465 361.480
70
361.480 366.090
71
366.090 369.877
72
369.877 375.164
73
375.164 380.262
74
380.262 384.760
75
384.760 390.053
76
390.053 395.766
77
395.766 397.680
78
397.680 403.012
79
403.012 408.235
80
408.235 412.700
81
412.700 417.700
82
417.700 422.700
83
422.700 427.139
84
427.139 431.774
85
431.774 434.380
86
434.380 442.380
87
442.380 450.115
88
450.115 457.850
