0
0.000 5.345
1
5.345 8.785
2
8.785 13.180
3
13.180 16.200
4
16.200 20.600
5
20.600 29.340
6
29.340 34.115
7
34.115 38.210
8
38.210 46.846
9
46.846 53.290
10
53.290 61.660
11
61.660 69.700
12
69.700 74.160
13
74.160 81.430
14
81.430 88.315
15
88.315 95.200
16
95.200 100.050
17
100.050 101.480
18
101.480 107.412
19
107.412 110.600
20
110.600 116.590
21
116.590 121.350
22
121.350 127.080
23
127.080 131.187
24
131.187 134.210
25
134.210 138.070
26
138.070 142.710
27
142.710 147.720
28
147.720 152.371
29
152.371 156.590
30
156.590 161.687
31
161.687 166.705
32
166.705 173.180
33
173.180 176.710
34
176.710 181.615
35
181.615 184.710
36
184.710 188.730
37
188.730 195.016
38
195.016 199.400
39
199.400 203.490
40
203.490 212.611
41
212.611 219.380
42
219.380 223.510
43
223.510 227.421
44
227.421 230.610
45
230.610 235.154
46
235.154 238.820
47
238.820 243.320
48
243.320 246.908
49
246.908 250.080
50
250.080 258.080
51
258.080 266.080
52
266.080 275.914
53
275.914 281.041
54
281.041 285.660
55
285.660 290.880
56
290.880 293.960
