0
0.000 5.577
1
5.577 9.860
2
9.860 13.070
3
13.070 17.150
4
17.150 20.860
5
20.860 25.317
6
25.317 26.470
7
26.470 30.797
8
30.797 32.970
9
32.970 39.500
10
39.500 46.344
11
46.344 51.730
12
51.730 57.150
13
57.150 64.960
14
64.960 72.359
15
72.359 76.470
16
76.470 82.965
17
82.965 88.740
18
88.740 94.636
19
94.636 98.500
20
98.500 103.100
21
103.100 110.304
22
110.304 116.066
23
116.066 118.110
24
118.110 123.979
25
123.979 128.090
26
128.090 136.410
27
136.410 141.230
28
141.230 146.050
29
146.050 150.155
30
150.155 154.260
31
154.260 163.150
32
163.150 171.400
33
171.400 177.470
34
177.470 181.410
35
181.410 189.610
36
189.610 193.950
37
193.950 200.766
38
200.766 209.603
39
209.603 213.620
40
213.620 217.773
41
217.773 220.830
42
220.830 226.021
43
226.021 230.120
44
230.120 236.557
45
236.557 240.460
46
240.460 247.165
47
247.165 252.151
48
252.151 253.030
