0
0.000 4.630
1
4.630 9.440
2
9.440 12.329
3
12.329 17.181
4
17.181 21.260
5
21.260 24.622
6
24.622 27.960
7
27.960 29.759
8
29.759 34.452
9
34.452 38.270
10
38.270 42.180
11
42.180 49.340
12
49.340 54.270
13
54.270 59.210
14
59.210 65.270
15
65.270 69.810
16
69.810 75.876
17
75.876 80.290
18
80.290 87.470
19
87.470 92.680
20
92.680 100.100
21
100.100 103.330
22
103.330 108.800
23
108.800 112.430
24
112.430 120.310
25
120.310 127.020
26
127.020 132.470
27
132.470 136.490
28
136.490 141.000
29
141.000 146.198
30
146.198 151.990
31
151.990 157.581
32
157.581 162.170
33
162.170 165.383
34
165.383 167.820
35
167.820 172.250
36
172.250 177.469
37
177.469 183.209
38
183.209 190.450
39
190.450 196.390
40
196.390 199.265
41
199.265 204.210
42
204.210 211.430
43
211.430 218.640
44
218.640 223.636
45
223.636 227.940
46
227.940 230.022
47
230.022 233.270
48
233.270 236.800
49
236.800 240.670
50
240.670 245.643
51
245.643 251.945
52
251.945 255.571
53
255.571 258.195
54
258.195 262.250
55
262.250 265.106
56
265.106 267.350
57
267.350 269.806
58
269.806 274.159
59
274.159 279.967
60
279.967 285.080
61
285.080 288.790
62
288.790 291.810
63
291.810 296.910
64
296.910 300.080
65
300.080 309.066
66
309.066 314.678
67
314.678 318.910
68
318.910 325.530
69
325.530 330.920
70
330.920 337.610
71
337.610 342.473
72
342.473 345.780
73
345.780 351.760
74
351.760 356.158
75
356.158 360.779
76
360.779 362.020
77
362.020 368.665
78
368.665 376.140
79
376.140 382.805
80
382.805 388.120
81
388.120 392.694
82
392.694 395.830
83
395.830 400.230
84
400.230 403.890
