0
0.000 5.382
1
5.382 10.180
2
10.180 13.744
3
13.744 16.310
4
16.310 21.461
5
21.461 24.190
6
24.190 29.054
7
29.054 31.300
8
31.300 34.812
9
34.812 38.470
10
38.470 40.057
11
40.057 44.513
12
44.513 46.880
13
46.880 51.057
14
51.057 55.601
15
55.601 57.570
16
57.570 62.475
17
62.475 66.270
18
66.270 71.150
19
71.150 74.660
20
74.660 81.670
21
81.670 86.340
22
86.340 90.804
23
90.804 92.980
24
92.980 97.740
25
97.740 99.630
26
99.630 102.500
27
102.500 109.910
28
109.910 114.450
29
114.450 121.445
30
121.445 128.440
31
128.440 133.680
32
133.680 137.960
33
137.960 142.115
34
142.115 146.270
35
146.270 150.652
36
150.652 151.470
37
151.470 157.101
38
157.101 161.840
39
161.840 166.220
40
166.220 168.191
41
168.191 172.788
42
172.788 174.800
43
174.800 180.000
44
180.000 185.343
45
185.343 190.030
46
190.030 196.030
47
196.030 199.660
48
199.660 202.700
49
202.700 207.976
50
207.976 211.040
51
211.040 213.647
52
213.647 218.870
53
218.870 223.035
54
223.035 224.639
55
224.639 227.200
56
227.200 232.750
57
232.750 238.355
58
238.355 242.460
59
242.460 246.100
60
246.100 249.710
61
249.710 254.635
62
254.635 257.790
63
257.790 261.580
64
261.580 267.101
65
267.101 270.460
66
270.460 275.317
67
275.317 276.350
68
276.350 280.070
69
280.070 283.383
70
283.383 287.230
71
287.230 291.480
72
291.480 296.595
73
296.595 301.710
74
301.710 305.896
75
305.896 309.240
76
309.240 313.080
77
313.080 318.957
78
318.957 323.756
79
323.756 325.750
80
325.750 331.458
81
331.458 335.710
82
335.710 340.122
83
340.122 345.113
84
345.113 349.003
85
349.003 352.650
86
352.650 355.540
87
355.540 358.611
88
358.611 363.450
89
363.450 368.530
90
368.530 372.916
91
372.916 374.130
92
374.130 377.870
93
377.870 380.699
94
380.699 383.600
95
383.600 387.865
96
387.865 389.230
97
389.230 394.020
98
394.020 398.822
99
398.822 402.130
100
402.130 406.650
101
406.650 411.552
102
411.552 413.980
103
413.980 416.237
104
416.237 420.840
105
420.840 425.070
106
425.070 429.430
107
429.430 434.130
108
434.130 439.030
109
439.030 441.920
110
441.920 447.050
111
447.050 451.328
112
451.328 453.820
113
453.820 462.030
114
462.030 465.904
115
465.904 469.420
116
469.420 478.280
117
478.280 486.810
118
486.810 490.720
119
490.720 494.210
120
494.210 497.257
121
497.257 501.120
122
501.120 505.790
123
505.790 510.080
124
510.080 514.150
125
514.150 522.001
126
522.001 526.660
127
526.660 531.840
128
531.840 536.755
129
536.755 538.050
130
538.050 543.024
131
543.024 547.166
132
547.166 551.590
133
551.590 554.660
