0
0.000 6.686
1
6.686 13.272
2
13.272 19.023
3
19.023 23.550
4
23.550 28.530
5
28.530 32.320
6
32.320 36.780
7
36.780 42.900
8
42.900 47.236
9
47.236 50.470
10
50.470 54.722
11
54.722 60.376
12
60.376 64.810
13
64.810 68.360
14
68.360 74.993
15
74.993 80.825
16
80.825 82.828
17
82.828 86.860
18
86.860 91.822
19
91.822 95.319
20
95.319 100.228
21
100.228 103.650
22
103.650 108.110
23
108.110 112.570
24
112.570 116.170
25
116.170 120.422
26
120.422 125.045
27
125.045 129.462
28
129.462 133.300
29
133.300 134.493
30
134.493 137.960
31
137.960 144.875
32
144.875 149.509
33
149.509 156.600
34
156.600 160.640
35
160.640 166.171
36
166.171 174.000
37
174.000 179.726
38
179.726 187.143
39
187.143 191.960
40
191.960 197.791
41
197.791 203.439
42
203.439 208.700
43
208.700 215.720
44
215.720 222.414
45
222.414 227.250
46
227.250 235.420
47
235.420 240.180
48
240.180 244.780
49
244.780 253.180
50
253.180 257.560
51
257.560 262.994
52
262.994 267.400
53
267.400 275.213
54
275.213 282.590
55
282.590 286.710
56
286.710 290.780
57
290.780 291.540
58
291.540 296.670
59
296.670 304.859
60
304.859 310.290
61
310.290 313.460
62
313.460 318.360
63
318.360 320.985
64
320.985 325.640
65
325.640 329.056
66
329.056 332.121
67
332.121 332.920
68
332.920 334.616
69
334.616 336.530
70
336.530 342.170
71
342.170 343.944
72
343.944 345.340
73
345.340 350.987
74
350.987 355.480
75
355.480 359.570
76
359.570 360.504
77
360.504 362.373
78
362.373 367.050
79
367.050 368.886
80
368.886 374.890
81
374.890 381.050
82
381.050 385.740
83
385.740 390.740
84
390.740 395.815
85
395.815 400.890
86
400.890 405.647
87
405.647 408.550
88
408.550 412.294
89
412.294 412.880
90
412.880 414.829
91
414.829 418.650
92
418.650 423.122
93
423.122 430.420
94
430.420 434.576
95
434.576 440.670
96
440.670 449.260
97
449.260 450.896
98
450.896 453.187
99
453.187 456.360
100
456.360 459.767
101
459.767 464.660
102
464.660 470.225
103
470.225 476.600
104
476.600 481.370
105
481.370 485.839
106
485.839 490.427
107
490.427 493.570
108
493.570 496.230
109
496.230 498.863
110
498.863 503.590
111
503.590 508.620
112
508.620 512.574
113
512.574 517.710
114
517.710 521.369
115
521.369 525.790
116
525.790 529.175
117
529.175 535.548
118
535.548 537.877
119
537.877 543.310
120
543.310 546.948
121
546.948 551.527
122
551.527 556.160
123
556.160 560.805
124
560.805 565.450
125
565.450 570.040
126
570.040 576.256
127
576.256 582.050
128
582.050 587.558
129
587.558 594.635
130
594.635 599.280
131
599.280 602.870
132
602.870 605.652
133
605.652 610.628
134
610.628 614.450
135
614.450 620.642
136
620.642 626.460
137
626.460 628.502
138
628.502 633.537
139
633.537 637.741
140
637.741 643.760
141
643.760 647.230
142
647.230 651.558
143
651.558 656.095
144
656.095 660.140
145
660.140 662.660
146
662.660 668.840
147
668.840 671.084
148
671.084 676.089
149
676.089 679.360
150
679.360 680.746
151
680.746 682.452
152
682.452 683.740
153
683.740 685.438
154
685.438 690.670
155
690.670 697.580
156
697.580 703.049
157
703.049 709.770
158
709.770 712.720
159
712.720 718.003
160
718.003 723.729
161
723.729 729.218
162
729.218 734.320
163
734.320 739.090
164
739.090 745.287
165
745.287 750.957
166
750.957 755.104
167
755.104 758.478
168
758.478 759.575
169
759.575 763.858
170
763.858 768.780
171
768.780 772.480
172
772.480 777.337
173
777.337 780.010
174
780.010 785.526
175
785.526 791.640
176
791.640 793.367
177
793.367 798.331
178
798.331 803.476
179
803.476 808.345
180
808.345 813.246
181
813.246 817.580
182
817.580 825.580
183
825.580 834.060
