0
0.000 6.050
1
6.050 10.316
2
10.316 15.650
3
15.650 19.520
4
19.520 24.650
5
24.650 29.373
6
29.373 30.310
7
30.310 33.654
8
33.654 37.170
9
37.170 41.738
10
41.738 46.420
11
46.420 51.234
12
51.234 53.120
13
53.120 57.042
14
57.042 61.246
15
61.246 62.180
16
62.180 65.043
17
65.043 68.529
18
68.529 73.152
19
73.152 74.050
20
74.050 76.375
21
76.375 79.370
22
79.370 83.715
23
83.715 88.675
24
88.675 92.920
25
92.920 94.249
26
94.249 98.690
27
98.690 101.334
28
101.334 105.452
29
105.452 106.565
30
106.565 110.200
31
110.200 114.020
32
114.020 119.326
33
119.326 122.990
34
122.990 127.148
35
127.148 129.020
36
129.020 132.040
37
132.040 134.868
38
134.868 138.791
39
138.791 142.209
40
142.209 143.806
41
143.806 149.020
42
149.020 153.646
43
153.646 157.280
44
157.280 164.400
45
164.400 169.680
46
169.680 174.780
47
174.780 179.990
48
179.990 181.853
49
181.853 186.410
50
186.410 188.974
51
188.974 191.860
52
191.860 195.575
53
195.575 197.030
54
197.030 201.468
55
201.468 203.442
56
203.442 207.347
57
207.347 211.254
58
211.254 214.597
59
214.597 216.944
60
216.944 220.920
61
220.920 224.750
62
224.750 229.970
63
229.970 233.641
64
233.641 234.495
65
234.495 239.020
66
239.020 243.629
67
243.629 244.225
68
244.225 249.430
69
249.430 253.320
70
253.320 256.728
71
256.728 259.832
72
259.832 262.540
73
262.540 265.041
74
265.041 268.285
75
268.285 271.700
76
271.700 274.731
77
274.731 276.480
78
276.480 278.774
79
278.774 280.890
80
280.890 284.671
81
284.671 286.860
82
286.860 292.888
83
292.888 294.658
84
294.658 299.330
85
299.330 301.000
86
301.000 306.812
87
306.812 309.850
88
309.850 316.330
89
316.330 323.410
90
323.410 328.460
91
328.460 331.490
92
331.490 333.263
93
333.263 335.496
94
335.496 338.330
95
338.330 342.475
96
342.475 346.620
97
346.620 348.870
98
348.870 351.120
99
351.120 351.620
