0
0.000 5.716
1
5.716 6.955
2
6.955 14.194
3
14.194 17.985
4
17.985 22.097
5
22.097 23.994
6
23.994 27.640
7
27.640 31.575
8
31.575 36.382
9
36.382 40.823
10
40.823 45.158
11
45.158 49.845
12
49.845 54.410
13
54.410 58.802
14
58.802 62.495
15
62.495 64.770
16
64.770 68.944
17
68.944 73.804
18
73.804 77.370
19
77.370 81.034
20
81.034 85.920
21
85.920 87.100
22
87.100 91.731
23
91.731 95.140
24
95.140 99.953
25
99.953 100.518
26
100.518 102.020
27
102.020 106.225
28
106.225 110.430
29
110.430 114.450
30
114.450 117.155
31
117.155 121.950
32
121.950 125.599
33
125.599 129.779
34
129.779 134.571
35
134.571 135.675
36
135.675 140.680
37
140.680 144.053
38
144.053 146.520
39
146.520 150.710
40
150.710 155.486
41
155.486 158.580
42
158.580 161.760
43
161.760 165.455
44
165.455 166.028
45
166.028 168.460
46
168.460 171.392
47
171.392 174.940
48
174.940 176.346
49
176.346 178.745
50
178.745 182.580
51
182.580 186.870
52
186.870 191.851
53
191.851 196.666
54
196.666 197.440
55
197.440 200.814
56
200.814 205.416
57
205.416 208.130
58
208.130 211.827
59
211.827 214.011
60
214.011 217.180
61
217.180 221.025
62
221.025 223.323
63
223.323 227.341
64
227.341 227.860
