0
0.000 5.217
1
5.217 9.919
2
9.919 14.394
3
14.394 18.810
4
18.810 21.482
5
21.482 24.030
6
24.030 27.874
7
27.874 31.930
8
31.930 36.310
9
36.310 40.435
10
40.435 45.540
11
45.540 49.470
12
49.470 55.720
13
55.720 61.705
14
61.705 64.206
15
64.206 67.690
16
67.690 72.253
17
72.253 75.029
18
75.029 79.020
19
79.020 84.240
20
84.240 89.230
21
89.230 94.120
22
94.120 98.120
23
98.120 100.755
24
100.755 102.720
25
102.720 110.476
26
110.476 115.390
27
115.390 117.653
28
117.653 122.040
29
122.040 124.681
30
124.681 127.260
31
127.260 131.066
32
131.066 132.320
33
132.320 137.297
34
137.297 142.210
35
142.210 147.187
36
147.187 151.510
37
151.510 154.568
38
154.568 158.550
39
158.550 162.778
40
162.778 163.490
41
163.490 167.813
42
167.813 174.530
43
174.530 179.250
44
179.250 183.848
45
183.848 184.510
46
184.510 187.632
47
187.632 190.060
48
190.060 193.302
49
193.302 196.850
50
196.850 203.168
51
203.168 205.550
52
205.550 206.191
53
206.191 209.473
54
209.473 214.145
55
214.145 214.689
56
214.689 217.900
57
217.900 219.991
58
219.991 224.787
59
224.787 229.450
60
229.450 232.681
61
232.681 237.555
62
237.555 241.535
63
241.535 245.010
64
245.010 249.021
65
249.021 252.549
66
252.549 257.190
67
257.190 261.128
68
261.128 265.009
69
265.009 266.550
70
266.550 270.902
71
270.902 274.724
72
274.724 277.330
73
277.330 281.900
74
281.900 286.450
75
286.450 290.950
76
290.950 295.450
77
295.450 301.130
78
301.130 305.710
79
305.710 309.278
80
309.278 311.619
81
311.619 314.642
82
314.642 317.310
83
317.310 322.279
84
322.279 325.660
85
325.660 330.910
86
330.910 334.982
87
334.982 336.730
88
336.730 341.253
89
341.253 344.028
90
344.028 345.691
91
345.691 350.267
92
350.267 355.044
93
355.044 360.215
94
360.215 363.812
95
363.812 367.130
96
367.130 370.875
97
370.875 371.430
