0
0.000 5.548
1
5.548 10.056
2
10.056 14.660
3
14.660 16.546
4
16.546 20.805
5
20.805 23.350
6
23.350 27.278
7
27.278 33.953
8
33.953 38.149
9
38.149 42.661
10
42.661 47.628
11
47.628 48.961
12
48.961 50.710
13
50.710 56.436
14
56.436 60.877
15
60.877 64.847
16
64.847 69.291
17
69.291 74.465
18
74.465 76.190
19
76.190 81.510
20
81.510 87.830
21
87.830 93.470
22
93.470 97.792
23
97.792 102.782
24
102.782 105.585
25
105.585 108.395
26
108.395 115.109
27
115.109 117.452
28
117.452 118.027
29
118.027 122.985
30
122.985 126.794
31
126.794 130.360
32
130.360 135.809
33
135.809 142.836
34
142.836 145.654
35
145.654 151.363
36
151.363 157.400
37
157.400 163.112
38
163.112 169.425
39
169.425 174.532
40
174.532 175.391
41
175.391 178.510
42
178.510 184.381
43
184.381 191.420
44
191.420 196.738
45
196.738 202.070
46
202.070 208.380
47
208.380 212.900
48
212.900 217.420
49
217.420 222.571
50
222.571 225.824
51
225.824 227.515
52
227.515 232.989
53
232.989 239.646
54
239.646 242.235
55
242.235 249.880
56
249.880 254.655
57
254.655 260.493
58
260.493 267.010
59
267.010 271.660
60
271.660 275.965
61
275.965 280.917
62
280.917 285.588
63
285.588 290.291
64
290.291 294.410
65
294.410 301.450
66
301.450 305.582
67
305.582 313.170
68
313.170 314.781
69
314.781 315.533
70
315.533 321.302
71
321.302 325.650
72
325.650 328.397
73
328.397 332.980
74
332.980 338.656
75
338.656 346.500
76
346.500 351.711
77
351.711 357.326
78
357.326 362.217
79
362.217 367.711
80
367.711 371.880
81
371.880 377.370
82
377.370 385.487
83
385.487 391.219
84
391.219 396.318
85
396.318 402.812
86
402.812 407.497
87
407.497 413.600
88
413.600 420.520
89
420.520 422.320
90
422.320 425.580
91
425.580 429.050
92
429.050 434.406
93
434.406 440.741
94
440.741 447.361
95
447.361 450.390
96
450.390 456.187
97
456.187 463.010
98
463.010 467.819
99
467.819 472.978
100
472.978 478.868
101
478.868 483.108
102
483.108 490.340
103
490.340 495.530
104
495.530 500.095
105
500.095 504.975
106
504.975 509.703
107
509.703 514.733
108
514.733 520.162
109
520.162 524.675
110
524.675 529.822
111
529.822 536.030
112
536.030 541.342
113
541.342 546.996
114
546.996 552.048
115
552.048 556.322
116
556.322 560.675
117
560.675 566.745
118
566.745 571.400
119
571.400 575.544
120
575.544 580.410
121
580.410 582.760
122
582.760 587.950
123
587.950 589.415
124
589.415 593.920
125
593.920 600.530
126
600.530 603.041
127
603.041 607.850
128
607.850 612.362
129
612.362 617.511
130
617.511 622.401
131
622.401 626.046
132
626.046 630.435
133
630.435 633.731
134
633.731 640.270
135
640.270 646.025
136
646.025 649.508
137
649.508 652.090
138
652.090 659.345
139
659.345 663.820
140
663.820 666.100
141
666.100 669.430
142
669.430 673.884
143
673.884 675.870
144
675.870 682.310
145
682.310 687.386
146
687.386 690.310
147
690.310 697.189
148
697.189 702.716
149
702.716 707.810
150
707.810 712.839
151
712.839 721.255
152
721.255 726.368
153
726.368 729.359
154
729.359 731.975
155
731.975 737.706
156
737.706 741.612
157
741.612 746.400
158
746.400 752.785
159
752.785 755.235
160
755.235 761.350
161
761.350 769.350
162
769.350 776.560
163
776.560 783.770
