0
0.000 6.310
1
6.310 9.268
2
9.268 11.530
3
11.530 15.635
4
15.635 21.034
5
21.034 25.990
6
25.990 30.852
7
30.852 34.798
8
34.798 39.872
9
39.872 45.491
10
45.491 51.674
11
51.674 55.970
12
55.970 60.870
13
60.870 65.810
14
65.810 70.690
15
70.690 74.960
16
74.960 79.820
17
79.820 85.420
18
85.420 90.151
19
90.151 94.331
20
94.331 99.763
21
99.763 105.310
22
105.310 109.827
23
109.827 114.497
24
114.497 118.377
25
118.377 123.455
26
123.455 128.605
27
128.605 134.690
28
134.690 138.282
29
138.282 143.889
30
143.889 148.979
31
148.979 153.994
32
153.994 159.182
33
159.182 162.753
34
162.753 167.313
35
167.313 173.169
36
173.169 178.950
37
178.950 185.334
38
185.334 192.730
39
192.730 199.402
40
199.402 205.325
41
205.325 212.790
42
212.790 218.890
43
218.890 223.640
44
223.640 226.663
45
226.663 232.615
46
232.615 237.682
47
237.682 239.680
48
239.680 244.364
49
244.364 249.580
50
249.580 255.422
51
255.422 261.359
52
261.359 266.363
53
266.363 271.729
54
271.729 278.640
55
278.640 283.704
56
283.704 288.759
57
288.759 293.831
58
293.831 298.280
59
298.280 303.684
60
303.684 308.760
61
308.760 314.313
62
314.313 317.960
63
317.960 323.230
64
323.230 328.306
65
328.306 333.490
66
333.490 339.230
67
339.230 347.600
68
347.600 352.582
69
352.582 357.573
70
357.573 362.497
71
362.497 367.244
72
367.244 372.348
73
372.348 377.860
74
377.860 381.840
75
381.840 386.935
76
386.935 392.025
77
392.025 397.327
78
397.327 402.694
79
402.694 408.915
80
408.915 413.541
81
413.541 416.495
82
416.495 419.697
83
419.697 424.730
84
424.730 429.490
85
429.490 434.528
86
434.528 439.200
87
439.200 442.695
88
442.695 447.717
89
447.717 454.716
90
454.716 459.609
91
459.609 464.667
92
464.667 468.788
93
468.788 473.418
94
473.418 477.920
95
477.920 483.705
96
483.705 486.263
97
486.263 490.645
98
490.645 491.722
99
491.722 496.440
100
496.440 497.025
101
497.025 499.204
102
499.204 504.299
103
504.299 508.236
104
508.236 510.200
105
510.200 516.140
106
516.140 521.216
107
521.216 526.482
108
526.482 531.700
109
531.700 536.777
110
536.777 541.819
111
541.819 546.641
112
546.641 550.899
113
550.899 556.196
114
556.196 562.238
115
562.238 566.823
116
566.823 571.740
117
571.740 576.806
118
576.806 581.880
119
581.880 586.985
120
586.985 593.954
121
593.954 599.343
122
599.343 604.269
123
604.269 608.974
124
608.974 613.213
125
613.213 618.420
126
618.420 624.270
127
624.270 629.100
128
629.100 634.160
129
634.160 639.730
130
639.730 644.848
131
644.848 650.488
132
650.488 654.729
133
654.729 659.320
134
659.320 662.379
135
662.379 667.458
136
667.458 673.410
137
673.410 678.350
138
678.350 683.569
139
683.569 688.535
140
688.535 693.617
141
693.617 697.633
142
697.633 700.220
143
700.220 704.767
144
704.767 709.756
145
709.756 714.731
146
714.731 719.920
147
719.920 725.629
148
725.629 731.057
149
731.057 735.240
150
735.240 738.388
151
738.388 743.591
152
743.591 748.571
153
748.571 753.108
154
753.108 756.635
155
756.635 761.008
156
761.008 767.358
157
767.358 775.195
158
775.195 779.995
159
779.995 785.142
160
785.142 791.175
161
791.175 795.820
162
795.820 800.133
163
800.133 807.558
164
807.558 811.757
165
811.757 817.136
166
817.136 821.957
167
821.957 826.314
168
826.314 833.136
169
833.136 838.009
170
838.009 843.567
171
843.567 851.977
172
851.977 857.280
173
857.280 862.169
174
862.169 867.600
175
867.600 872.998
176
872.998 876.830
177
876.830 882.078
178
882.078 887.075
179
887.075 893.119
180
893.119 897.090
181
897.090 902.470
182
902.470 907.675
183
907.675 912.454
184
912.454 916.600
185
916.600 920.530
186
920.530 925.250
187
925.250 930.743
188
930.743 936.752
189
936.752 941.988
190
941.988 947.202
191
947.202 951.678
192
951.678 956.010
193
956.010 959.782
194
959.782 964.080
195
964.080 965.978
196
965.978 970.526
197
970.526 975.759
198
975.759 980.745
199
980.745 983.320
200
983.320 989.282
201
989.282 993.368
202
993.368 996.734
203
996.734 999.958
204
999.958 1003.851
205
1003.851 1007.560
206
1007.560 1011.465
207
1011.465 1015.305
208
1015.305 1019.384
209
1019.384 1026.690
210
1026.690 1032.442
211
1032.442 1036.822
212
1036.822 1040.627
213
1040.627 1045.910
214
1045.910 1051.696
215
1051.696 1057.988
216
1057.988 1060.802
217
1060.802 1062.643
218
1062.643 1065.770
219
1065.770 1070.108
220
1070.108 1074.154
221
1074.154 1079.073
222
1079.073 1083.376
223
1083.376 1085.000
224
1085.000 1093.000
225
1093.000 1100.410
226
1100.410 1107.820
