0
0.000 8.773
1
8.773 10.088
2
10.088 14.451
3
14.451 16.930
4
16.930 22.200
5
22.200 27.700
6
27.700 32.638
7
32.638 36.900
8
36.900 40.054
9
40.054 45.370
10
45.370 49.360
11
49.360 54.666
12
54.666 60.590
13
60.590 64.800
14
64.800 69.771
15
69.771 70.455
16
70.455 73.207
17
73.207 78.192
18
78.192 81.094
19
81.094 84.850
20
84.850 88.470
21
88.470 91.548
22
91.548 95.645
23
95.645 97.486
24
97.486 100.790
25
100.790 105.945
26
105.945 111.100
27
111.100 113.980
28
113.980 118.433
29
118.433 122.640
30
122.640 126.806
31
126.806 128.860
32
128.860 132.810
33
132.810 134.000
34
134.000 138.410
35
138.410 142.496
36
142.496 146.313
37
146.313 150.170
38
150.170 154.759
39
154.759 157.980
40
157.980 160.410
41
160.410 163.460
42
163.460 168.530
43
168.530 174.106
44
174.106 178.940
45
178.940 180.752
46
180.752 184.680
47
184.680 189.111
48
189.111 191.100
49
191.100 194.993
50
194.993 198.560
51
198.560 202.971
52
202.971 206.020
53
206.020 208.690
54
208.690 211.835
55
211.835 215.970
56
215.970 219.460
57
219.460 221.516
58
221.516 225.463
59
225.463 226.460
60
226.460 229.914
61
229.914 231.908
62
231.908 232.829
63
232.829 233.460
64
233.460 238.017
65
238.017 240.510
66
240.510 244.078
67
244.078 246.141
68
246.141 246.710
