0
0.000 5.841
1
5.841 9.130
2
9.130 9.843
3
9.843 14.610
4
14.610 20.845
5
20.845 25.910
6
25.910 30.224
7
30.224 34.200
8
34.200 38.567
9
38.567 41.488
10
41.488 45.780
11
45.780 48.665
12
48.665 50.960
13
50.960 53.961
14
53.961 57.545
15
57.545 61.140
16
61.140 65.615
17
65.615 68.302
18
68.302 69.616
19
69.616 74.150
20
74.150 78.150
21
78.150 81.840
22
81.840 86.280
23
86.280 90.330
24
90.330 97.672
25
97.672 102.620
26
102.620 108.390
27
108.390 109.850
28
109.850 114.160
29
114.160 117.950
30
117.950 122.315
31
122.315 123.970
32
123.970 126.680
33
126.680 130.460
34
130.460 136.060
35
136.060 142.580
36
142.580 146.605
37
146.605 152.314
38
152.314 157.201
39
157.201 160.770
40
160.770 163.206
41
163.206 166.960
42
166.960 170.970
43
170.970 175.202
44
175.202 178.630
45
178.630 180.992
46
180.992 183.425
47
183.425 185.441
48
185.441 187.625
49
187.625 188.220
