0
0.000 5.292
1
5.292 10.220
2
10.220 14.465
3
14.465 18.710
4
18.710 22.646
5
22.646 25.267
6
25.267 28.720
7
28.720 31.506
8
31.506 35.989
9
35.989 38.790
10
38.790 40.014
11
40.014 44.899
12
44.899 48.290
13
48.290 53.795
14
53.795 59.300
15
59.300 63.190
16
63.190 66.749
17
66.749 69.690
18
69.690 75.361
19
75.361 80.525
20
80.525 85.020
21
85.020 88.220
22
88.220 90.976
23
90.976 94.930
24
94.930 97.820
25
97.820 101.880
26
101.880 106.616
27
106.616 107.680
28
107.680 111.955
29
111.955 113.980
30
113.980 120.675
31
120.675 126.640
32
126.640 133.420
33
133.420 137.710
34
137.710 141.480
35
141.480 146.370
36
146.370 153.310
37
153.310 160.250
38
160.250 163.073
39
163.073 165.900
40
165.900 169.654
41
169.654 172.178
42
172.178 175.233
43
175.233 179.311
44
179.311 184.550
45
184.550 189.783
46
189.783 193.780
47
193.780 199.010
48
199.010 201.090
49
201.090 205.090
50
205.090 208.002
51
208.002 209.921
52
209.921 213.996
53
213.996 215.384
54
215.384 219.750
55
219.750 224.530
56
224.530 229.401
57
229.401 234.769
58
234.769 237.884
59
237.884 242.835
60
242.835 244.823
61
244.823 248.735
62
248.735 252.810
63
252.810 257.783
64
257.783 260.540
65
260.540 265.550
66
265.550 270.493
67
270.493 274.320
68
274.320 277.440
69
277.440 282.228
70
282.228 283.444
71
283.444 286.550
72
286.550 290.980
73
290.980 294.556
74
294.556 299.160
75
299.160 302.040
76
302.040 305.037
77
305.037 308.475
78
308.475 312.984
79
312.984 317.469
80
317.469 318.360
81
318.360 321.380
82
321.380 325.988
83
325.988 328.018
84
328.018 331.971
85
331.971 335.920
86
335.920 336.609
87
336.609 340.368
88
340.368 343.882
89
343.882 348.084
90
348.084 350.114
91
350.114 354.218
92
354.218 357.242
93
357.242 359.432
94
359.432 363.761
95
363.761 366.610
96
366.610 367.535
97
367.535 372.089
98
372.089 374.166
99
374.166 377.582
100
377.582 380.440
101
380.440 383.274
102
383.274 385.023
103
385.023 387.930
104
387.930 393.260
105
393.260 397.170
106
397.170 401.600
107
401.600 403.500
108
403.500 407.700
109
407.700 412.839
110
412.839 417.560
111
417.560 421.700
112
421.700 424.580
113
424.580 427.839
114
427.839 429.175
115
429.175 431.646
116
431.646 433.269
117
433.269 433.770
