0
0.000 7.830
1
7.830 10.340
2
10.340 15.469
3
15.469 17.260
4
17.260 21.200
5
21.200 25.835
6
25.835 30.470
7
30.470 35.380
8
35.380 40.620
9
40.620 43.821
10
43.821 47.030
11
47.030 47.770
12
47.770 52.660
13
52.660 58.430
14
58.430 64.200
15
64.200 69.000
16
69.000 75.450
17
75.450 79.719
18
79.719 83.562
19
83.562 88.470
20
88.470 92.020
21
92.020 96.319
22
96.319 99.340
23
99.340 103.660
24
103.660 107.680
25
107.680 110.131
26
110.131 114.954
27
114.954 115.960
28
115.960 119.932
29
119.932 123.910
30
123.910 130.695
31
130.695 134.920
32
134.920 143.518
33
143.518 150.359
34
150.359 152.928
35
152.928 154.880
36
154.880 157.647
37
157.647 160.486
38
160.486 163.560
39
163.560 166.791
40
166.791 170.902
41
170.902 175.420
42
175.420 179.062
43
179.062 183.389
44
183.389 188.010
45
188.010 190.218
46
190.218 194.640
47
194.640 200.190
48
200.190 201.910
49
201.910 205.698
50
205.698 210.331
51
210.331 215.220
52
215.220 217.488
53
217.488 219.018
54
219.018 222.710
55
222.710 224.862
56
224.862 227.980
57
227.980 231.964
58
231.964 233.796
59
233.796 234.360
