0
0.000 5.146
1
5.146 9.295
2
9.295 13.380
3
13.380 16.734
4
16.734 19.412
5
19.412 23.853
6
23.853 27.600
7
27.600 32.293
8
32.293 36.936
9
36.936 41.446
10
41.446 44.182
11
44.182 48.000
12
48.000 53.400
13
53.400 56.629
14
56.629 61.199
15
61.199 62.695
16
62.695 64.760
17
64.760 68.015
18
68.015 71.930
19
71.930 80.060
20
80.060 85.040
21
85.040 88.944
22
88.944 92.800
23
92.800 97.500
24
97.500 102.471
25
102.471 107.168
26
107.168 109.160
27
109.160 116.070
28
116.070 122.405
29
122.405 127.970
30
127.970 131.509
31
131.509 134.770
32
134.770 141.060
33
141.060 148.620
34
148.620 152.620
35
152.620 155.482
36
155.482 159.496
37
159.496 163.310
38
163.310 167.600
39
167.600 168.370
40
168.370 172.644
41
172.644 176.997
42
176.997 180.300
43
180.300 182.523
44
182.523 186.454
45
186.454 190.740
46
190.740 195.385
47
195.385 200.030
48
200.030 204.761
49
204.761 206.710
50
206.710 210.770
51
210.770 214.390
52
214.390 219.227
53
219.227 223.105
54
223.105 224.500
55
224.500 229.278
56
229.278 231.817
57
231.817 236.350
58
236.350 238.380
59
238.380 240.940
60
240.940 242.910
61
242.910 247.850
62
247.850 252.575
63
252.575 255.350
64
255.350 260.460
65
260.460 265.717
66
265.717 268.295
67
268.295 271.266
68
271.266 275.260
69
275.260 277.002
70
277.002 279.280
71
279.280 283.201
72
283.201 284.153
73
284.153 285.050
