0
6.575 11.069
1
11.069 13.150
2
13.150 17.040
3
17.040 22.360
4
22.360 26.980
5
26.980 30.400
6
30.400 36.172
7
36.172 41.635
8
41.635 45.880
9
45.880 50.731
10
50.731 54.630
11
54.630 59.525
12
59.525 64.062
13
64.062 66.060
14
66.060 70.110
15
70.110 72.876
16
72.876 77.819
17
77.819 81.481
18
81.481 86.608
19
86.608 88.610
20
88.610 93.450
21
93.450 96.525
22
96.525 99.230
23
99.230 105.877
24
105.877 110.990
25
110.990 114.980
26
114.980 119.626
27
119.626 123.954
28
123.954 126.050
29
126.050 131.334
30
131.334 136.705
31
136.705 141.238
32
141.238 146.360
33
146.360 151.168
34
151.168 155.157
35
155.157 160.072
36
160.072 165.098
37
165.098 170.150
38
170.150 175.330
39
175.330 179.543
40
179.543 181.040
41
181.040 186.551
42
186.551 191.000
43
191.000 196.160
44
196.160 201.160
45
201.160 206.497
46
206.497 211.420
47
211.420 216.267
48
216.267 219.300
49
219.300 222.480
50
222.480 226.682
51
226.682 231.579
52
231.579 234.791
53
234.791 238.180
54
238.180 242.590
55
242.590 248.260
56
248.260 253.550
57
253.550 258.516
58
258.516 263.257
59
263.257 266.801
60
266.801 270.870
61
270.870 275.798
62
275.798 279.995
63
279.995 283.380
64
283.380 288.190
65
288.190 290.960
66
290.960 295.862
67
295.862 298.320
68
298.320 303.110
69
303.110 306.557
70
306.557 309.788
71
309.788 314.401
72
314.401 318.919
73
318.919 323.510
74
323.510 327.300
75
327.300 330.005
76
330.005 334.476
77
334.476 338.990
78
338.990 342.560
79
342.560 347.460
80
347.460 351.080
81
351.080 355.249
82
355.249 360.056
83
360.056 364.130
84
364.130 369.394
85
369.394 375.120
86
375.120 379.853
87
379.853 384.974
88
384.974 389.640
89
389.640 394.428
90
394.428 395.100
91
395.100 401.747
92
401.747 406.930
93
406.930 411.703
94
411.703 415.210
95
415.210 420.470
96
420.470 425.834
97
425.834 430.750
98
430.750 435.487
99
435.487 438.800
100
438.800 441.460
101
441.460 446.621
102
446.621 450.180
103
450.180 455.067
104
455.067 458.660
105
458.660 463.030
106
463.030 468.650
107
468.650 472.584
108
472.584 476.604
109
476.604 482.340
110
482.340 486.980
111
486.980 492.201
112
492.201 497.760
113
497.760 503.402
114
503.402 509.100
115
509.100 513.310
116
513.310 517.891
117
517.891 522.960
118
522.960 525.443
119
525.443 529.310
120
529.310 533.740
121
533.740 537.930
122
537.930 539.910
123
539.910 544.897
124
544.897 549.290
125
549.290 555.120
126
555.120 558.290
127
558.290 562.076
128
562.076 564.250
129
564.250 568.560
130
568.560 572.870
131
572.870 578.980
132
578.980 585.100
133
585.100 590.030
134
590.030 593.940
135
593.940 598.195
136
598.195 603.515
137
603.515 610.648
138
610.648 615.477
139
615.477 620.909
140
620.909 624.570
141
624.570 627.917
142
627.917 630.230
143
630.230 635.092
144
635.092 640.320
145
640.320 646.260
146
646.260 649.346
147
649.346 655.120
148
655.120 659.480
149
659.480 663.170
150
663.170 666.410
151
666.410 671.108
152
671.108 674.270
153
674.270 678.256
154
678.256 682.357
155
682.357 686.457
156
686.457 690.662
157
690.662 694.996
158
694.996 699.880
159
699.880 704.560
160
704.560 708.960
161
708.960 714.480
162
714.480 719.170
163
719.170 724.290
164
724.290 728.990
165
728.990 733.946
166
733.946 737.028
167
737.028 742.616
168
742.616 747.780
169
747.780 752.631
170
752.631 758.310
171
758.310 763.072
172
763.072 765.533
173
765.533 770.592
174
770.592 777.580
175
777.580 782.306
176
782.306 787.605
177
787.605 791.745
178
791.745 793.540
179
793.540 797.328
180
797.328 801.540
