0
5.025 11.650
1
11.650 16.820
2
16.820 21.296
3
21.296 21.910
4
21.910 27.564
5
27.564 32.910
6
32.910 37.740
7
37.740 43.051
8
43.051 45.730
9
45.730 50.848
10
50.848 56.540
11
56.540 60.842
12
60.842 65.912
13
65.912 71.950
14
71.950 77.100
15
77.100 81.811
16
81.811 86.997
17
86.997 93.928
18
93.928 98.935
19
98.935 102.660
20
102.660 106.910
21
106.910 111.700
22
111.700 114.030
23
114.030 118.140
24
118.140 123.630
25
123.630 128.510
26
128.510 133.344
27
133.344 137.570
28
137.570 142.283
29
142.283 146.357
30
146.357 149.270
31
149.270 152.624
32
152.624 155.240
33
155.240 158.310
34
158.310 164.832
35
164.832 170.461
36
170.461 176.913
37
176.913 182.250
38
182.250 186.950
39
186.950 191.779
40
191.779 194.270
41
194.270 198.860
42
198.860 204.288
43
204.288 209.305
44
209.305 212.660
45
212.660 217.462
46
217.462 222.870
47
222.870 227.350
48
227.350 232.810
49
232.810 235.817
50
235.817 238.789
51
238.789 242.670
52
242.670 247.240
53
247.240 249.000
54
249.000 253.500
55
253.500 256.600
56
256.600 260.967
57
260.967 263.390
58
263.390 268.287
59
268.287 273.442
60
273.442 276.770
61
276.770 282.790
62
282.790 286.301
63
286.301 291.322
64
291.322 296.188
65
296.188 298.300
66
298.300 302.753
67
302.753 306.640
68
306.640 310.526
69
310.526 315.140
70
315.140 319.010
71
319.010 322.612
72
322.612 326.694
73
326.694 329.850
74
329.850 334.495
75
334.495 339.140
76
339.140 344.993
77
344.993 350.460
78
350.460 355.341
79
355.341 358.000
80
358.000 362.256
81
362.256 364.390
82
364.390 368.940
