0
0.000 7.255
1
7.255 12.174
2
12.174 17.030
3
17.030 22.430
4
22.430 27.500
5
27.500 32.310
6
32.310 37.120
7
37.120 40.476
8
40.476 44.910
9
44.910 49.109
10
49.109 49.970
11
49.970 52.357
12
52.357 57.290
13
57.290 62.090
14
62.090 64.790
15
64.790 69.059
16
69.059 72.110
17
72.110 76.690
18
76.690 78.420
19
78.420 82.400
20
82.400 86.209
21
86.209 89.430
22
89.430 94.360
23
94.360 96.040
24
96.040 99.935
25
99.935 104.733
26
104.733 109.180
27
109.180 112.060
28
112.060 116.380
29
116.380 120.330
30
120.330 125.109
31
125.109 128.050
32
128.050 131.310
33
131.310 137.567
34
137.567 142.843
35
142.843 147.895
36
147.895 152.954
37
152.954 157.420
38
157.420 162.872
39
162.872 168.410
40
168.410 173.077
41
173.077 175.680
42
175.680 180.650
43
180.650 184.200
44
184.200 187.160
45
187.160 192.200
46
192.200 196.787
47
196.787 198.490
48
198.490 201.699
49
201.699 206.270
50
206.270 209.720
51
209.720 214.750
52
214.750 219.690
53
219.690 223.350
54
223.350 228.612
55
228.612 233.420
56
233.420 238.566
57
238.566 244.002
58
244.002 248.950
59
248.950 253.568
60
253.568 258.660
61
258.660 265.120
62
265.120 270.075
63
270.075 274.888
64
274.888 277.790
65
277.790 282.414
66
282.414 287.153
67
287.153 291.779
68
291.779 293.789
69
293.789 294.340
70
294.340 302.340
71
302.340 309.715
72
309.715 317.090
