0
0.000 9.220
1
9.220 14.132
2
14.132 18.357
3
18.357 22.225
4
22.225 26.271
5
26.271 31.019
6
31.019 36.412
7
36.412 41.589
8
41.589 46.056
9
46.056 49.611
10
49.611 53.829
11
53.829 57.675
12
57.675 61.244
13
61.244 65.845
14
65.845 70.140
15
70.140 74.657
16
74.657 78.572
17
78.572 82.709
18
82.709 86.826
19
86.826 89.998
20
89.998 93.030
21
93.030 97.314
22
97.314 98.200
23
98.200 101.943
24
101.943 105.860
25
105.860 107.570
26
107.570 112.450
27
112.450 117.330
28
117.330 122.550
29
122.550 127.356
30
127.356 132.920
31
132.920 137.735
32
137.735 140.470
33
140.470 143.827
34
143.827 146.670
35
146.670 152.359
36
152.359 157.690
37
157.690 162.253
38
162.253 167.965
39
167.965 172.100
40
172.100 177.016
41
177.016 181.868
42
181.868 186.839
43
186.839 191.832
44
191.832 195.832
45
195.832 199.667
46
199.667 203.972
47
203.972 208.617
48
208.617 211.531
49
211.531 214.240
50
214.240 218.937
51
218.937 222.180
52
222.180 227.515
53
227.515 233.742
54
233.742 238.273
55
238.273 243.194
56
243.194 246.460
57
246.460 251.096
58
251.096 252.450
59
252.450 256.889
60
256.889 257.695
61
257.695 260.546
62
260.546 264.704
63
264.704 269.324
64
269.324 273.042
65
273.042 276.490
66
276.490 281.088
67
281.088 284.925
68
284.925 289.120
69
289.120 293.670
70
293.670 297.827
71
297.827 302.117
72
302.117 306.236
73
306.236 310.705
74
310.705 313.260
75
313.260 318.460
