0
0.000 8.497
1
8.497 14.571
2
14.571 18.449
3
18.449 22.746
4
22.746 28.840
5
28.840 34.570
6
34.570 39.160
7
39.160 44.108
8
44.108 48.840
9
48.840 53.517
10
53.517 59.306
11
59.306 62.990
12
62.990 68.105
13
68.105 75.463
14
75.463 80.305
15
80.305 85.108
16
85.108 90.133
17
90.133 95.158
18
95.158 98.340
19
98.340 106.372
20
106.372 110.463
21
110.463 115.812
22
115.812 120.896
23
120.896 124.750
24
124.750 130.645
25
130.645 135.874
26
135.874 140.715
27
140.715 146.216
28
146.216 151.295
29
151.295 158.110
30
158.110 163.853
31
163.853 169.785
32
169.785 174.159
33
174.159 176.348
34
176.348 179.408
35
179.408 183.554
36
183.554 188.542
37
188.542 194.490
38
194.490 200.430
39
200.430 205.760
40
205.760 210.637
41
210.637 215.170
42
215.170 217.148
43
217.148 221.880
44
221.880 226.352
45
226.352 231.057
46
231.057 235.248
47
235.248 237.185
48
237.185 240.160
49
240.160 245.150
50
245.150 246.741
51
246.741 248.340
52
248.340 253.222
53
253.222 257.570
54
257.570 260.463
55
260.463 264.016
56
264.016 266.960
57
266.960 270.650
58
270.650 273.222
59
273.222 276.790
60
276.790 279.729
61
279.729 283.094
62
283.094 288.260
63
288.260 292.575
64
292.575 296.550
65
296.550 300.535
66
300.535 304.569
67
304.569 310.260
68
310.260 314.277
69
314.277 317.480
70
317.480 320.072
71
320.072 324.920
72
324.920 328.050
73
328.050 331.390
74
331.390 334.035
75
334.035 336.360
76
336.360 339.960
77
339.960 344.070
78
344.070 347.296
79
347.296 351.050
80
351.050 352.730
81
352.730 356.450
82
356.450 362.740
83
362.740 367.830
84
367.830 372.145
85
372.145 376.460
86
376.460 378.833
87
378.833 381.787
88
381.787 385.383
89
385.383 388.280
90
388.280 391.410
91
391.410 395.950
92
395.950 400.349
93
400.349 404.806
94
404.806 408.660
95
408.660 412.564
96
412.564 415.972
97
415.972 418.920
98
418.920 423.010
99
423.010 427.817
100
427.817 431.190
101
431.190 435.634
102
435.634 440.696
103
440.696 445.604
104
445.604 447.600
105
447.600 450.681
106
450.681 452.666
107
452.666 457.212
108
457.212 458.980
109
458.980 463.771
110
463.771 470.436
111
470.436 475.041
112
475.041 480.995
113
480.995 486.354
114
486.354 492.930
115
492.930 497.683
116
497.683 502.745
117
502.745 508.220
118
508.220 513.048
119
513.048 517.175
120
517.175 522.072
121
522.072 525.990
122
525.990 530.813
123
530.813 533.236
124
533.236 537.806
125
537.806 539.999
126
539.999 543.460
127
543.460 550.490
128
550.490 556.610
129
556.610 560.260
130
560.260 564.783
131
564.783 569.540
132
569.540 575.119
133
575.119 578.220
134
578.220 583.864
135
583.864 586.805
136
586.805 592.139
137
592.139 597.320
138
597.320 601.336
139
601.336 603.250
140
603.250 607.683
141
607.683 612.165
142
612.165 617.780
143
617.780 622.306
144
622.306 627.145
145
627.145 629.260
146
629.260 633.895
147
633.895 639.326
148
639.326 644.453
149
644.453 651.392
150
651.392 656.236
151
656.236 660.203
152
660.203 665.237
153
665.237 670.211
154
670.211 676.710
155
676.710 681.090
156
681.090 684.990
157
684.990 690.190
158
690.190 694.510
159
694.510 699.194
160
699.194 705.110
161
705.110 712.445
162
712.445 717.660
163
717.660 721.530
164
721.530 725.876
165
725.876 727.170
166
727.170 731.510
167
731.510 733.822
168
733.822 738.963
169
738.963 744.106
170
744.106 749.492
171
749.492 754.007
172
754.007 758.995
173
758.995 762.826
174
762.826 768.408
175
768.408 774.110
176
774.110 780.156
177
780.156 785.470
