0
6.105 11.216
1
11.216 16.050
2
16.050 20.420
3
20.420 23.726
4
23.726 28.279
5
28.279 32.573
6
32.573 36.909
7
36.909 42.632
8
42.632 47.436
9
47.436 51.958
10
51.958 57.092
11
57.092 61.036
12
61.036 66.208
13
66.208 70.605
14
70.605 72.910
15
72.910 76.806
16
76.806 81.058
17
81.058 87.018
18
87.018 92.197
19
92.197 96.410
20
96.410 101.700
21
101.700 106.530
22
106.530 111.006
23
111.006 115.715
24
115.715 119.509
25
119.509 125.100
26
125.100 129.660
27
129.660 133.988
28
133.988 138.834
29
138.834 142.287
30
142.287 146.605
31
146.605 151.330
32
151.330 157.520
33
157.520 162.897
34
162.897 167.545
35
167.545 170.580
36
170.580 173.800
37
173.800 179.120
38
179.120 183.450
39
183.450 187.733
40
187.733 192.754
41
192.754 197.756
42
197.756 203.687
43
203.687 208.463
44
208.463 213.270
45
213.270 217.543
46
217.543 221.145
47
221.145 226.546
48
226.546 230.850
49
230.850 234.809
50
234.809 239.047
51
239.047 243.340
52
243.340 248.451
53
248.451 253.949
54
253.949 260.546
55
260.546 265.447
56
265.447 268.933
57
268.933 272.780
58
272.780 279.083
59
279.083 285.060
60
285.060 290.433
61
290.433 294.254
62
294.254 297.550
63
297.550 302.635
64
302.635 303.878
65
303.878 307.720
66
307.720 312.285
67
312.285 316.850
68
316.850 321.080
69
321.080 325.293
70
325.293 328.049
71
328.049 332.170
72
332.170 336.810
73
336.810 339.857
74
339.857 344.255
75
344.255 348.249
76
348.249 353.049
77
353.049 357.933
78
357.933 362.879
79
362.879 368.690
80
368.690 374.559
81
374.559 378.010
82
378.010 383.135
83
383.135 388.260
84
388.260 393.239
85
393.239 397.502
86
397.502 402.572
87
402.572 407.127
88
407.127 408.466
89
408.466 413.000
90
413.000 415.525
91
415.525 419.416
92
419.416 424.090
93
424.090 429.809
94
429.809 435.623
95
435.623 440.230
96
440.230 446.165
97
446.165 449.195
98
449.195 453.150
99
453.150 457.890
100
457.890 461.986
101
461.986 466.225
102
466.225 469.830
103
469.830 474.709
104
474.709 479.524
105
479.524 486.930
