0
0.000 6.121
1
6.121 11.240
2
11.240 15.355
3
15.355 17.815
4
17.815 21.772
5
21.772 24.640
6
24.640 28.718
7
28.718 32.821
8
32.821 37.760
9
37.760 42.348
10
42.348 46.020
11
46.020 50.609
12
50.609 55.548
13
55.548 56.501
14
56.501 61.438
15
61.438 65.575
16
65.575 70.355
17
70.355 74.571
18
74.571 79.466
19
79.466 83.920
20
83.920 88.568
21
88.568 93.835
22
93.835 99.864
23
99.864 104.560
24
104.560 108.390
25
108.390 113.213
26
113.213 117.042
27
117.042 118.362
28
118.362 122.875
29
122.875 127.671
30
127.671 132.203
31
132.203 136.945
32
136.945 138.109
33
138.109 143.264
34
143.264 147.808
35
147.808 152.050
36
152.050 156.697
37
156.697 159.800
38
159.800 164.790
39
164.790 169.780
40
169.780 172.930
41
172.930 178.451
42
178.451 183.300
43
183.300 187.350
44
187.350 193.143
45
193.143 198.352
46
198.352 203.380
47
203.380 207.790
48
207.790 212.142
49
212.142 217.290
50
217.290 222.220
51
222.220 226.488
52
226.488 229.500
53
229.500 234.540
