0
0.000 6.776
1
6.776 10.693
2
10.693 12.840
3
12.840 16.821
4
16.821 18.820
5
18.820 23.018
6
23.018 24.580
7
24.580 29.500
8
29.500 33.560
9
33.560 38.140
10
38.140 42.470
11
42.470 46.260
12
46.260 50.290
13
50.290 53.840
14
53.840 58.359
15
58.359 63.163
16
63.163 69.222
17
69.222 72.889
18
72.889 77.020
19
77.020 81.180
20
81.180 85.170
21
85.170 89.250
22
89.250 94.030
23
94.030 96.877
24
96.877 99.840
25
99.840 103.574
26
103.574 107.777
27
107.777 111.590
28
111.590 116.948
29
116.948 121.772
30
121.772 126.760
31
126.760 130.979
32
130.979 135.830
33
135.830 138.348
34
138.348 141.320
35
141.320 145.666
36
145.666 147.340
37
147.340 151.580
38
151.580 156.483
39
156.483 158.986
40
158.986 162.689
41
162.689 163.330
42
163.330 168.166
43
168.166 173.777
44
173.777 178.307
45
178.307 181.000
46
181.000 186.048
47
186.048 190.967
48
190.967 193.880
49
193.880 198.307
50
198.307 201.480
51
201.480 206.564
52
206.564 212.245
53
212.245 217.530
54
217.530 220.689
55
220.689 225.238
56
225.238 230.001
57
230.001 231.580
58
231.580 235.260
59
235.260 240.330
60
240.330 245.162
61
245.162 246.030
62
246.030 251.014
63
251.014 255.559
64
255.559 259.784
65
259.784 264.070
66
264.070 267.596
67
267.596 271.720
68
271.720 276.080
69
276.080 278.401
70
278.401 282.770
71
282.770 286.791
72
286.791 289.630
73
289.630 293.851
74
293.851 294.990
75
294.990 299.897
76
299.897 303.629
77
303.629 308.250
78
308.250 311.150
79
311.150 315.260
80
315.260 318.775
81
318.775 321.880
82
321.880 326.860
83
326.860 332.572
84
332.572 336.714
85
336.714 342.578
86
342.578 345.900
87
345.900 349.244
88
349.244 351.973
89
351.973 356.420
90
356.420 359.990
91
359.990 364.018
92
364.018 364.980
93
364.980 368.370
94
368.370 372.700
95
372.700 376.034
96
376.034 379.170
97
379.170 383.840
98
383.840 388.510
99
388.510 393.103
100
393.103 397.211
101
397.211 401.639
102
401.639 404.330
103
404.330 409.013
104
409.013 412.710
105
412.710 415.945
106
415.945 419.384
107
419.384 423.540
108
423.540 428.630
109
428.630 433.642
110
433.642 438.360
111
438.360 442.938
112
442.938 447.371
113
447.371 450.060
114
450.060 453.452
115
453.452 457.817
116
457.817 459.985
117
459.985 464.810
118
464.810 468.610
119
468.610 472.832
120
472.832 477.040
121
477.040 480.400
122
480.400 485.240
123
485.240 489.660
124
489.660 494.468
125
494.468 499.070
126
499.070 503.670
127
503.670 508.582
128
508.582 513.566
129
513.566 518.400
130
518.400 521.652
131
521.652 525.794
132
525.794 528.999
133
528.999 530.420
134
530.420 534.780
135
534.780 539.618
136
539.618 547.140
