0
0.000 6.481
1
6.481 12.234
2
12.234 16.642
3
16.642 20.740
4
20.740 24.000
5
24.000 29.158
6
29.158 33.844
7
33.844 38.600
8
38.600 43.190
9
43.190 45.758
10
45.758 49.290
11
49.290 53.137
12
53.137 57.120
13
57.120 61.227
14
61.227 65.388
15
65.388 69.652
16
69.652 73.180
17
73.180 78.043
18
78.043 82.270
19
82.270 85.100
20
85.100 88.894
21
88.894 91.480
22
91.480 95.902
23
95.902 99.420
24
99.420 104.541
25
104.541 109.869
26
109.869 114.762
27
114.762 119.260
28
119.260 123.416
29
123.416 127.642
30
127.642 129.770
31
129.770 133.894
32
133.894 138.091
33
138.091 142.390
34
142.390 144.300
35
144.300 148.718
36
148.718 152.637
37
152.637 157.170
38
157.170 161.660
39
161.660 166.325
40
166.325 170.314
41
170.314 174.613
42
174.613 179.186
43
179.186 182.890
44
182.890 187.514
45
187.514 190.486
46
190.486 192.613
47
192.613 197.274
48
197.274 202.262
49
202.262 205.800
50
205.800 209.838
51
209.838 211.810
52
211.810 214.498
53
214.498 219.310
54
219.310 223.720
55
223.720 228.061
56
228.061 231.280
57
231.280 236.186
58
236.186 241.140
59
241.140 245.995
60
245.995 251.120
61
251.120 254.810
62
254.810 257.895
63
257.895 262.792
64
262.792 267.255
65
267.255 271.580
66
271.580 276.150
67
276.150 281.710
68
281.710 286.590
69
286.590 291.462
70
291.462 295.540
71
295.540 299.522
72
299.522 303.161
73
303.161 307.780
74
307.780 312.389
75
312.389 316.982
76
316.982 321.745
77
321.745 327.070
78
327.070 332.192
79
332.192 336.990
80
336.990 341.258
81
341.258 345.280
82
345.280 349.923
83
349.923 354.830
84
354.830 358.235
85
358.235 361.085
86
361.085 362.707
87
362.707 365.568
88
365.568 368.780
89
368.780 373.551
90
373.551 377.380
91
377.380 381.608
92
381.608 384.660
93
384.660 388.182
94
388.182 391.640
95
391.640 396.103
96
396.103 400.167
97
400.167 403.339
98
403.339 407.899
99
407.899 412.344
100
412.344 416.014
101
416.014 419.986
102
419.986 423.280
103
423.280 426.647
104
426.647 431.407
105
431.407 436.490
106
436.490 440.615
107
440.615 444.331
108
444.331 445.590
109
445.590 448.460
110
448.460 452.380
111
452.380 457.060
112
457.060 460.859
113
460.859 464.860
114
464.860 469.490
115
469.490 473.190
116
473.190 478.156
117
478.156 482.028
118
482.028 484.550
119
484.550 488.829
120
488.829 491.730
121
491.730 495.739
122
495.739 499.930
123
499.930 504.056
124
504.056 506.760
125
506.760 508.160
126
508.160 513.214
127
513.214 517.357
128
517.357 521.976
129
521.976 527.060
130
527.060 531.371
131
531.371 534.710
132
534.710 538.860
