0
5.205 10.410
1
10.410 14.550
2
14.550 15.610
3
15.610 21.530
4
21.530 28.113
5
28.113 32.890
6
32.890 37.080
7
37.080 41.700
8
41.700 45.362
9
45.362 50.610
10
50.610 55.586
11
55.586 60.487
12
60.487 63.904
13
63.904 68.451
14
68.451 73.080
15
73.080 78.286
16
78.286 83.844
17
83.844 90.030
18
90.030 94.683
19
94.683 97.580
20
97.580 98.304
21
98.304 103.333
22
103.333 104.039
23
104.039 108.640
24
108.640 113.604
25
113.604 117.820
26
117.820 118.570
27
118.570 123.640
28
123.640 127.590
29
127.590 131.807
30
131.807 137.910
31
137.910 143.215
32
143.215 147.996
33
147.996 154.450
34
154.450 160.362
35
160.362 165.810
36
165.810 169.570
37
169.570 174.160
38
174.160 179.870
39
179.870 180.771
40
180.771 185.661
41
185.661 188.480
42
188.480 190.596
43
190.596 192.780
44
192.780 196.144
45
196.144 199.420
46
199.420 203.169
47
203.169 204.650
48
204.650 207.933
49
207.933 211.519
50
211.519 215.767
51
215.767 220.185
52
220.185 224.925
53
224.925 227.190
54
227.190 232.650
55
232.650 234.139
56
234.139 238.820
57
238.820 242.680
58
242.680 247.540
59
247.540 251.658
60
251.658 256.584
61
256.584 260.920
62
260.920 263.675
63
263.675 267.169
64
267.169 270.700
65
270.700 276.004
66
276.004 278.010
67
278.010 279.930
68
279.930 283.984
69
283.984 287.620
70
287.620 290.100
71
290.100 294.915
72
294.915 299.389
73
299.389 303.716
74
303.716 308.600
75
308.600 312.630
76
312.630 315.410
77
315.410 319.117
78
319.117 322.710
79
322.710 324.084
80
324.084 329.033
81
329.033 333.915
82
333.915 338.433
83
338.433 342.440
84
342.440 345.914
85
345.914 350.442
86
350.442 352.891
87
352.891 356.100
88
356.100 359.774
89
359.774 361.870
90
361.870 364.897
91
364.897 368.749
92
368.749 371.765
93
371.765 375.940
94
375.940 380.910
95
380.910 382.750
96
382.750 386.750
97
386.750 392.450
98
392.450 395.925
99
395.925 399.740
100
399.740 403.549
101
403.549 405.307
102
405.307 407.500
103
407.500 412.426
104
412.426 417.714
105
417.714 422.430
106
422.430 426.490
107
426.490 430.550
108
430.550 436.720
109
436.720 439.586
110
439.586 440.170
111
440.170 445.477
112
445.477 450.201
113
450.201 457.895
114
457.895 463.422
115
463.422 468.397
116
468.397 473.020
117
473.020 475.542
118
475.542 480.906
119
480.906 486.097
120
486.097 491.112
121
491.112 496.373
122
496.373 500.888
123
500.888 505.092
124
505.092 508.394
125
508.394 511.850
126
511.850 517.030
127
517.030 522.210
128
522.210 528.133
129
528.133 534.280
130
534.280 539.203
131
539.203 543.949
132
543.949 548.250
133
548.250 553.815
134
553.815 557.810
135
557.810 560.784
136
560.784 564.670
137
564.670 569.590
138
569.590 572.644
139
572.644 577.340
140
577.340 581.930
141
581.930 585.392
142
585.392 591.130
143
591.130 597.013
144
597.013 602.685
145
602.685 607.515
146
607.515 612.308
147
612.308 617.114
148
617.114 620.188
149
620.188 623.836
150
623.836 626.780
151
626.780 629.744
152
629.744 634.528
153
634.528 639.972
154
639.972 645.010
155
645.010 647.799
156
647.799 652.849
157
652.849 657.169
158
657.169 660.850
159
660.850 666.981
160
666.981 671.583
161
671.583 678.261
162
678.261 683.518
163
683.518 690.033
164
690.033 695.600
165
695.600 699.852
166
699.852 704.030
167
704.030 707.390
168
707.390 712.318
169
712.318 716.168
170
716.168 721.268
171
721.268 725.850
172
725.850 730.789
173
730.789 734.735
174
734.735 737.465
175
737.465 740.575
176
740.575 742.790
177
742.790 745.190
178
745.190 749.524
179
749.524 753.358
180
753.358 758.274
181
758.274 759.975
182
759.975 763.202
183
763.202 768.948
184
768.948 773.555
185
773.555 778.350
