0
5.610 11.220
1
11.220 15.876
2
15.876 17.983
3
17.983 21.890
4
21.890 26.900
5
26.900 31.713
6
31.713 36.565
7
36.565 41.695
8
41.695 47.200
9
47.200 51.858
10
51.858 56.920
11
56.920 59.595
12
59.595 64.050
13
64.050 68.059
14
68.059 72.850
15
72.850 77.622
16
77.622 81.475
17
81.475 86.369
18
86.369 91.396
19
91.396 96.499
20
96.499 101.890
21
101.890 107.132
22
107.132 111.777
23
111.777 115.686
24
115.686 119.003
25
119.003 123.894
26
123.894 125.170
27
125.170 128.307
28
128.307 133.218
29
133.218 137.980
30
137.980 142.450
31
142.450 144.952
32
144.952 149.299
33
149.299 152.860
34
152.860 157.610
35
157.610 161.830
36
161.830 166.054
37
166.054 168.069
38
168.069 168.781
39
168.781 174.466
40
174.466 178.033
41
178.033 181.810
42
181.810 186.300
43
186.300 187.950
44
187.950 192.620
45
192.620 197.472
46
197.472 202.190
47
202.190 207.184
48
207.184 209.980
49
209.980 213.990
50
213.990 218.286
51
218.286 222.449
52
222.449 227.230
53
227.230 231.457
54
231.457 236.340
55
236.340 240.632
56
240.632 243.180
57
243.180 247.575
58
247.575 249.550
59
249.550 254.720
60
254.720 259.365
61
259.365 264.220
62
264.220 268.678
63
268.678 273.430
64
273.430 274.016
65
274.016 279.090
66
279.090 284.068
67
284.068 287.207
68
287.207 291.267
69
291.267 296.114
70
296.114 300.896
71
300.896 305.790
72
305.790 309.820
73
309.820 314.608
74
314.608 319.718
75
319.718 325.240
76
325.240 330.647
77
330.647 334.330
78
334.330 339.060
79
339.060 342.480
80
342.480 347.240
