0
0.000 6.657
1
6.657 11.448
2
11.448 12.600
3
12.600 14.097
4
14.097 17.960
5
17.960 22.090
6
22.090 25.860
7
25.860 30.480
8
30.480 35.006
9
35.006 39.560
10
39.560 43.942
11
43.942 48.486
12
48.486 52.720
13
52.720 56.710
14
56.710 61.664
15
61.664 64.737
16
64.737 69.229
17
69.229 74.880
18
74.880 80.130
19
80.130 85.313
20
85.313 89.200
21
89.200 92.124
22
92.124 96.870
23
96.870 101.820
24
101.820 106.428
25
106.428 109.600
26
109.600 115.379
27
115.379 119.380
28
119.380 124.629
29
124.629 130.240
30
130.240 134.600
31
134.600 140.022
32
140.022 145.366
33
145.366 150.506
34
150.506 153.049
35
153.049 156.430
36
156.430 161.012
37
161.012 165.080
38
165.080 169.280
39
169.280 174.592
40
174.592 178.900
41
178.900 184.363
42
184.363 189.930
43
189.930 194.200
44
194.200 197.758
45
197.758 202.923
46
202.923 207.624
47
207.624 212.530
48
212.530 217.039
49
217.039 220.606
50
220.606 225.297
51
225.297 230.784
52
230.784 235.501
53
235.501 240.465
54
240.465 244.800
55
244.800 249.432
56
249.432 254.320
57
254.320 259.630
58
259.630 264.344
59
264.344 270.030
60
270.030 274.569
61
274.569 279.697
62
279.697 284.820
63
284.820 289.710
64
289.710 294.550
65
294.550 298.095
66
298.095 302.640
67
302.640 305.544
68
305.544 310.743
69
310.743 313.630
70
313.630 318.514
71
318.514 322.573
72
322.573 327.800
73
327.800 332.876
74
332.876 338.960
75
338.960 343.960
76
343.960 348.960
77
348.960 354.120
78
354.120 358.904
79
358.904 361.190
80
361.190 366.278
81
366.278 371.520
82
371.520 376.000
83
376.000 380.815
84
380.815 384.310
85
384.310 388.584
86
388.584 392.812
87
392.812 397.053
88
397.053 401.835
89
401.835 406.803
90
406.803 410.634
91
410.634 414.780
92
414.780 419.645
93
419.645 420.640
94
420.640 425.640
95
425.640 430.536
96
430.536 434.570
97
434.570 438.680
98
438.680 443.498
99
443.498 448.798
100
448.798 453.340
101
453.340 457.850
102
457.850 459.915
103
459.915 464.430
104
464.430 467.890
105
467.890 473.154
106
473.154 477.577
107
477.577 482.300
108
482.300 487.220
109
487.220 492.050
110
492.050 496.421
111
496.421 499.760
112
499.760 504.567
113
504.567 507.656
114
507.656 511.847
115
511.847 516.890
116
516.890 521.440
117
521.440 525.640
118
525.640 530.241
119
530.241 534.582
120
534.582 539.560
121
539.560 544.760
122
544.760 550.044
123
550.044 555.253
124
555.253 560.506
125
560.506 564.829
126
564.829 569.421
127
569.421 574.144
128
574.144 578.170
129
578.170 581.045
130
581.045 585.024
131
585.024 589.768
132
589.768 593.963
133
593.963 598.100
134
598.100 603.350
135
603.350 608.118
136
608.118 612.840
137
612.840 617.397
138
617.397 621.460
139
621.460 626.210
140
626.210 630.774
141
630.774 635.155
142
635.155 637.920
143
637.920 641.652
144
641.652 645.770
145
645.770 650.214
146
650.214 652.160
147
652.160 656.630
148
656.630 660.250
149
660.250 663.024
150
663.024 667.273
151
667.273 671.789
152
671.789 675.996
153
675.996 680.610
154
680.610 685.174
155
685.174 690.363
156
690.363 695.470
