0
0.000 5.191
1
5.191 11.040
2
11.040 15.953
3
15.953 17.770
4
17.770 22.360
5
22.360 24.880
6
24.880 30.364
7
30.364 35.261
8
35.261 40.210
9
40.210 46.650
10
46.650 50.368
11
50.368 55.160
12
55.160 59.261
13
59.261 61.920
14
61.920 66.940
15
66.940 72.053
16
72.053 76.587
17
76.587 81.637
18
81.637 87.153
19
87.153 92.390
20
92.390 98.325
21
98.325 101.642
22
101.642 104.260
23
104.260 111.162
24
111.162 116.725
25
116.725 122.430
26
122.430 126.300
27
126.300 131.260
28
131.260 136.020
29
136.020 142.958
30
142.958 147.120
31
147.120 152.450
32
152.450 158.531
33
158.531 163.583
34
163.583 169.307
35
169.307 172.740
36
172.740 179.520
37
179.520 186.660
38
186.660 190.177
39
190.177 193.896
40
193.896 197.810
41
197.810 200.990
42
200.990 207.232
43
207.232 211.420
44
211.420 217.455
45
217.455 223.490
46
223.490 227.370
47
227.370 231.008
48
231.008 235.840
49
235.840 241.930
50
241.930 246.810
51
246.810 251.690
52
251.690 258.312
53
258.312 263.410
54
263.410 267.460
55
267.460 273.170
56
273.170 278.789
57
278.789 284.275
58
284.275 287.360
59
287.360 292.630
60
292.630 298.540
61
298.540 302.908
62
302.908 304.340
63
304.340 308.850
64
308.850 313.360
65
313.360 318.490
66
318.490 323.620
67
323.620 328.946
68
328.946 331.310
69
331.310 338.099
70
338.099 343.315
71
343.315 346.797
72
346.797 352.777
73
352.777 357.074
74
357.074 361.720
75
361.720 367.992
76
367.992 372.300
77
372.300 377.684
78
377.684 383.057
79
383.057 392.040
80
392.040 400.040
81
400.040 409.340
