0
0.000 7.836
1
7.836 12.600
2
12.600 13.356
3
13.356 17.943
4
17.943 23.624
5
23.624 28.310
6
28.310 34.250
7
34.250 40.175
8
40.175 46.840
9
46.840 48.646
10
48.646 52.490
11
52.490 56.590
12
56.590 63.325
13
63.325 67.275
14
67.275 70.666
15
70.666 74.040
16
74.040 78.880
17
78.880 82.750
18
82.750 87.979
19
87.979 92.350
20
92.350 96.614
21
96.614 97.400
22
97.400 100.271
23
100.271 104.334
24
104.334 105.850
25
105.850 111.665
26
111.665 117.561
27
117.561 120.126
28
120.126 123.090
29
123.090 127.118
30
127.118 129.400
31
129.400 133.976
32
133.976 138.031
33
138.031 143.030
34
143.030 146.351
35
146.351 148.920
36
148.920 152.560
37
152.560 154.404
38
154.404 160.440
39
160.440 163.592
40
163.592 167.677
41
167.677 168.958
42
168.958 173.018
43
173.018 175.968
44
175.968 177.610
45
177.610 182.276
46
182.276 185.470
47
185.470 189.661
48
189.661 192.050
49
192.050 195.978
50
195.978 198.833
51
198.833 203.196
52
203.196 207.684
53
207.684 212.375
54
212.375 215.450
55
215.450 218.455
56
218.455 222.520
57
222.520 224.866
58
224.866 227.995
59
227.995 229.500
60
229.500 232.902
61
232.902 237.590
62
237.590 241.459
63
241.459 244.630
64
244.630 246.036
65
246.036 249.970
66
249.970 254.970
67
254.970 259.176
68
259.176 263.874
69
263.874 266.870
70
266.870 271.690
71
271.690 276.251
72
276.251 279.900
73
279.900 282.736
74
282.736 286.290
75
286.290 290.526
76
290.526 294.052
77
294.052 298.959
78
298.959 300.020
79
300.020 302.400
80
302.400 307.234
81
307.234 311.740
82
311.740 315.150
83
315.150 319.627
84
319.627 324.373
85
324.373 329.409
86
329.409 334.200
87
334.200 338.745
88
338.745 341.985
89
341.985 344.572
90
344.572 346.670
91
346.670 351.710
92
351.710 356.160
93
356.160 361.959
94
361.959 364.860
95
364.860 368.382
96
368.382 370.250
97
370.250 374.088
98
374.088 377.665
99
377.665 381.170
100
381.170 388.595
101
388.595 393.290
102
393.290 398.537
103
398.537 403.140
104
403.140 406.388
105
406.388 410.150
106
410.150 414.313
107
414.313 417.686
108
417.686 421.927
109
421.927 426.455
110
426.455 431.747
111
431.747 436.274
112
436.274 439.240
113
439.240 443.154
114
443.154 449.230
115
449.230 454.225
116
454.225 459.327
117
459.327 464.755
118
464.755 468.914
119
468.914 472.622
120
472.622 477.140
121
477.140 483.040
122
483.040 487.470
123
487.470 492.584
124
492.584 497.730
125
497.730 503.408
126
503.408 508.867
127
508.867 514.968
128
514.968 520.343
129
520.343 524.370
130
524.370 530.590
131
530.590 535.576
132
535.576 541.579
133
541.579 546.815
134
546.815 553.060
135
553.060 556.637
136
556.637 561.755
137
561.755 566.470
138
566.470 571.060
139
571.060 576.978
140
576.978 581.690
141
581.690 586.780
142
586.780 592.720
143
592.720 598.840
144
598.840 604.602
145
604.602 610.065
146
610.065 615.036
147
615.036 619.298
148
619.298 624.229
149
624.229 629.880
150
629.880 634.512
151
634.512 638.934
152
638.934 643.750
153
643.750 648.202
154
648.202 652.810
155
652.810 655.934
156
655.934 660.840
157
660.840 665.128
158
665.128 671.243
159
671.243 676.265
160
676.265 683.121
161
683.121 687.509
162
687.509 692.001
163
692.001 697.504
164
697.504 703.248
165
703.248 706.200
166
706.200 711.096
167
711.096 715.877
168
715.877 718.760
169
718.760 722.282
170
722.282 728.298
171
728.298 734.390
172
734.390 739.160
173
739.160 741.980
174
741.980 745.890
175
745.890 750.290
176
750.290 754.451
177
754.451 758.560
178
758.560 763.919
179
763.919 768.416
180
768.416 772.940
181
772.940 778.323
182
778.323 784.472
183
784.472 789.261
184
789.261 793.970
185
793.970 798.260
186
798.260 803.330
187
803.330 807.745
188
807.745 812.238
189
812.238 817.081
190
817.081 821.236
191
821.236 825.908
192
825.908 831.138
193
831.138 836.640
194
836.640 841.780
195
841.780 845.547
196
845.547 850.518
197
850.518 854.784
198
854.784 858.370
199
858.370 862.950
200
862.950 867.950
