0
0.000 7.408
1
7.408 11.847
2
11.847 17.490
3
17.490 21.932
4
21.932 27.507
5
27.507 32.606
6
32.606 38.428
7
38.428 43.600
8
43.600 48.945
9
48.945 54.030
10
54.030 58.631
11
58.631 63.945
12
63.945 68.955
13
68.955 75.445
14
75.445 78.778
15
78.778 82.960
16
82.960 88.218
17
88.218 91.670
18
91.670 95.955
19
95.955 100.240
20
100.240 104.565
21
104.565 110.498
22
110.498 114.380
23
114.380 119.852
24
119.852 124.533
25
124.533 129.320
26
129.320 134.775
27
134.775 139.940
28
139.940 145.077
29
145.077 151.760
30
151.760 157.061
31
157.061 162.345
32
162.345 167.323
33
167.323 171.550
34
171.550 176.566
35
176.566 182.022
36
182.022 187.319
37
187.319 192.918
38
192.918 198.320
39
198.320 202.600
40
202.600 206.220
41
206.220 211.670
42
211.670 218.113
43
218.113 223.485
44
223.485 227.760
45
227.760 232.540
46
232.540 236.883
47
236.883 241.545
48
241.545 245.370
49
245.370 249.860
50
249.860 255.231
51
255.231 258.670
52
258.670 264.117
53
264.117 268.370
54
268.370 272.998
55
272.998 278.740
56
278.740 283.152
57
283.152 287.879
58
287.879 291.880
59
291.880 297.250
60
297.250 300.998
61
300.998 306.530
62
306.530 314.000
63
314.000 318.880
64
318.880 324.839
65
324.839 330.970
66
330.970 334.992
67
334.992 338.320
68
338.320 341.559
69
341.559 346.662
70
346.662 351.012
71
351.012 356.970
72
356.970 362.390
73
362.390 368.306
74
368.306 372.813
75
372.813 375.335
76
375.335 378.103
77
378.103 382.010
78
382.010 386.803
79
386.803 392.215
80
392.215 394.620
81
394.620 401.061
82
401.061 406.440
83
406.440 412.893
84
412.893 418.241
85
418.241 420.960
86
420.960 426.152
87
426.152 430.955
88
430.955 435.880
89
435.880 441.590
90
441.590 448.880
91
448.880 453.718
92
453.718 456.789
93
456.789 460.412
94
460.412 465.140
95
465.140 469.880
96
469.880 475.297
97
475.297 480.710
98
480.710 484.592
99
484.592 489.081
100
489.081 496.600
101
496.600 499.805
102
499.805 500.401
103
500.401 503.372
104
503.372 508.080
105
508.080 511.690
106
511.690 516.942
107
516.942 521.222
108
521.222 527.088
109
527.088 529.600
110
529.600 534.498
111
534.498 540.430
112
540.430 544.990
113
544.990 550.270
114
550.270 552.799
115
552.799 556.240
116
556.240 562.726
117
562.726 567.141
118
567.141 571.960
119
571.960 575.285
120
575.285 578.700
121
578.700 580.741
122
580.741 586.110
123
586.110 590.140
124
590.140 594.230
125
594.230 597.383
126
597.383 604.250
