0
0.000 7.586
1
7.586 12.430
2
12.430 17.135
3
17.135 21.683
4
21.683 25.650
5
25.650 31.180
6
31.180 36.550
7
36.550 41.038
8
41.038 42.730
9
42.730 46.432
10
46.432 50.161
11
50.161 54.040
12
54.040 59.020
13
59.020 63.899
14
63.899 68.081
15
68.081 73.809
16
73.809 79.423
17
79.423 83.939
18
83.939 89.450
19
89.450 95.080
20
95.080 100.080
21
100.080 104.957
22
104.957 108.184
23
108.184 112.901
24
112.901 115.340
25
115.340 119.869
26
119.869 125.280
27
125.280 129.421
28
129.421 131.680
29
131.680 136.209
30
136.209 140.700
31
140.700 144.961
32
144.961 149.080
33
149.080 154.839
34
154.839 160.400
35
160.400 164.580
36
164.580 167.190
37
167.190 172.034
38
172.034 175.752
39
175.752 180.730
40
180.730 185.500
41
185.500 189.096
42
189.096 193.328
43
193.328 195.190
44
195.190 199.998
45
199.998 204.450
46
204.450 208.600
47
208.600 213.524
48
213.524 218.820
49
218.820 224.212
50
224.212 228.523
51
228.523 231.720
52
231.720 236.325
53
236.325 238.090
54
238.090 243.022
55
243.022 246.187
56
246.187 249.520
57
249.520 252.611
58
252.611 256.930
59
256.930 262.029
60
262.029 267.334
61
267.334 271.716
62
271.716 276.286
63
276.286 278.810
64
278.810 283.725
65
283.725 285.030
