0
0.000 7.098
1
7.098 12.097
2
12.097 13.450
3
13.450 18.259
4
18.259 20.480
5
20.480 24.749
6
24.749 29.413
7
29.413 34.380
8
34.380 38.540
9
38.540 42.110
10
42.110 43.578
11
43.578 49.380
12
49.380 54.323
13
54.323 59.530
14
59.530 63.800
15
63.800 68.352
16
68.352 73.050
17
73.050 78.190
18
78.190 82.645
19
82.645 87.655
20
87.655 92.110
21
92.110 97.317
22
97.317 100.260
23
100.260 105.430
24
105.430 110.200
25
110.200 115.170
26
115.170 119.766
27
119.766 122.774
28
122.774 127.700
29
127.700 132.040
30
132.040 138.736
31
138.736 144.099
32
144.099 148.230
33
148.230 152.100
34
152.100 156.862
35
156.862 161.890
36
161.890 165.957
37
165.957 170.140
38
170.140 175.610
39
175.610 180.950
40
180.950 185.649
41
185.649 190.170
42
190.170 196.566
43
196.566 201.078
44
201.078 205.330
45
205.330 206.372
46
206.372 211.590
47
211.590 215.130
48
215.130 219.446
49
219.446 222.770
50
222.770 227.885
51
227.885 233.110
52
233.110 237.912
53
237.912 242.034
54
242.034 246.167
55
246.167 252.490
56
252.490 258.578
57
258.578 264.220
58
264.220 268.602
59
268.602 272.785
60
272.785 274.319
61
274.319 278.470
62
278.470 279.430
63
279.430 284.611
64
284.611 289.570
65
289.570 294.059
66
294.059 297.335
67
297.335 302.460
68
302.460 307.602
69
307.602 311.780
70
311.780 317.512
71
317.512 321.383
72
321.383 326.560
73
326.560 331.327
74
331.327 336.008
75
336.008 338.650
76
338.650 343.870
77
343.870 349.327
78
349.327 352.673
79
352.673 355.390
80
355.390 359.645
81
359.645 365.491
82
365.491 370.580
83
370.580 375.556
84
375.556 380.700
85
380.700 385.473
86
385.473 390.416
87
390.416 395.293
88
395.293 398.060
89
398.060 403.770
90
403.770 408.592
91
408.592 413.591
92
413.591 417.610
93
417.610 424.593
94
424.593 430.169
95
430.169 435.140
96
435.140 439.260
97
439.260 444.059
98
444.059 448.808
99
448.808 454.147
100
454.147 458.555
101
458.555 464.020
