0
0.000 6.874
1
6.874 12.042
2
12.042 16.710
3
16.710 20.950
4
20.950 23.710
5
23.710 27.300
6
27.300 32.053
7
32.053 36.643
8
36.643 41.560
9
41.560 45.850
10
45.850 50.650
11
50.650 53.761
12
53.761 57.902
13
57.902 62.798
14
62.798 67.515
15
67.515 71.990
16
71.990 76.320
17
76.320 80.050
18
80.050 84.310
19
84.310 89.680
20
89.680 93.770
21
93.770 98.600
22
98.600 103.161
23
103.161 107.722
24
107.722 111.859
25
111.859 116.880
26
116.880 120.740
27
120.740 124.813
28
124.813 129.464
29
129.464 133.980
30
133.980 138.822
31
138.822 141.290
32
141.290 146.580
33
146.580 150.287
34
150.287 153.940
35
153.940 156.354
36
156.354 160.978
37
160.978 166.240
38
166.240 170.430
39
170.430 173.990
40
173.990 179.159
41
179.159 184.419
42
184.419 189.160
43
189.160 193.467
44
193.467 198.360
45
198.360 203.260
46
203.260 208.160
47
208.160 211.820
48
211.820 215.333
49
215.333 219.630
50
219.630 224.575
51
224.575 228.560
52
228.560 231.900
53
231.900 235.890
54
235.890 243.035
55
243.035 248.290
56
248.290 253.110
57
253.110 258.510
58
258.510 261.806
59
261.806 266.831
60
266.831 272.020
61
272.020 276.690
62
276.690 280.820
63
280.820 284.250
64
284.250 288.239
65
288.239 292.863
66
292.863 296.270
67
296.270 300.668
68
300.668 304.380
69
304.380 310.265
70
310.265 316.910
71
316.910 321.840
72
321.840 327.135
73
327.135 331.700
74
331.700 334.600
75
334.600 340.490
76
340.490 344.530
77
344.530 348.330
78
348.330 352.168
79
352.168 356.849
80
356.849 359.839
81
359.839 364.243
82
364.243 367.900
83
367.900 373.790
84
373.790 378.629
85
378.629 383.610
86
383.610 388.406
87
388.406 393.420
88
393.420 398.584
89
398.584 403.430
90
403.430 409.510
91
409.510 414.666
92
414.666 419.808
93
419.808 424.482
94
424.482 429.120
95
429.120 433.000
96
433.000 438.041
97
438.041 443.633
98
443.633 448.558
99
448.558 453.320
100
453.320 459.117
101
459.117 463.574
102
463.574 468.780
103
468.780 474.160
104
474.160 478.719
105
478.719 483.925
106
483.925 488.947
107
488.947 493.137
108
493.137 498.222
109
498.222 503.978
110
503.978 510.480
111
510.480 515.330
112
515.330 518.986
113
518.986 522.570
114
522.570 526.749
115
526.749 531.882
116
531.882 536.795
117
536.795 541.157
118
541.157 544.020
119
544.020 548.631
120
548.631 553.330
121
553.330 558.514
122
558.514 563.530
123
563.530 569.246
124
569.246 575.512
125
575.512 580.520
126
580.520 585.440
127
585.440 587.870
128
587.870 593.174
129
593.174 594.580
