0
0.000 6.792
1
6.792 12.830
2
12.830 16.513
3
16.513 21.170
4
21.170 22.980
5
22.980 30.020
6
30.020 31.855
7
31.855 37.825
8
37.825 41.497
9
41.497 46.371
10
46.371 49.850
11
49.850 55.010
12
55.010 60.644
13
60.644 65.778
14
65.778 70.674
15
70.674 77.400
16
77.400 80.189
17
80.189 85.158
18
85.158 92.200
19
92.200 96.310
20
96.310 100.500
21
100.500 103.356
22
103.356 107.900
23
107.900 114.644
24
114.644 120.032
25
120.032 124.787
26
124.787 129.672
27
129.672 135.838
28
135.838 140.001
29
140.001 144.971
30
144.971 148.171
31
148.171 151.795
32
151.795 154.720
33
154.720 160.273
34
160.273 164.130
35
164.130 169.746
36
169.746 174.850
37
174.850 179.953
38
179.953 184.858
39
184.858 185.675
40
185.675 187.191
41
187.191 193.270
42
193.270 198.710
43
198.710 204.102
44
204.102 207.260
45
207.260 211.740
46
211.740 215.747
47
215.747 221.825
48
221.825 226.170
49
226.170 232.600
50
232.600 236.950
51
236.950 240.380
52
240.380 244.530
53
244.530 248.206
54
248.206 251.080
55
251.080 255.700
56
255.700 260.378
57
260.378 264.508
58
264.508 269.100
59
269.100 273.520
60
273.520 279.126
61
279.126 286.345
62
286.345 291.709
63
291.709 295.200
64
295.200 300.570
65
300.570 305.940
66
305.940 312.040
67
312.040 317.248
68
317.248 322.989
69
322.989 328.536
70
328.536 332.882
71
332.882 337.865
72
337.865 342.600
73
342.600 347.119
74
347.119 352.670
75
352.670 357.605
76
357.605 362.540
77
362.540 366.016
78
366.016 371.367
79
371.367 377.380
80
377.380 382.283
81
382.283 387.550
82
387.550 392.172
83
392.172 396.850
84
396.850 402.680
85
402.680 410.170
86
410.170 415.421
87
415.421 420.160
88
420.160 425.390
89
425.390 430.053
90
430.053 433.900
91
433.900 441.000
92
441.000 445.680
93
445.680 451.550
94
451.550 456.025
95
456.025 460.360
96
460.360 465.285
97
465.285 469.660
98
469.660 474.730
99
474.730 480.440
100
480.440 485.630
101
485.630 487.924
102
487.924 491.995
103
491.995 495.660
104
495.660 501.305
105
501.305 504.454
106
504.454 506.950
107
506.950 509.931
108
509.931 514.543
109
514.543 519.370
110
519.370 522.131
111
522.131 526.379
112
526.379 529.149
113
529.149 530.570
114
530.570 533.225
115
533.225 533.900
116
533.900 537.738
117
537.738 541.230
118
541.230 544.430
119
544.430 545.321
120
545.321 546.064
121
546.064 548.500
122
548.500 550.819
123
550.819 553.880
124
553.880 557.858
125
557.858 561.520
126
561.520 565.270
127
565.270 567.043
128
567.043 570.600
129
570.600 574.105
130
574.105 577.420
131
577.420 581.341
132
581.341 584.311
133
584.311 587.617
134
587.617 591.000
135
591.000 595.639
136
595.639 598.426
137
598.426 601.960
138
601.960 605.334
139
605.334 606.570
140
606.570 611.269
141
611.269 615.878
142
615.878 618.750
143
618.750 622.865
144
622.865 625.562
145
625.562 628.444
146
628.444 631.802
147
631.802 635.989
148
635.989 639.512
149
639.512 644.320
150
644.320 648.730
