0
5.780 11.560
1
11.560 18.096
2
18.096 23.230
3
23.230 26.646
4
26.646 30.746
5
30.746 39.002
6
39.002 44.738
7
44.738 49.350
8
49.350 54.760
9
54.760 58.505
10
58.505 63.240
11
63.240 68.324
12
68.324 73.379
13
73.379 77.970
14
77.970 82.174
15
82.174 88.740
16
88.740 90.506
17
90.506 91.071
18
91.071 93.270
19
93.270 96.474
20
96.474 101.288
21
101.288 104.257
22
104.257 111.710
23
111.710 116.780
24
116.780 122.825
25
122.825 127.740
26
127.740 133.071
27
133.071 137.755
28
137.755 140.758
29
140.758 145.916
30
145.916 147.700
31
147.700 151.060
32
151.060 155.722
33
155.722 160.543
34
160.543 163.960
35
163.960 169.257
36
169.257 174.661
37
174.661 176.761
38
176.761 181.002
39
181.002 186.450
40
186.450 192.189
41
192.189 197.691
42
197.691 202.074
43
202.074 206.420
44
206.420 209.570
45
209.570 212.535
46
212.535 216.967
47
216.967 220.570
48
220.570 225.393
49
225.393 228.833
50
228.833 231.084
51
231.084 235.322
52
235.322 238.590
53
238.590 243.438
54
243.438 248.249
55
248.249 252.990
56
252.990 257.050
57
257.050 261.528
58
261.528 266.168
59
266.168 271.288
60
271.288 276.877
61
276.877 281.677
62
281.677 286.470
63
286.470 288.231
64
288.231 293.024
65
293.024 297.851
66
297.851 302.900
67
302.900 306.970
68
306.970 311.889
69
311.889 316.643
70
316.643 321.780
71
321.780 326.441
72
326.441 329.270
73
329.270 333.750
74
333.750 338.752
75
338.752 344.099
76
344.099 347.850
77
347.850 351.592
78
351.592 356.240
79
356.240 360.713
80
360.713 364.230
81
364.230 368.333
82
368.333 372.657
83
372.657 377.222
84
377.222 382.380
85
382.380 388.388
86
388.388 391.095
87
391.095 394.930
88
394.930 399.630
89
399.630 401.850
90
401.850 407.072
91
407.072 412.340
92
412.340 415.860
93
415.860 424.268
94
424.268 428.745
95
428.745 432.815
96
432.815 437.360
97
437.360 440.312
98
440.312 445.324
99
445.324 450.460
100
450.460 451.430
101
451.430 455.319
102
455.319 460.160
103
460.160 463.294
104
463.294 464.770
105
464.770 469.868
106
469.868 474.500
107
474.500 483.050
