0
7.165 12.376
1
12.376 17.061
2
17.061 18.520
3
18.520 22.660
4
22.660 25.285
5
25.285 29.608
6
29.608 33.719
7
33.719 35.960
8
35.960 39.460
9
39.460 43.865
10
43.865 48.270
11
48.270 51.826
12
51.826 56.450
13
56.450 61.710
14
61.710 67.609
15
67.609 72.345
16
72.345 76.400
17
76.400 81.711
18
81.711 86.328
19
86.328 92.194
20
92.194 96.970
21
96.970 101.349
22
101.349 106.230
23
106.230 112.355
24
112.355 118.270
25
118.270 123.080
26
123.080 126.212
27
126.212 131.210
28
131.210 136.733
29
136.733 141.722
30
141.722 143.218
31
143.218 149.096
32
149.096 153.820
33
153.820 158.132
34
158.132 163.063
35
163.063 167.625
36
167.625 171.830
37
171.830 174.951
38
174.951 180.250
39
180.250 183.810
40
183.810 188.545
41
188.545 193.280
42
193.280 197.915
43
197.915 202.550
44
202.550 206.979
45
206.979 210.379
46
210.379 212.800
47
212.800 216.510
