0
6.610 9.616
1
9.616 13.220
2
13.220 17.642
3
17.642 18.210
4
18.210 22.648
5
22.648 27.550
6
27.550 32.523
7
32.523 36.117
8
36.117 38.230
9
38.230 43.322
10
43.322 48.160
11
48.160 52.920
12
52.920 57.380
13
57.380 62.322
14
62.322 66.276
15
66.276 67.420
16
67.420 71.322
17
71.322 75.709
18
75.709 76.990
19
76.990 82.132
20
82.132 86.620
21
86.620 90.889
22
90.889 95.343
23
95.343 97.470
24
97.470 101.801
25
101.801 106.376
26
106.376 110.300
27
110.300 114.119
28
114.119 115.790
29
115.790 119.940
30
119.940 123.540
31
123.540 128.567
32
128.567 133.870
33
133.870 138.594
34
138.594 142.612
35
142.612 144.378
36
144.378 149.130
37
149.130 153.690
38
153.690 156.303
39
156.303 162.109
40
162.109 167.378
41
167.378 172.390
42
172.390 173.636
43
173.636 178.340
44
178.340 182.890
45
182.890 187.409
46
187.409 192.715
47
192.715 195.970
48
195.970 200.744
49
200.744 205.299
50
205.299 209.570
51
209.570 214.428
52
214.428 216.010
53
216.010 219.350
54
219.350 223.286
55
223.286 228.056
56
228.056 233.014
57
233.014 236.300
58
236.300 241.432
59
241.432 245.020
60
245.020 247.789
61
247.789 252.563
62
252.563 257.240
63
257.240 261.342
64
261.342 265.560
65
265.560 268.024
66
268.024 273.610
67
273.610 278.690
68
278.690 281.203
69
281.203 286.415
70
286.415 290.477
71
290.477 295.410
72
295.410 299.696
73
299.696 302.878
74
302.878 305.830
75
305.830 310.390
76
310.390 314.869
77
314.869 320.460
78
320.460 325.270
79
325.270 329.156
80
329.156 331.140
81
331.140 336.035
82
336.035 340.350
83
340.350 343.927
84
343.927 347.770
85
347.770 351.404
86
351.404 356.270
87
356.270 361.540
88
361.540 365.428
89
365.428 368.480
90
368.480 372.089
91
372.089 375.343
92
375.343 379.340
93
379.340 382.366
94
382.366 386.285
95
386.285 389.420
96
389.420 392.560
97
392.560 396.161
98
396.161 401.753
99
401.753 406.270
100
406.270 410.110
101
410.110 414.282
102
414.282 418.136
103
418.136 421.954
104
421.954 426.880
105
426.880 431.356
106
431.356 436.046
107
436.046 440.919
108
440.919 445.170
109
445.170 449.990
110
449.990 455.281
111
455.281 459.719
112
459.719 464.532
113
464.532 468.756
114
468.756 473.682
115
473.682 478.670
116
478.670 482.297
117
482.297 485.540
118
485.540 489.136
119
489.136 492.920
120
492.920 497.768
121
497.768 501.536
122
501.536 506.072
123
506.072 509.300
124
509.300 512.506
125
512.506 517.375
126
517.375 521.060
127
521.060 526.626
128
526.626 531.400
129
531.400 536.516
130
536.516 541.739
131
541.739 547.795
132
547.795 552.400
133
552.400 556.730
134
556.730 557.988
135
557.988 561.060
136
561.060 565.414
137
565.414 567.800
138
567.800 572.534
139
572.534 577.299
140
577.299 582.147
141
582.147 586.050
142
586.050 590.768
143
590.768 595.313
144
595.313 600.450
