0
0.000 5.533
1
5.533 10.122
2
10.122 15.086
3
15.086 17.860
4
17.860 22.858
5
22.858 26.240
6
26.240 32.099
7
32.099 36.070
8
36.070 40.940
9
40.940 45.810
10
45.810 49.107
11
49.107 55.420
12
55.420 60.110
13
60.110 63.830
14
63.830 68.671
15
68.671 73.770
16
73.770 77.467
17
77.467 83.350
18
83.350 89.410
19
89.410 96.623
20
96.623 103.610
21
103.610 109.020
22
109.020 113.899
23
113.899 118.944
24
118.944 123.860
25
123.860 128.630
26
128.630 134.310
27
134.310 138.470
28
138.470 144.050
29
144.050 147.950
30
147.950 155.238
31
155.238 161.644
32
161.644 167.890
33
167.890 171.450
34
171.450 174.760
35
174.760 180.700
36
180.700 186.763
37
186.763 192.873
38
192.873 199.600
39
199.600 206.410
40
206.410 211.015
41
211.015 215.996
42
215.996 220.768
43
220.768 225.876
44
225.876 230.841
45
230.841 235.650
46
235.650 240.870
47
240.870 246.680
48
246.680 251.850
49
251.850 256.799
50
256.799 262.151
51
262.151 267.810
52
267.810 272.610
53
272.610 277.327
54
277.327 280.210
55
280.210 285.362
56
285.362 290.421
57
290.421 296.381
58
296.381 301.276
59
301.276 304.617
60
304.617 310.904
61
310.904 314.613
62
314.613 319.270
63
319.270 324.619
64
324.619 330.684
65
330.684 335.640
66
335.640 340.326
67
340.326 345.469
68
345.469 350.469
69
350.469 355.680
70
355.680 360.390
71
360.390 366.003
72
366.003 371.503
73
371.503 377.050
74
377.050 380.368
75
380.368 383.250
76
383.250 388.771
77
388.771 394.201
78
394.201 400.950
79
400.950 407.450
80
407.450 413.229
81
413.229 420.479
82
420.479 424.699
83
424.699 429.146
84
429.146 434.015
85
434.015 437.060
86
437.060 442.648
87
442.648 447.330
88
447.330 452.370
89
452.370 456.781
90
456.781 461.526
91
461.526 466.110
92
466.110 475.180
93
475.180 480.260
94
480.260 485.340
