0
0.000 8.000
1
8.000 11.689
2
11.689 15.535
3
15.535 20.038
4
20.038 21.427
5
21.427 23.779
6
23.779 28.686
7
28.686 33.664
8
33.664 38.290
9
38.290 43.165
10
43.165 47.250
11
47.250 48.015
12
48.015 52.955
13
52.955 58.383
14
58.383 63.190
15
63.190 68.123
16
68.123 70.550
17
70.550 75.252
18
75.252 80.480
19
80.480 83.581
20
83.581 87.521
21
87.521 92.050
22
92.050 96.987
23
96.987 99.000
24
99.000 104.026
25
104.026 109.617
26
109.617 115.740
27
115.740 120.331
28
120.331 124.020
29
124.020 124.868
30
124.868 129.270
31
129.270 133.240
32
133.240 138.242
33
138.242 143.351
34
143.351 147.867
35
147.867 151.552
36
151.552 154.280
37
154.280 158.854
38
158.854 163.120
39
163.120 167.951
40
167.951 168.500
41
168.500 173.360
42
173.360 177.737
43
177.737 181.550
44
181.550 185.307
45
185.307 189.904
46
189.904 194.650
47
194.650 199.720
48
199.720 205.473
49
205.473 210.937
50
210.937 216.742
51
216.742 221.270
52
221.270 225.710
53
225.710 231.061
54
231.061 236.290
55
236.290 241.300
56
241.300 245.687
57
245.687 250.438
58
250.438 255.610
59
255.610 260.702
60
260.702 265.270
61
265.270 269.703
62
269.703 273.137
63
273.137 278.190
64
278.190 282.620
65
282.620 287.174
66
287.174 291.902
67
291.902 296.776
68
296.776 301.891
69
301.891 306.716
70
306.716 310.840
71
310.840 315.309
72
315.309 318.770
73
318.770 323.320
74
323.320 328.132
75
328.132 332.254
76
332.254 335.257
77
335.257 340.655
78
340.655 345.260
79
345.260 348.540
80
348.540 353.589
81
353.589 358.591
82
358.591 363.417
83
363.417 365.795
84
365.795 370.379
85
370.379 374.018
86
374.018 378.130
87
378.130 382.699
88
382.699 384.700
89
384.700 390.600
90
390.600 392.120
91
392.120 397.300
92
397.300 402.360
93
402.360 408.384
94
408.384 413.920
95
413.920 418.178
96
418.178 422.784
97
422.784 427.820
98
427.820 432.410
99
432.410 437.530
100
437.530 440.279
101
440.279 443.690
102
443.690 447.863
103
447.863 452.073
104
452.073 454.812
105
454.812 459.616
106
459.616 464.629
107
464.629 469.935
108
469.935 474.860
109
474.860 479.272
110
479.272 483.774
111
483.774 489.547
112
489.547 494.760
113
494.760 499.130
114
499.130 504.130
115
504.130 509.330
116
509.330 514.548
117
514.548 519.750
118
519.750 524.990
119
524.990 529.670
120
529.670 534.266
121
534.266 539.253
122
539.253 544.419
123
544.419 549.908
124
549.908 554.782
125
554.782 559.926
126
559.926 565.763
127
565.763 571.180
128
571.180 577.420
129
577.420 583.655
130
583.655 588.130
131
588.130 593.750
132
593.750 597.520
133
597.520 601.250
134
601.250 605.655
135
605.655 610.401
136
610.401 614.745
137
614.745 619.676
138
619.676 624.298
139
624.298 629.150
140
629.150 633.940
141
633.940 637.214
142
637.214 639.640
143
639.640 644.330
