0
4.930 9.860
1
9.860 13.340
2
13.340 18.001
3
18.001 22.929
4
22.929 28.348
5
28.348 34.850
6
34.850 40.077
7
40.077 45.441
8
45.441 50.583
9
50.583 55.319
10
55.319 59.273
11
59.273 62.666
12
62.666 67.630
13
67.630 72.620
14
72.620 77.447
15
77.447 79.387
16
79.387 81.461
17
81.461 86.441
18
86.441 90.821
19
90.821 94.220
20
94.220 99.420
21
99.420 104.620
22
104.620 110.508
23
110.508 112.250
24
112.250 117.301
25
117.301 123.220
26
123.220 129.019
27
129.019 134.445
28
134.445 139.266
29
139.266 144.572
30
144.572 149.792
31
149.792 152.360
32
152.360 157.930
33
157.930 162.505
34
162.505 164.969
35
164.969 169.607
36
169.607 174.060
37
174.060 181.350
38
181.350 186.650
39
186.650 192.580
40
192.580 196.712
41
196.712 201.006
42
201.006 204.450
43
204.450 209.257
44
209.257 213.133
45
213.133 215.140
46
215.140 219.693
47
219.693 224.528
48
224.528 228.380
49
228.380 233.470
50
233.470 236.150
51
236.150 241.314
52
241.314 246.675
53
246.675 251.812
54
251.812 258.197
55
258.197 263.190
56
263.190 269.223
57
269.223 274.168
58
274.168 277.637
59
277.637 283.062
60
283.062 289.438
61
289.438 293.783
62
293.783 298.416
63
298.416 302.606
64
302.606 304.382
65
304.382 309.224
66
309.224 314.770
67
314.770 319.450
68
319.450 324.924
69
324.924 331.110
70
331.110 338.150
71
338.150 343.514
72
343.514 348.620
73
348.620 353.810
74
353.810 358.350
75
358.350 361.525
76
361.525 367.490
77
367.490 371.679
78
371.679 377.510
79
377.510 381.940
80
381.940 386.890
81
386.890 392.070
82
392.070 396.640
83
396.640 404.360
84
404.360 411.645
85
411.645 417.305
86
417.305 422.520
87
422.520 423.785
88
423.785 429.253
89
429.253 433.142
90
433.142 437.530
91
437.530 439.757
92
439.757 444.150
93
444.150 445.363
94
445.363 448.830
95
448.830 452.984
96
452.984 458.129
97
458.129 463.350
98
463.350 468.654
99
468.654 473.750
100
473.750 478.832
101
478.832 483.618
102
483.618 486.073
103
486.073 490.515
104
490.515 493.640
105
493.640 500.139
106
500.139 502.840
107
502.840 508.140
108
508.140 513.456
109
513.456 518.488
110
518.488 521.540
111
521.540 526.609
112
526.609 531.490
113
531.490 535.690
114
535.690 537.722
115
537.722 542.338
116
542.338 545.470
117
545.470 550.652
118
550.652 554.409
119
554.409 557.807
120
557.807 562.450
121
562.450 565.727
122
565.727 568.340
123
568.340 570.688
124
570.688 572.500
125
572.500 576.834
126
576.834 582.449
127
582.449 586.168
128
586.168 589.854
129
589.854 592.850
130
592.850 597.738
131
597.738 602.300
132
602.300 607.286
133
607.286 610.544
134
610.544 611.185
135
611.185 615.779
136
615.779 620.680
137
620.680 624.402
138
624.402 627.164
139
627.164 629.040
140
629.040 631.834
141
631.834 635.615
142
635.615 638.714
143
638.714 642.944
144
642.944 647.245
145
647.245 651.650
146
651.650 655.430
147
655.430 658.448
148
658.448 660.590
149
660.590 666.766
150
666.766 672.493
151
672.493 677.225
152
677.225 682.206
153
682.206 685.318
154
685.318 688.072
155
688.072 692.768
156
692.768 695.041
157
695.041 697.740
158
697.740 700.463
159
700.463 703.060
160
703.060 705.497
161
705.497 710.064
162
710.064 712.430
163
712.430 717.004
164
717.004 722.052
165
722.052 727.650
166
727.650 730.533
167
730.533 735.017
168
735.017 738.663
169
738.663 741.928
170
741.928 747.010
171
747.010 749.848
172
749.848 754.258
173
754.258 760.788
174
760.788 765.610
175
765.610 768.935
176
768.935 769.585
177
769.585 775.215
178
775.215 779.474
179
779.474 784.715
180
784.715 789.149
181
789.149 792.160
182
792.160 796.470
183
796.470 801.459
184
801.459 804.210
185
804.210 806.340
186
806.340 809.340
187
809.340 814.180
188
814.180 816.532
189
816.532 820.529
190
820.529 821.070
191
821.070 824.783
192
824.783 826.330
193
826.330 830.843
194
830.843 835.201
195
835.201 836.730
196
836.730 840.449
197
840.449 842.900
198
842.900 843.875
199
843.875 846.530
200
846.530 849.630
201
849.630 858.150
