0
6.350 12.319
1
12.319 18.154
2
18.154 23.282
3
23.282 28.194
4
28.194 32.749
5
32.749 38.931
6
38.931 43.160
7
43.160 47.270
8
47.270 51.380
9
51.380 54.075
10
54.075 58.970
11
58.970 64.234
12
64.234 68.303
13
68.303 74.742
14
74.742 78.410
15
78.410 82.712
16
82.712 86.815
17
86.815 91.675
18
91.675 95.457
19
95.457 100.450
20
100.450 105.981
21
105.981 112.011
22
112.011 117.540
23
117.540 121.939
24
121.939 125.470
25
125.470 129.126
26
129.126 134.080
27
134.080 140.933
28
140.933 145.590
29
145.590 149.540
30
149.540 154.130
31
154.130 158.717
32
158.717 163.505
33
163.505 168.160
34
168.160 173.307
35
173.307 180.094
36
180.094 185.020
37
185.020 190.164
38
190.164 195.741
39
195.741 201.085
40
201.085 205.927
41
205.927 211.090
42
211.090 216.916
43
216.916 222.235
44
222.235 227.162
45
227.162 232.084
46
232.084 237.305
47
237.305 241.820
48
241.820 247.118
49
247.118 252.573
50
252.573 257.237
51
257.237 261.820
52
261.820 267.790
53
267.790 271.575
54
271.575 275.235
55
275.235 279.100
56
279.100 284.120
57
284.120 289.127
58
289.127 292.190
59
292.190 297.309
60
297.309 302.115
61
302.115 306.444
62
306.444 309.584
63
309.584 314.874
64
314.874 319.570
65
319.570 324.000
66
324.000 327.774
67
327.774 332.372
68
332.372 337.029
69
337.029 337.790
70
337.790 341.295
71
341.295 346.334
72
346.334 351.190
73
351.190 356.706
74
356.706 359.144
75
359.144 361.730
76
361.730 366.527
77
366.527 370.091
78
370.091 371.220
79
371.220 375.520
80
375.520 380.439
81
380.439 384.187
82
384.187 389.630
83
389.630 395.256
84
395.256 399.060
85
399.060 404.420
86
404.420 410.350
87
410.350 415.074
88
415.074 417.260
