0
0.000 8.031
1
8.031 12.939
2
12.939 18.115
3
18.115 22.576
4
22.576 27.357
5
27.357 32.331
6
32.331 34.500
7
34.500 39.558
8
39.558 44.840
9
44.840 49.740
10
49.740 54.641
11
54.641 59.825
12
59.825 62.210
13
62.210 66.343
14
66.343 70.474
15
70.474 75.502
16
75.502 80.475
17
80.475 85.520
18
85.520 89.419
19
89.419 93.985
20
93.985 98.377
21
98.377 103.070
22
103.070 104.053
23
104.053 108.451
24
108.451 109.388
25
109.388 113.860
26
113.860 118.440
27
118.440 123.075
28
123.075 126.188
29
126.188 129.162
30
129.162 134.100
31
134.100 138.897
32
138.897 143.216
33
143.216 144.520
34
144.520 148.650
35
148.650 153.121
36
153.121 157.030
37
157.030 161.160
38
161.160 166.459
39
166.459 171.110
40
171.110 175.884
41
175.884 181.700
42
181.700 185.779
43
185.779 190.818
44
190.818 195.790
45
195.790 200.083
46
200.083 201.080
47
201.080 205.798
48
205.798 210.710
49
210.710 213.010
50
213.010 218.170
51
218.170 223.430
52
223.430 227.740
53
227.740 230.380
54
230.380 235.975
55
235.975 237.460
