0
5.700 11.546
1
11.546 16.270
2
16.270 19.470
3
19.470 24.307
4
24.307 24.900
5
24.900 29.134
6
29.134 33.720
7
33.720 38.656
8
38.656 43.441
9
43.441 46.574
10
46.574 49.680
11
49.680 53.938
12
53.938 58.250
13
58.250 62.640
14
62.640 67.619
15
67.619 72.720
16
72.720 75.774
17
75.774 80.722
18
80.722 85.304
19
85.304 89.010
20
89.010 93.555
21
93.555 96.124
22
96.124 99.044
23
99.044 104.040
24
104.040 108.373
25
108.373 113.027
26
113.027 118.139
27
118.139 122.990
28
122.990 127.820
29
127.820 132.590
30
132.590 137.360
31
137.360 141.978
32
141.978 144.010
33
144.010 149.136
34
149.136 153.837
35
153.837 159.200
36
159.200 163.700
37
163.700 167.135
38
167.135 170.510
39
170.510 176.061
40
176.061 180.830
41
180.830 184.380
42
184.380 188.500
43
188.500 191.670
44
191.670 196.586
45
196.586 199.180
46
199.180 202.363
47
202.363 206.551
48
206.551 209.441
49
209.441 213.970
50
213.970 218.240
51
218.240 223.169
52
223.169 226.016
53
226.016 229.960
54
229.960 233.220
55
233.220 237.200
56
237.200 242.068
57
242.068 246.829
58
246.829 249.040
59
249.040 253.828
60
253.828 258.032
61
258.032 260.530
62
260.530 263.803
63
263.803 268.125
64
268.125 270.150
65
270.150 275.013
66
275.013 279.100
67
279.100 284.050
68
284.050 288.103
69
288.103 292.494
70
292.494 296.564
71
296.564 300.283
72
300.283 304.161
73
304.161 308.743
74
308.743 312.878
75
312.878 317.270
76
317.270 322.168
77
322.168 326.955
78
326.955 331.740
79
331.740 335.710
80
335.710 339.961
81
339.961 344.493
82
344.493 348.440
83
348.440 352.956
84
352.956 354.210
85
354.210 358.081
86
358.081 362.758
87
362.758 363.640
88
363.640 368.210
89
368.210 373.020
90
373.020 377.832
91
377.832 383.570
92
383.570 388.112
93
388.112 393.503
94
393.503 397.654
95
397.654 402.580
96
402.580 406.485
97
406.485 409.440
98
409.440 410.496
99
410.496 416.010
100
416.010 420.663
101
420.663 425.590
102
425.590 429.756
103
429.756 431.880
104
431.880 437.422
105
437.422 438.890
