0
7.665 11.990
1
11.990 16.566
2
16.566 22.460
3
22.460 26.570
4
26.570 31.490
5
31.490 36.858
6
36.858 41.520
7
41.520 47.089
8
47.089 49.627
9
49.627 54.370
10
54.370 56.941
11
56.941 61.750
12
61.750 64.610
13
64.610 69.812
14
69.812 75.260
15
75.260 77.928
16
77.928 83.987
17
83.987 88.806
18
88.806 92.680
19
92.680 95.187
20
95.187 99.478
21
99.478 102.844
22
102.844 105.045
23
105.045 109.387
24
109.387 115.365
25
115.365 121.630
26
121.630 126.095
27
126.095 130.800
28
130.800 135.620
29
135.620 138.649
30
138.649 143.640
31
143.640 144.660
32
144.660 150.370
33
150.370 155.865
34
155.865 161.330
35
161.330 163.226
36
163.226 166.454
37
166.454 171.396
38
171.396 174.370
39
174.370 177.429
40
177.429 182.056
41
182.056 186.114
42
186.114 189.460
43
189.460 192.900
44
192.900 195.715
45
195.715 199.447
46
199.447 202.633
47
202.633 207.580
48
207.580 210.308
49
210.308 215.632
50
215.632 219.100
51
219.100 222.170
52
222.170 226.940
53
226.940 229.720
54
229.720 237.240
55
237.240 242.301
56
242.301 247.606
57
247.606 255.610
58
255.610 259.922
59
259.922 263.030
60
263.030 266.930
61
266.930 267.530
62
267.530 272.630
63
272.630 277.550
64
277.550 281.983
65
281.983 283.461
66
283.461 287.444
67
287.444 288.848
68
288.848 292.728
69
292.728 295.440
70
295.440 302.330
71
302.330 307.220
72
307.220 311.410
73
311.410 315.380
74
315.380 320.083
75
320.083 321.150
76
321.150 325.550
77
325.550 329.189
78
329.189 332.840
79
332.840 337.018
80
337.018 340.410
81
340.410 343.800
82
343.800 348.576
83
348.576 349.839
84
349.839 350.770
85
350.770 352.770
86
352.770 357.753
87
357.753 362.364
88
362.364 365.890
89
365.890 368.457
90
368.457 371.340
91
371.340 373.567
92
373.567 378.487
93
378.487 379.455
94
379.455 381.990
95
381.990 387.024
96
387.024 392.050
97
392.050 396.710
98
396.710 402.350
99
402.350 405.950
100
405.950 408.871
101
408.871 412.920
102
412.920 416.595
103
416.595 422.360
104
422.360 430.201
105
430.201 435.804
106
435.804 440.819
107
440.819 445.896
108
445.896 451.691
109
451.691 458.096
110
458.096 463.079
111
463.079 467.955
112
467.955 473.260
113
473.260 478.050
114
478.050 481.931
115
481.931 486.566
116
486.566 490.741
117
490.741 494.973
118
494.973 500.430
119
500.430 505.530
120
505.530 511.624
121
511.624 516.690
122
516.690 521.526
123
521.526 528.847
124
528.847 533.368
125
533.368 539.195
126
539.195 544.766
127
544.766 546.883
128
546.883 551.805
129
551.805 554.778
130
554.778 558.656
131
558.656 561.811
132
561.811 566.736
133
566.736 571.303
134
571.303 575.986
135
575.986 580.965
136
580.965 585.090
137
585.090 589.197
138
589.197 594.670
139
594.670 598.954
140
598.954 605.910
141
605.910 610.634
142
610.634 614.765
143
614.765 619.800
144
619.800 625.542
145
625.542 630.175
146
630.175 634.596
147
634.596 638.358
148
638.358 644.310
149
644.310 647.201
150
647.201 651.234
151
651.234 655.174
152
655.174 660.356
153
660.356 665.726
154
665.726 671.107
155
671.107 676.884
156
676.884 682.091
157
682.091 686.280
158
686.280 691.990
