0
7.635 11.512
1
11.512 16.249
2
16.249 18.616
3
18.616 23.213
4
23.213 27.722
5
27.722 29.480
6
29.480 33.782
7
33.782 38.285
8
38.285 42.890
9
42.890 47.347
10
47.347 51.706
11
51.706 56.140
12
56.140 60.704
13
60.704 62.760
14
62.760 66.003
15
66.003 70.553
16
70.553 75.090
17
75.090 80.072
18
80.072 84.810
19
84.810 88.765
20
88.765 93.320
21
93.320 98.090
22
98.090 102.550
23
102.550 107.060
24
107.060 111.243
25
111.243 114.173
26
114.173 118.732
27
118.732 120.170
28
120.170 125.125
29
125.125 129.893
30
129.893 134.690
31
134.690 137.670
32
137.670 140.360
33
140.360 141.752
34
141.752 145.650
35
145.650 150.930
36
150.930 154.001
37
154.001 158.070
38
158.070 162.910
39
162.910 167.500
40
167.500 172.195
41
172.195 175.419
42
175.419 178.060
43
178.060 183.030
44
183.030 188.000
45
188.000 192.931
46
192.931 198.220
47
198.220 202.720
48
202.720 207.723
49
207.723 212.564
50
212.564 215.640
51
215.640 221.013
52
221.013 222.440
