0
0.000 6.936
1
6.936 11.445
2
11.445 15.898
3
15.898 20.236
4
20.236 21.730
5
21.730 26.100
6
26.100 30.509
7
30.509 35.007
8
35.007 37.180
9
37.180 39.912
10
39.912 44.389
11
44.389 48.330
12
48.330 52.329
13
52.329 56.822
14
56.822 61.212
15
61.212 66.049
16
66.049 68.627
17
68.627 72.310
18
72.310 76.709
19
76.709 81.533
20
81.533 84.987
21
84.987 89.623
22
89.623 93.710
23
93.710 97.568
24
97.568 100.650
25
100.650 104.801
26
104.801 108.517
27
108.517 112.665
28
112.665 115.218
29
115.218 119.761
30
119.761 123.377
31
123.377 126.012
32
126.012 129.756
33
129.756 133.550
34
133.550 137.815
35
137.815 142.304
36
142.304 146.404
37
146.404 151.162
38
151.162 155.465
39
155.465 160.760
40
160.760 165.423
41
165.423 169.246
42
169.246 174.040
43
174.040 177.400
44
177.400 181.397
45
181.397 183.540
46
183.540 187.750
47
187.750 191.960
48
191.960 196.571
49
196.571 200.459
50
200.459 202.930
51
202.930 207.394
52
207.394 210.461
53
210.461 214.106
54
214.106 218.098
55
218.098 221.700
56
221.700 225.410
57
225.410 229.465
58
229.465 233.520
59
233.520 237.104
60
237.104 241.270
61
241.270 245.380
62
245.380 247.559
63
247.559 251.460
64
251.460 255.780
65
255.780 257.198
66
257.198 259.460
67
259.460 262.437
68
262.437 267.460
69
267.460 275.460
70
275.460 281.635
71
281.635 287.810
