0
0.000 7.820
1
7.820 17.356
2
17.356 23.210
3
23.210 27.500
4
27.500 32.950
5
32.950 36.080
6
36.080 40.770
7
40.770 44.900
8
44.900 49.950
9
49.950 54.925
10
54.925 58.980
11
58.980 63.480
12
63.480 67.980
13
67.980 73.011
14
73.011 77.130
15
77.130 81.416
16
81.416 84.230
17
84.230 88.200
18
88.200 89.769
19
89.769 93.050
20
93.050 96.179
21
96.179 100.016
22
100.016 104.590
23
104.590 108.130
24
108.130 111.330
25
111.330 116.225
26
116.225 119.905
27
119.905 124.818
28
124.818 127.824
29
127.824 132.385
30
132.385 136.140
31
136.140 139.700
32
139.700 143.720
33
143.720 147.940
34
147.940 153.560
35
153.560 159.180
36
159.180 163.127
37
163.127 167.090
38
167.090 171.130
39
171.130 173.860
40
173.860 177.910
41
177.910 182.320
42
182.320 186.960
43
186.960 191.910
44
191.910 195.538
45
195.538 197.760
46
197.760 202.250
47
202.250 206.730
48
206.730 212.070
49
212.070 217.960
50
217.960 221.870
51
221.870 226.030
52
226.030 230.010
53
230.010 234.150
54
234.150 238.890
55
238.890 241.876
56
241.876 245.370
57
245.370 250.304
58
250.304 250.960
