0
0.000 7.820
1
7.820 16.540
2
16.540 21.330
3
21.330 25.060
4
25.060 29.615
5
29.615 31.980
6
31.980 35.623
7
35.623 39.080
8
39.080 41.263
9
41.263 44.410
10
44.410 50.630
11
50.630 55.190
12
55.190 56.190
13
56.190 59.310
14
59.310 62.753
15
62.753 64.520
16
64.520 70.237
17
70.237 73.419
18
73.419 78.020
19
78.020 82.160
20
82.160 86.300
21
86.300 91.489
22
91.489 93.940
23
93.940 97.142
24
97.142 100.987
25
100.987 104.164
26
104.164 107.177
27
107.177 109.430
28
109.430 112.710
29
112.710 119.412
30
119.412 123.220
31
123.220 126.799
32
126.799 129.780
33
129.780 134.946
34
134.946 135.810
