0
0.000 7.820
1
7.820 13.955
2
13.955 17.900
3
17.900 22.410
4
22.410 27.550
5
27.550 32.330
6
32.330 38.047
7
38.047 39.290
8
39.290 43.488
9
43.488 48.287
10
48.287 51.890
11
51.890 56.490
12
56.490 60.979
13
60.979 62.270
14
62.270 68.209
15
68.209 73.330
16
73.330 77.430
17
77.430 81.530
18
81.530 85.620
19
85.620 89.810
20
89.810 94.793
21
94.793 95.880
22
95.880 100.487
23
100.487 105.480
24
105.480 110.231
25
110.231 111.000
26
111.000 115.658
27
115.658 116.810
28
116.810 121.524
29
121.524 125.460
30
125.460 129.460
31
129.460 132.578
32
132.578 136.540
33
136.540 141.648
34
141.648 146.340
35
146.340 151.015
36
151.015 154.975
37
154.975 155.690
