0
0.000 7.820
1
7.820 17.236
2
17.236 23.080
3
23.080 27.660
4
27.660 30.785
5
30.785 34.680
6
34.680 39.620
7
39.620 43.967
8
43.967 49.366
9
49.366 54.810
10
54.810 59.244
11
59.244 61.700
12
61.700 66.071
13
66.071 71.545
14
71.545 74.590
15
74.590 77.276
16
77.276 82.248
17
82.248 84.480
18
84.480 88.590
19
88.590 94.920
20
94.920 97.970
21
97.970 102.290
22
102.290 102.874
23
102.874 108.070
24
108.070 110.245
25
110.245 113.850
26
113.850 119.930
27
119.930 124.334
28
124.334 126.010
29
126.010 130.622
30
130.622 131.330
