0
0.000 7.820
1
7.820 13.073
2
13.073 17.850
3
17.850 22.476
4
22.476 23.690
5
23.690 30.416
6
30.416 34.190
7
34.190 37.940
8
37.940 43.670
9
43.670 46.730
10
46.730 51.433
11
51.433 55.440
12
55.440 61.090
13
61.090 65.380
14
65.380 68.560
15
68.560 74.030
16
74.030 78.781
17
78.781 80.940
18
80.940 83.630
19
83.630 87.930
20
87.930 91.750
21
91.750 95.160
22
95.160 100.000
23
100.000 104.454
24
104.454 109.080
25
109.080 113.483
26
113.483 115.070
27
115.070 120.004
28
120.004 124.510
29
124.510 129.296
30
129.296 131.790
31
131.790 134.284
32
134.284 138.840
33
138.840 140.340
34
140.340 145.490
35
145.490 151.044
36
151.044 156.095
37
156.095 160.270
38
160.270 167.144
39
167.144 171.481
40
171.481 176.299
41
176.299 181.283
42
181.283 184.200
43
184.200 189.234
44
189.234 194.080
45
194.080 198.860
46
198.860 204.141
47
204.141 208.350
48
208.350 213.160
49
213.160 218.180
50
218.180 222.901
51
222.901 224.570
52
224.570 229.729
53
229.729 233.840
54
233.840 236.622
55
236.622 241.210
56
241.210 246.250
57
246.250 251.374
58
251.374 256.840
59
256.840 262.110
60
262.110 267.050
61
267.050 272.550
62
272.550 277.077
63
277.077 280.320
64
280.320 286.069
65
286.069 289.130
66
289.130 291.854
67
291.854 294.920
68
294.920 299.081
69
299.081 302.170
70
302.170 306.030
71
306.030 311.135
72
311.135 316.000
73
316.000 318.752
74
318.752 321.380
75
321.380 326.370
76
326.370 328.417
77
328.417 332.070
78
332.070 336.560
79
336.560 339.946
80
339.946 344.990
81
344.990 351.620
82
351.620 355.920
83
355.920 358.881
84
358.881 363.700
85
363.700 368.575
86
368.575 369.290
