0
0.000 7.820
1
7.820 15.804
2
15.804 17.750
3
17.750 21.590
4
21.590 25.685
5
25.685 29.780
6
29.780 34.396
7
34.396 38.901
8
38.901 43.840
9
43.840 48.190
10
48.190 53.640
11
53.640 56.980
12
56.980 61.573
13
61.573 66.670
14
66.670 68.521
15
68.521 73.390
16
73.390 79.440
17
79.440 83.929
18
83.929 85.460
19
85.460 91.120
20
91.120 95.495
21
95.495 99.870
22
99.870 103.990
23
103.990 108.110
24
108.110 114.179
25
114.179 118.810
26
118.810 121.320
27
121.320 125.078
28
125.078 127.120
29
127.120 131.805
30
131.805 133.110
31
133.110 140.046
32
140.046 140.760
