0
0.000 5.661
1
5.661 10.870
2
10.870 11.912
3
11.912 16.610
4
16.610 20.750
5
20.750 22.990
6
22.990 26.675
7
26.675 31.345
8
31.345 35.023
9
35.023 39.620
10
39.620 42.410
11
42.410 46.831
12
46.831 51.060
13
51.060 56.885
14
56.885 58.390
15
58.390 63.300
16
63.300 68.210
17
68.210 72.944
18
72.944 77.827
19
77.827 81.810
20
81.810 85.726
21
85.726 87.920
22
87.920 92.424
23
92.424 94.221
24
94.221 98.959
25
98.959 101.520
26
101.520 106.279
27
106.279 109.705
28
109.705 114.363
29
114.363 119.180
30
119.180 122.440
31
122.440 125.961
32
125.961 128.750
33
128.750 133.911
34
133.911 138.927
35
138.927 144.580
36
144.580 150.249
37
150.249 155.550
38
155.550 157.049
39
157.049 162.730
40
162.730 167.687
41
167.687 172.506
42
172.506 179.090
43
179.090 183.914
44
183.914 189.140
45
189.140 192.968
46
192.968 198.318
47
198.318 202.567
48
202.567 207.545
49
207.545 212.607
50
212.607 217.639
51
217.639 222.020
52
222.020 226.480
53
226.480 232.360
54
232.360 240.360
55
240.360 249.290
