0
0.000 7.820
1
7.820 16.955
2
16.955 21.880
3
21.880 24.664
4
24.664 28.410
5
28.410 32.480
6
32.480 36.550
7
36.550 42.320
8
42.320 46.860
9
46.860 50.800
10
50.800 56.735
11
56.735 63.320
12
63.320 67.640
13
67.640 76.049
14
76.049 80.090
15
80.090 83.780
16
83.780 88.408
17
88.408 90.370
18
90.370 94.260
19
94.260 101.120
20
101.120 105.080
21
105.080 110.198
22
110.198 115.204
23
115.204 116.496
24
116.496 120.240
25
120.240 122.841
26
122.841 129.700
27
129.700 134.882
28
134.882 139.910
29
139.910 145.670
30
145.670 152.410
31
152.410 158.826
32
158.826 165.080
33
165.080 170.720
34
170.720 175.760
35
175.760 182.502
36
182.502 188.570
37
188.570 192.830
38
192.830 196.012
39
196.012 198.600
40
198.600 203.908
41
203.908 208.060
42
208.060 212.413
43
212.413 214.640
44
214.640 219.300
45
219.300 223.960
46
223.960 232.930
47
232.930 237.829
48
237.829 242.040
49
242.040 247.050
50
247.050 252.800
51
252.800 256.625
52
256.625 260.804
53
260.804 266.281
54
266.281 271.700
55
271.700 276.712
56
276.712 281.697
57
281.697 286.692
58
286.692 291.230
59
291.230 295.407
60
295.407 300.184
61
300.184 304.606
62
304.606 305.230
