0
0.000 7.820
1
7.820 16.557
2
16.557 21.400
3
21.400 25.120
4
25.120 30.978
5
30.978 35.150
6
35.150 39.156
7
39.156 42.260
8
42.260 46.520
9
46.520 50.240
10
50.240 54.660
11
54.660 58.741
12
58.741 61.180
13
61.180 65.440
14
65.440 67.860
15
67.860 72.080
16
72.080 77.350
17
77.350 82.750
18
82.750 88.140
19
88.140 91.760
20
91.760 97.850
21
97.850 101.960
22
101.960 105.070
23
105.070 109.565
24
109.565 112.190
25
112.190 116.690
26
116.690 121.183
27
121.183 125.288
28
125.288 132.360
29
132.360 140.360
30
140.360 145.262
31
145.262 149.580
32
149.580 154.567
33
154.567 159.653
34
159.653 164.688
35
164.688 171.280
36
171.280 177.950
37
177.950 182.204
38
182.204 187.280
39
187.280 192.290
40
192.290 197.304
41
197.304 198.070
