0
0.000 7.820
1
7.820 17.056
2
17.056 21.730
3
21.730 25.500
4
25.500 29.200
5
29.200 36.850
6
36.850 43.010
7
43.010 47.360
8
47.360 55.260
9
55.260 59.555
10
59.555 63.850
11
63.850 67.170
12
67.170 71.983
13
71.983 76.530
14
76.530 84.900
15
84.900 89.780
16
89.780 94.130
17
94.130 99.028
18
99.028 104.140
19
104.140 110.350
20
110.350 119.950
21
119.950 128.569
22
128.569 134.920
23
134.920 138.880
24
138.880 143.780
25
143.780 151.400
26
151.400 156.680
27
156.680 164.777
28
164.777 171.630
29
171.630 176.940
30
176.940 179.587
31
179.587 183.500
32
183.500 188.357
33
188.357 192.650
34
192.650 196.400
35
196.400 201.530
36
201.530 207.700
37
207.700 213.530
38
213.530 218.671
39
218.671 222.770
40
222.770 228.400
41
228.400 236.830
42
236.830 242.450
43
242.450 249.086
44
249.086 256.770
45
256.770 262.630
46
262.630 267.940
47
267.940 273.620
48
273.620 282.841
49
282.841 288.710
50
288.710 292.200
51
292.200 301.080
52
301.080 307.977
53
307.977 314.300
54
314.300 323.980
55
323.980 332.054
56
332.054 339.840
57
339.840 345.090
58
345.090 352.140
59
352.140 359.280
60
359.280 366.710
61
366.710 372.408
62
372.408 378.460
63
378.460 384.109
64
384.109 386.980
65
386.980 391.918
66
391.918 395.870
67
395.870 400.798
68
400.798 405.070
69
405.070 412.339
70
412.339 419.350
71
419.350 425.953
72
425.953 426.670
