0
0.000 7.820
1
7.820 13.997
2
13.997 17.970
3
17.970 22.119
4
22.119 24.320
5
24.320 29.630
6
29.630 35.951
7
35.951 40.130
8
40.130 46.050
9
46.050 50.690
10
50.690 55.070
11
55.070 60.240
12
60.240 64.780
13
64.780 70.510
14
70.510 74.970
15
74.970 79.900
16
79.900 82.330
17
82.330 88.132
18
88.132 93.230
19
93.230 99.270
20
99.270 103.670
21
103.670 108.330
22
108.330 113.013
23
113.013 117.600
24
117.600 121.980
25
121.980 125.198
26
125.198 133.060
27
133.060 138.100
28
138.100 145.450
29
145.450 150.780
30
150.780 155.396
31
155.396 159.180
32
159.180 164.867
33
164.867 165.740
