0
0.000 7.724
1
7.724 11.340
2
11.340 16.226
3
16.226 21.490
4
21.490 29.727
5
29.727 33.774
6
33.774 38.238
7
38.238 42.700
8
42.700 47.030
9
47.030 52.705
10
52.705 57.490
11
57.490 62.500
12
62.500 67.225
13
67.225 72.183
14
72.183 76.931
15
76.931 80.620
16
80.620 85.690
17
85.690 90.381
18
90.381 96.288
19
96.288 101.721
20
101.721 108.485
21
108.485 113.031
22
113.031 117.370
23
117.370 123.880
24
123.880 127.808
25
127.808 134.201
26
134.201 139.370
27
139.370 144.235
28
144.235 149.000
29
149.000 153.074
30
153.074 157.878
31
157.878 161.140
32
161.140 166.203
33
166.203 170.840
34
170.840 178.366
35
178.366 185.390
36
185.390 191.210
37
191.210 195.490
38
195.490 199.828
39
199.828 204.972
40
204.972 209.762
41
209.762 216.910
42
216.910 217.747
43
217.747 220.890
44
220.890 225.810
45
225.810 229.825
46
229.825 233.245
47
233.245 239.004
48
239.004 243.447
49
243.447 245.889
50
245.889 250.175
51
250.175 252.896
52
252.896 259.676
53
259.676 264.824
54
264.824 269.392
55
269.392 276.218
56
276.218 280.610
57
280.610 283.780
58
283.780 286.470
59
286.470 291.710
60
291.710 294.730
61
294.730 300.051
62
300.051 305.360
63
305.360 310.374
64
310.374 317.119
65
317.119 323.920
66
323.920 329.580
67
329.580 333.650
68
333.650 334.633
69
334.633 340.061
70
340.061 343.354
71
343.354 345.710
72
345.710 353.710
73
353.710 362.600
