0
0.000 7.770
1
7.770 14.080
2
14.080 18.140
3
18.140 22.200
4
22.200 26.290
5
26.290 30.143
6
30.143 31.960
7
31.960 36.742
8
36.742 39.140
9
39.140 43.990
10
43.990 49.940
11
49.940 55.110
12
55.110 60.089
13
60.089 64.180
14
64.180 69.930
15
69.930 75.267
16
75.267 80.650
17
80.650 82.620
18
82.620 87.750
19
87.750 94.980
20
94.980 99.433
21
99.433 102.690
22
102.690 106.793
23
106.793 111.160
24
111.160 116.250
25
116.250 120.620
26
120.620 125.136
27
125.136 129.120
28
129.120 133.970
29
133.970 136.282
30
136.282 140.570
31
140.570 144.200
32
144.200 149.090
33
149.090 153.962
34
153.962 155.390
35
155.390 160.871
36
160.871 161.750
