0
0.000 7.770
1
7.770 17.351
2
17.351 21.544
3
21.544 23.770
4
23.770 26.500
5
26.500 32.240
6
32.240 34.570
7
34.570 39.520
8
39.520 41.072
9
41.072 44.590
10
44.590 48.190
11
48.190 52.350
12
52.350 57.260
13
57.260 61.780
14
61.780 65.720
15
65.720 70.870
16
70.870 76.280
17
76.280 81.732
18
81.732 86.630
19
86.630 92.269
20
92.269 98.948
21
98.948 104.870
22
104.870 108.940
23
108.940 111.496
24
111.496 115.760
25
115.760 119.510
26
119.510 123.640
27
123.640 127.499
28
127.499 130.220
29
130.220 136.754
30
136.754 137.580
