0
0.000 4.500
1
4.500 8.725
2
8.725 13.610
3
13.610 18.565
4
18.565 23.289
5
23.289 26.680
6
26.680 28.666
7
28.666 33.558
8
33.558 38.320
9
38.320 43.253
10
43.253 46.850
11
46.850 49.063
12
49.063 53.660
13
53.660 58.770
14
58.770 63.671
15
63.671 69.234
16
69.234 74.510
17
74.510 77.898
18
77.898 83.210
19
83.210 88.275
20
88.275 93.340
21
93.340 98.871
22
98.871 104.231
23
104.231 108.906
24
108.906 113.490
25
113.490 118.435
26
118.435 123.470
27
123.470 128.510
28
128.510 132.782
29
132.782 136.997
30
136.997 138.577
31
138.577 143.462
32
143.462 148.745
33
148.745 152.788
34
152.788 157.339
35
157.339 163.248
36
163.248 165.350
37
165.350 169.380
38
169.380 175.080
