0
0.000 5.367
1
5.367 10.275
2
10.275 15.502
3
15.502 19.373
4
19.373 24.220
5
24.220 28.763
6
28.763 31.380
7
31.380 36.757
8
36.757 42.824
9
42.824 48.781
10
48.781 54.403
11
54.403 60.847
12
60.847 65.745
13
65.745 70.803
14
70.803 75.600
15
75.600 80.589
16
80.589 85.558
17
85.558 90.328
18
90.328 95.035
19
95.035 98.300
20
98.300 102.769
21
102.769 106.070
22
106.070 109.720
23
109.720 114.094
24
114.094 117.660
25
117.660 120.133
26
120.133 125.640
27
125.640 130.556
28
130.556 134.496
29
134.496 137.578
30
137.578 142.730
31
142.730 145.764
32
145.764 151.140
