0
0.000 7.488
1
7.488 11.101
2
11.101 11.970
3
11.970 16.853
4
16.853 22.000
5
22.000 26.760
6
26.760 30.460
7
30.460 34.834
8
34.834 40.665
9
40.665 45.373
10
45.373 48.435
11
48.435 55.205
12
55.205 59.686
13
59.686 63.780
14
63.780 70.050
15
70.050 74.461
16
74.461 78.370
17
78.370 82.945
18
82.945 88.478
19
88.478 93.749
20
93.749 98.495
21
98.495 102.999
22
102.999 104.670
23
104.670 110.053
24
110.053 114.460
25
114.460 119.567
26
119.567 123.326
27
123.326 127.775
28
127.775 132.012
29
132.012 135.366
30
135.366 136.150
31
136.150 139.980
32
139.980 144.050
33
144.050 149.110
34
149.110 154.045
35
154.045 158.726
36
158.726 162.819
37
162.819 166.355
38
166.355 171.150
39
171.150 176.200
40
176.200 180.866
41
180.866 186.054
42
186.054 191.544
43
191.544 197.440
44
197.440 201.258
45
201.258 206.240
46
206.240 210.525
47
210.525 215.259
48
215.259 219.708
49
219.708 221.301
50
221.301 225.858
51
225.858 228.795
52
228.795 232.019
53
232.019 236.209
54
236.209 237.520
55
237.520 239.993
56
239.993 245.891
57
245.891 252.550
58
252.550 257.285
59
257.285 261.984
60
261.984 266.819
61
266.819 271.629
62
271.629 276.764
63
276.764 282.143
64
282.143 289.065
65
289.065 294.071
66
294.071 298.016
67
298.016 299.670
68
299.670 304.209
69
304.209 308.834
70
308.834 313.791
71
313.791 317.640
72
317.640 322.870
73
322.870 325.399
74
325.399 330.262
75
330.262 334.940
76
334.940 337.083
77
337.083 337.941
78
337.941 340.515
79
340.515 345.620
80
345.620 350.020
81
350.020 354.550
82
354.550 358.076
83
358.076 360.640
84
360.640 363.960
85
363.960 367.370
86
367.370 371.209
87
371.209 374.489
88
374.489 379.628
89
379.628 383.670
90
383.670 387.005
91
387.005 390.408
92
390.408 394.507
93
394.507 399.275
94
399.275 400.950
95
400.950 404.198
96
404.198 406.960
97
406.960 412.646
98
412.646 417.189
99
417.189 421.600
100
421.600 426.838
101
426.838 432.343
102
432.343 438.290
103
438.290 443.670
104
443.670 446.721
105
446.721 450.878
106
450.878 453.450
107
453.450 458.075
108
458.075 462.473
109
462.473 465.930
110
465.930 470.261
111
470.261 475.759
112
475.759 481.620
113
481.620 482.931
114
482.931 485.670
115
485.670 488.596
116
488.596 493.879
117
493.879 497.934
118
497.934 501.840
119
501.840 504.980
120
504.980 509.965
121
509.965 515.580
122
515.580 520.928
123
520.928 525.474
124
525.474 530.425
125
530.425 536.061
126
536.061 540.905
127
540.905 543.140
128
543.140 550.758
129
550.758 555.674
130
555.674 558.466
131
558.466 562.771
132
562.771 568.762
133
568.762 572.395
134
572.395 575.170
135
575.170 581.180
136
581.180 588.780
137
588.780 594.530
138
594.530 600.855
139
600.855 605.707
140
605.707 609.638
141
609.638 613.770
142
613.770 617.911
143
617.911 622.100
144
622.100 625.570
145
625.570 630.239
146
630.239 632.190
147
632.190 637.310
148
637.310 642.335
149
642.335 646.858
150
646.858 651.692
151
651.692 655.542
152
655.542 660.821
153
660.821 666.940
154
666.940 672.160
155
672.160 676.882
156
676.882 680.624
157
680.624 685.543
158
685.543 691.070
159
691.070 695.080
160
695.080 701.161
161
701.161 705.960
162
705.960 708.182
163
708.182 711.930
164
711.930 715.206
165
715.206 719.355
166
719.355 724.133
167
724.133 728.190
168
728.190 733.810
169
733.810 738.133
170
738.133 743.025
171
743.025 747.680
172
747.680 753.698
173
753.698 758.470
174
758.470 762.816
175
762.816 767.824
176
767.824 773.398
177
773.398 776.186
178
776.186 781.839
179
781.839 787.014
180
787.014 791.136
181
791.136 794.430
182
794.430 800.814
183
800.814 806.068
184
806.068 811.190
185
811.190 814.311
186
814.311 816.896
187
816.896 822.974
188
822.974 828.327
189
828.327 835.193
190
835.193 839.760
191
839.760 844.746
192
844.746 849.135
193
849.135 854.659
194
854.659 859.116
195
859.116 863.944
196
863.944 869.460
197
869.460 875.658
198
875.658 880.640
199
880.640 886.230
200
886.230 890.840
201
890.840 896.260
202
896.260 901.749
203
901.749 906.376
204
906.376 912.030
205
912.030 916.212
206
916.212 921.150
207
921.150 926.163
208
926.163 932.140
209
932.140 937.817
210
937.817 942.614
211
942.614 947.290
212
947.290 950.490
213
950.490 953.810
214
953.810 957.680
215
957.680 962.593
216
962.593 966.970
217
966.970 971.490
218
971.490 976.152
219
976.152 981.861
220
981.861 986.348
221
986.348 989.509
222
989.509 993.340
223
993.340 999.005
224
999.005 1003.932
225
1003.932 1009.441
226
1009.441 1014.249
227
1014.249 1020.453
228
1020.453 1026.695
229
1026.695 1031.393
230
1031.393 1035.429
231
1035.429 1035.948
232
1035.948 1037.460
233
1037.460 1040.792
234
1040.792 1045.460
235
1045.460 1053.110
236
1053.110 1060.760
