0
0.000 7.034
1
7.034 12.625
2
12.625 16.070
3
16.070 20.885
4
20.885 25.700
5
25.700 30.395
6
30.395 34.950
7
39.950 40.900
8
40.900 46.921
9
46.921 51.117
10
51.117 55.150
11
55.150 58.870
12
58.870 63.810
13
63.810 67.820
14
67.820 71.209
15
71.209 72.000
16
72.000 75.514
17
75.514 78.180
18
81.180 86.979
19
86.979 91.982
20
91.982 95.570
21
95.570 99.000
22
99.000 101.895
23
101.895 107.683
24
107.683 112.520
25
112.520 118.333
26
118.333 123.794
27
123.794 126.960
28
126.960 129.241
29
129.241 132.670
30
132.670 137.293
31
137.293 141.769
32
141.769 145.281
33
145.281 149.853
34
149.853 154.381
35
154.381 157.128
36
157.128 161.787
37
161.787 166.826
38
166.826 172.482
39
172.482 176.950
40
176.950 177.642
41
177.642 179.235
42
179.235 183.388
43
183.388 184.440
44
184.440 188.507
45
188.507 192.675
46
192.675 196.557
47
196.557 200.558
48
200.558 206.432
49
206.432 211.123
50
211.123 215.504
51
215.504 220.020
52
220.020 222.907
53
222.907 226.603
54
226.603 230.651
55
230.651 234.200
56
234.200 239.676
57
239.676 245.246
58
245.246 248.280
59
251.280 252.840
60
252.840 256.515
61
256.515 259.140
62
259.140 264.470
63
264.470 269.436
64
269.436 274.103
65
274.103 277.540
66
277.540 284.800
