0
0.000 5.826
1
5.826 11.210
2
11.210 17.267
3
17.267 22.280
4
22.280 26.810
5
26.810 31.340
6
31.340 36.850
7
36.850 42.360
8
42.360 44.465
9
44.465 48.230
10
48.230 54.100
11
54.100 57.745
12
57.745 59.770
13
59.770 65.440
14
65.440 70.530
15
70.530 75.222
16
75.222 77.920
17
77.920 79.420
18
79.420 83.550
19
83.550 87.570
20
87.570 93.967
21
93.967 99.280
22
99.280 104.090
23
104.090 108.476
24
108.476 113.737
25
113.737 117.820
26
117.820 122.649
27
122.649 126.722
28
126.722 132.420
29
132.420 136.937
30
136.937 139.090
