0
0.000 7.692
1
7.692 9.217
2
9.217 10.743
3
10.743 13.845
4
13.845 18.025
5
18.025 22.837
6
22.837 27.712
7
27.712 29.753
8
29.753 32.210
9
32.210 39.030
10
39.030 43.060
11
43.060 44.320
12
44.320 49.666
13
49.666 54.731
14
54.731 59.580
15
59.580 62.416
16
62.416 67.630
17
67.630 73.957
18
73.957 80.625
19
80.625 83.952
20
83.952 85.620
21
85.620 87.096
22
87.096 90.828
23
90.828 97.440
24
97.440 102.965
25
102.965 105.433
26
105.433 106.343
27
106.343 107.253
28
107.253 112.010
29
112.010 115.470
30
115.470 120.440
31
120.440 125.410
32
125.410 131.650
