0
0.000 5.357
1
5.357 10.309
2
10.309 14.750
3
14.750 18.862
4
18.862 23.899
5
23.899 28.827
6
28.827 33.206
7
33.206 36.220
8
36.220 39.660
9
39.660 44.644
10
44.644 48.700
11
48.700 51.668
12
51.668 56.090
13
56.090 60.370
14
60.370 64.803
15
64.803 69.870
16
69.870 75.295
17
75.295 76.754
18
76.754 81.380
19
81.380 86.597
20
86.597 91.343
21
91.343 95.650
22
95.650 97.838
23
97.838 102.217
24
102.217 106.562
25
106.562 111.470
26
111.470 117.186
27
117.186 120.650
28
120.650 125.070
29
125.070 128.980
30
128.980 133.403
31
133.403 136.980
32
136.980 142.645
33
142.645 148.310
34
148.310 154.111
35
154.111 157.980
36
157.980 163.315
37
163.315 168.650
38
168.650 176.650
39
176.650 184.650
40
184.650 192.650
41
192.650 200.650
42
200.650 208.910
