0
0.000 7.766
1
7.766 11.710
2
11.710 17.211
3
17.211 22.724
4
22.724 28.113
5
28.113 31.053
6
31.053 35.635
7
35.635 41.168
8
41.168 45.743
9
45.743 47.940
10
47.940 53.300
11
53.300 57.400
12
57.400 62.325
13
62.325 66.844
14
66.844 71.260
15
71.260 72.145
16
72.145 75.690
17
75.690 80.032
18
80.032 84.647
19
84.647 89.962
20
89.962 93.110
21
93.110 97.090
22
97.090 101.564
23
101.564 103.687
24
103.687 109.822
25
109.822 114.335
26
114.335 120.000
27
120.000 125.570
28
125.570 131.350
29
131.350 135.432
30
135.432 141.660
31
141.660 147.030
32
147.030 152.194
33
152.194 159.300
34
159.300 164.528
35
164.528 169.806
36
169.806 175.642
37
175.642 181.230
38
181.230 188.410
39
188.410 191.514
40
191.514 195.627
41
195.627 200.146
42
200.146 205.249
43
205.249 210.043
44
210.043 215.166
45
215.166 218.550
46
218.550 222.610
47
222.610 224.780
48
224.780 225.968
49
225.968 232.060
50
232.060 236.460
51
236.460 241.520
52
241.520 245.792
53
245.792 250.880
54
250.880 253.938
55
253.938 259.384
56
259.384 264.326
57
264.326 269.143
58
269.143 274.240
59
274.240 279.990
60
279.990 285.950
61
285.950 291.778
62
291.778 294.270
63
294.270 299.338
64
299.338 304.780
65
304.780 310.450
66
310.450 315.234
67
315.234 320.460
68
320.460 321.050
69
321.050 323.758
70
323.758 326.780
71
326.780 328.572
72
328.572 333.010
73
333.010 336.076
74
336.076 337.244
75
337.244 341.813
76
341.813 345.910
77
345.910 350.914
78
350.914 355.818
79
355.818 361.033
80
361.033 366.840
81
366.840 373.958
82
373.958 375.790
83
375.790 376.833
84
376.833 380.745
85
380.745 381.331
86
381.331 381.860
87
381.860 389.860
88
389.860 397.140
89
397.140 404.420
