0
0.000 5.345
1
5.345 10.460
2
10.460 17.610
3
17.610 22.253
4
22.253 27.309
5
27.309 32.670
6
32.670 38.371
7
38.371 42.512
8
42.512 47.099
9
47.099 52.778
10
52.778 59.742
11
59.742 65.440
12
65.440 66.128
13
66.128 69.390
14
69.390 76.153
15
76.153 80.254
16
80.254 81.790
17
81.790 89.256
18
89.256 94.440
19
94.440 99.977
20
99.977 105.225
21
105.225 106.780
22
106.780 115.210
23
115.210 122.389
24
122.389 130.310
25
130.310 134.495
26
134.495 138.680
27
138.680 141.850
28
141.850 147.260
29
147.260 152.670
30
152.670 157.820
31
157.820 162.970
32
162.970 167.960
33
167.960 172.750
34
172.750 177.530
35
177.530 181.204
36
181.204 183.371
37
183.371 184.538
38
184.538 189.578
39
189.578 194.970
40
194.970 203.635
41
203.635 209.610
