0
0.000 6.639
1
6.639 11.968
2
11.968 17.385
3
17.385 20.795
4
20.795 25.090
5
25.090 29.810
6
29.810 33.010
7
33.010 36.914
8
36.914 40.682
9
40.682 46.690
10
46.690 51.693
11
51.693 56.524
12
56.524 60.523
13
60.523 66.130
14
66.130 71.083
15
71.083 73.610
16
73.610 77.815
17
77.815 82.856
18
82.856 88.090
19
88.090 91.970
20
91.970 98.352
21
98.352 103.790
22
103.790 108.720
23
108.720 113.322
24
113.322 115.970
25
115.970 119.390
26
119.390 125.000
27
125.000 130.228
28
130.228 133.690
29
133.690 137.524
30
137.524 142.584
31
142.584 148.097
32
148.097 154.546
33
154.546 159.048
34
159.048 163.089
35
163.089 166.877
36
166.877 171.530
37
171.530 177.140
38
177.140 181.875
39
181.875 186.610
40
186.610 191.170
41
191.170 195.332
42
195.332 196.309
43
196.309 201.845
44
201.845 206.715
45
206.715 210.684
46
210.684 215.356
47
215.356 217.009
48
217.009 220.999
49
220.999 225.518
50
225.518 230.210
51
230.210 231.578
52
231.578 237.460
53
237.460 244.250
