0
0.000 6.518
1
6.518 13.970
2
13.970 19.200
3
19.200 23.713
4
23.713 28.430
5
28.430 32.940
6
32.940 36.835
7
36.835 41.450
8
41.450 44.996
9
44.996 49.970
10
49.970 55.389
11
55.389 60.545
12
60.545 64.910
13
64.910 71.142
14
71.142 76.202
15
76.202 81.380
16
81.380 86.505
17
86.505 91.630
18
91.630 97.077
19
97.077 102.771
20
102.771 107.550
21
107.550 113.209
22
113.209 119.230
23
119.230 123.959
24
123.959 128.110
25
128.110 132.922
26
132.922 137.145
27
137.145 141.858
28
141.858 146.944
29
146.944 152.110
30
152.110 157.020
31
157.020 161.676
32
161.676 165.270
33
165.270 170.260
34
170.260 175.615
35
175.615 180.970
36
180.970 184.352
37
184.352 188.171
38
188.171 192.876
39
192.876 198.170
40
198.170 202.803
41
202.803 207.080
42
207.080 213.810
