0
0.000 5.183
1
5.183 11.356
2
11.356 15.460
3
15.460 20.560
4
20.560 24.980
5
24.980 29.830
6
29.830 35.109
7
35.109 40.770
8
40.770 46.454
9
46.454 52.350
10
52.350 57.740
11
57.740 62.700
12
62.700 66.737
13
66.737 71.539
14
71.539 77.162
15
77.162 82.400
16
82.400 85.280
17
85.280 89.990
18
89.990 93.006
19
93.006 97.860
20
97.860 102.789
21
102.789 104.050
22
104.050 108.670
23
108.670 114.390
24
114.390 121.160
25
121.160 125.944
26
125.944 130.291
27
130.291 135.122
28
135.122 140.220
29
140.220 145.840
