0
6.000 7.980
1
7.980 13.015
2
13.015 15.960
3
15.960 20.816
4
20.816 24.462
5
24.462 26.099
6
26.099 27.533
7
27.533 28.897
8
28.897 32.184
9
32.184 33.674
10
33.674 34.419
11
34.419 36.794
12
36.794 39.560
13
39.560 44.500
14
44.500 46.264
15
46.264 47.157
16
47.157 49.479
17
49.479 51.540
18
51.540 55.740
19
55.740 57.140
20
57.140 59.454
21
59.454 62.196
22
62.196 66.240
23
66.240 68.664
24
68.664 71.400
25
71.400 73.428
26
73.428 76.560
27
76.560 80.700
28
80.700 86.636
29
86.636 90.104
30
90.104 91.956
31
91.956 97.055
32
97.055 100.781
33
100.781 103.050
34
103.050 108.488
35
108.488 113.582
36
113.582 118.564
37
118.564 123.580
38
123.580 130.292
39
130.292 134.050
40
134.050 138.638
41
138.638 143.719
42
143.719 149.349
43
149.349 155.573
44
155.573 160.887
45
160.887 166.395
46
166.395 171.188
47
171.188 175.594
48
175.594 179.640
49
179.640 184.560
50
184.560 187.401
51
187.401 191.580
52
191.580 195.120
53
195.120 199.546
54
199.546 203.996
55
203.996 210.184
56
210.184 211.720
57
211.720 213.548
58
213.548 217.290
59
217.290 220.579
60
220.579 223.537
61
223.537 226.526
62
226.526 229.915
63
229.915 231.985
64
231.985 234.630
65
234.630 238.995
66
238.995 242.265
67
242.265 247.325
68
247.325 250.260
69
250.260 253.160
70
253.160 257.160
71
257.160 261.338
72
261.338 265.730
73
265.730 267.271
74
267.271 272.536
75
272.536 276.323
76
276.323 280.415
77
280.415 285.525
78
285.525 291.760
79
291.760 297.060
80
297.060 300.658
81
300.658 304.911
82
304.911 308.848
83
308.848 312.720
84
312.720 319.162
85
319.162 323.080
86
323.080 327.030
87
327.030 329.399
88
329.399 333.540
89
333.540 337.723
90
337.723 340.845
91
340.845 342.447
92
342.447 346.114
93
346.114 347.890
94
347.890 350.563
95
350.563 355.542
96
355.542 356.929
97
356.929 361.190
98
361.190 364.500
99
364.500 367.268
100
367.268 372.296
101
372.296 377.194
102
377.194 381.808
103
381.808 384.830
104
384.830 389.860
105
389.860 394.900
106
394.900 399.461
107
399.461 402.130
108
402.130 406.550
109
406.550 410.638
110
410.638 415.420
111
415.420 419.446
112
419.446 423.420
113
423.420 425.588
114
425.588 429.969
115
429.969 432.554
116
432.554 436.204
117
436.204 440.067
118
440.067 442.226
119
442.226 445.658
120
445.658 446.194
121
446.194 446.800
122
446.800 449.913
123
449.913 453.600
