0
0.000 6.917
1
8.817 11.829
2
11.829 16.460
3
16.460 21.370
4
21.370 25.008
5
25.008 29.935
6
29.935 34.840
7
34.840 39.512
8
39.512 42.661
9
42.661 47.850
10
47.850 52.810
11
52.810 57.770
12
57.770 62.615
13
62.615 67.460
14
67.460 72.450
15
72.450 77.440
16
77.440 82.064
17
82.064 87.452
18
87.452 91.870
19
91.870 96.554
20
96.554 101.838
21
101.838 107.287
22
107.287 113.229
23
113.229 118.440
24
118.440 123.459
25
123.459 128.433
26
128.433 133.970
27
133.970 138.910
28
138.910 143.765
29
143.765 148.924
30
148.924 153.740
31
153.740 158.490
32
158.490 163.240
33
163.240 166.422
34
166.422 171.240
35
171.240 176.022
36
176.022 178.666
37
178.666 183.047
38
183.047 187.532
39
187.532 192.418
40
192.418 196.890
41
196.890 202.365
42
202.365 208.240
43
208.240 214.180
