0
0.000 4.614
1
4.614 6.310
2
6.310 10.695
3
10.695 13.655
4
13.655 18.655
5
18.655 19.987
6
19.987 24.866
7
24.866 27.294
8
27.294 30.827
9
30.827 35.403
10
35.403 39.640
11
39.640 44.546
12
44.546 49.840
13
49.840 55.654
14
55.654 57.030
15
57.030 59.524
16
59.524 60.169
17
60.169 60.780
18
60.780 63.837
19
63.837 68.320
20
68.320 72.929
21
72.929 78.195
22
78.195 81.659
23
81.659 84.952
24
84.952 85.968
25
85.968 87.594
26
87.594 89.435
27
89.435 90.040
28
90.040 90.645
29
90.645 92.157
30
92.157 94.916
31
94.916 95.576
32
95.576 98.612
33
98.612 99.734
34
99.734 103.550
35
103.550 105.052
36
105.052 107.939
37
107.939 109.273
38
109.273 112.528
39
112.528 116.880
40
116.880 119.016
41
119.016 119.726
42
119.726 121.490
43
121.490 125.422
44
125.422 128.080
45
128.080 129.979
46
129.979 132.970
47
132.970 137.471
48
137.471 141.188
49
141.188 144.428
50
144.428 149.190
51
149.190 152.592
52
152.592 157.466
53
157.466 160.392
54
160.392 163.397
55
163.397 169.157
56
169.157 173.030
57
173.030 176.333
58
176.333 181.104
59
181.104 185.609
60
185.609 188.873
61
188.873 193.935
62
193.935 196.920
63
196.920 199.767
64
199.767 202.180
65
202.180 206.592
66
206.592 210.043
67
210.043 212.248
68
212.248 217.018
69
217.018 219.950
70
219.950 223.195
71
223.195 227.950
72
227.950 231.735
73
231.735 236.580
74
236.580 241.633
75
241.633 246.208
76
246.208 250.507
77
250.507 254.842
78
254.842 259.008
79
259.008 261.735
80
261.735 266.288
81
266.288 270.840
82
270.840 274.574
83
274.574 275.500
84
275.500 280.191
85
280.191 285.474
86
285.474 287.840
87
287.840 292.180
88
292.180 294.787
89
294.787 296.893
90
296.893 299.950
91
299.950 303.740
92
303.740 306.041
93
306.041 309.840
94
309.840 315.104
95
315.104 321.944
96
321.944 324.808
97
324.808 329.968
98
329.968 331.640
99
331.640 332.324
100
332.324 335.403
101
335.403 339.384
102
339.384 340.493
103
340.493 341.225
104
341.225 345.698
105
345.698 348.172
106
348.172 351.932
107
351.932 353.390
108
353.390 354.098
109
354.098 358.111
110
358.111 362.449
111
362.449 366.126
112
366.126 368.853
113
368.853 371.685
114
371.685 376.569
115
376.569 380.050
116
380.050 383.357
117
383.357 386.694
118
386.694 389.218
119
389.218 392.512
120
392.512 396.331
121
396.331 399.971
122
399.971 404.380
123
404.380 411.608
124
411.608 414.940
125
414.940 419.675
126
419.675 422.940
127
422.940 428.489
128
428.489 432.570
129
432.570 434.770
130
434.770 438.381
131
438.381 440.843
132
440.843 445.820
133
445.820 447.030
134
447.030 449.405
135
449.405 451.780
136
451.780 456.530
