0
0.000 8.274
1
8.274 13.000
2
13.000 17.700
3
17.700 22.860
4
22.860 25.850
5
25.850 30.450
6
30.450 33.930
7
33.930 38.414
8
38.414 42.717
9
42.717 47.137
10
47.137 49.980
11
49.980 53.420
12
53.420 58.130
13
58.130 63.151
14
63.151 68.380
15
68.380 72.750
16
72.750 78.316
17
78.316 83.034
18
83.034 87.270
19
87.270 91.240
20
91.240 95.419
21
95.419 102.640
22
102.640 107.574
23
107.574 112.790
24
112.790 115.841
25
115.841 119.700
26
119.700 125.092
27
125.092 126.420
28
126.420 130.650
29
130.650 134.790
30
134.790 138.437
31
138.437 141.381
32
141.381 147.010
33
147.010 153.930
