0
0.000 9.934
1
9.934 15.389
2
15.389 16.810
3
16.810 21.947
4
21.947 29.770
5
29.770 34.156
6
34.156 38.645
7
38.645 44.734
8
44.734 49.980
9
49.980 51.860
10
51.860 55.910
11
55.910 60.042
12
60.042 64.224
13
64.224 69.912
14
69.912 74.842
15
74.842 78.857
16
78.857 81.870
17
81.870 86.147
18
86.147 89.120
19
89.120 94.085
20
94.085 98.446
21
98.446 102.190
22
102.190 107.143
23
107.143 111.170
24
111.170 116.069
25
116.069 119.360
26
119.360 124.387
27
124.387 130.200
28
130.200 135.043
29
135.043 137.930
30
137.930 142.778
31
142.778 145.130
32
145.130 149.759
33
149.759 152.750
34
152.750 157.640
35
157.640 163.422
36
163.422 168.970
37
168.970 173.100
38
173.100 177.230
39
177.230 180.196
40
180.196 185.020
41
185.020 188.066
42
188.066 193.546
43
193.546 198.354
44
198.354 203.700
45
203.700 208.423
46
208.423 212.335
47
212.335 217.697
48
217.697 222.370
49
222.370 228.340
50
228.340 236.470
