0
0.000 8.209
1
8.209 14.083
2
14.083 19.444
3
19.444 23.630
4
23.630 25.730
5
25.730 29.690
6
29.690 34.215
7
34.215 36.625
8
36.625 38.440
9
38.440 44.302
10
44.302 48.720
11
48.720 53.462
12
53.462 57.290
13
57.290 61.910
14
61.910 66.790
15
66.790 72.319
16
72.319 77.800
17
77.800 81.424
18
81.424 83.930
19
83.930 88.282
20
88.282 91.920
21
91.920 96.096
22
96.096 101.100
23
101.100 106.795
24
106.795 108.173
25
108.173 113.620
26
113.620 116.675
27
116.675 120.410
28
120.410 125.142
29
125.142 127.800
30
127.800 132.400
31
132.400 137.000
32
137.000 142.443
33
142.443 147.440
34
147.440 151.481
35
151.481 155.950
36
155.950 159.926
37
159.926 164.250
38
164.250 169.150
39
169.150 173.911
40
173.911 178.626
41
178.626 180.800
42
180.800 183.748
43
183.748 187.480
44
187.480 191.736
45
191.736 194.160
46
194.160 199.294
47
199.294 204.068
48
204.068 209.140
49
209.140 212.417
50
212.417 217.242
51
217.242 218.511
52
218.511 223.340
53
223.340 227.430
54
227.430 231.112
55
231.112 235.820
56
235.820 241.645
57
241.645 244.840
58
244.840 249.884
59
249.884 254.026
60
254.026 258.645
61
258.645 261.618
62
261.618 266.769
63
266.769 271.860
64
271.860 275.574
65
275.574 280.109
66
280.109 283.596
67
283.596 288.956
68
288.956 293.416
69
293.416 298.299
70
298.299 303.158
71
303.158 306.979
72
306.979 312.100
73
312.100 317.673
74
317.673 321.758
75
321.758 326.745
76
326.745 334.900
77
334.900 340.789
78
340.789 345.230
79
345.230 348.677
80
348.677 354.771
81
354.771 360.180
82
360.180 364.429
83
364.429 365.182
84
365.182 370.057
85
370.057 374.865
86
374.865 377.837
87
377.837 382.675
88
382.675 387.060
89
387.060 393.230
90
393.230 398.076
91
398.076 400.550
92
400.550 407.180
93
407.180 412.152
94
412.152 413.090
95
413.090 417.970
96
417.970 422.642
97
422.642 425.583
98
425.583 429.220
99
429.220 434.064
100
434.064 438.580
101
438.580 443.350
102
443.350 448.120
