0
0.000 7.616
1
7.616 10.736
2
10.736 15.421
3
15.421 16.381
4
16.381 21.170
5
21.170 26.840
6
26.840 33.100
7
33.100 37.989
8
37.989 40.920
9
40.920 45.890
10
45.890 50.860
11
50.860 55.490
12
55.490 60.958
13
60.958 67.790
14
67.790 73.460
15
73.460 79.646
16
79.646 84.245
17
84.245 89.095
18
89.095 93.909
19
93.909 98.590
20
98.590 104.103
21
104.103 110.210
22
110.210 117.708
23
117.708 122.494
24
122.494 126.770
25
126.770 133.062
26
133.062 137.140
27
137.140 143.320
28
143.320 148.309
29
148.309 151.265
30
151.265 157.010
31
157.010 161.850
32
161.850 167.465
33
167.465 171.285
34
171.285 176.810
35
176.810 180.640
36
180.640 184.953
37
184.953 190.320
38
190.320 194.425
39
194.425 196.525
40
196.525 201.650
41
201.650 206.190
42
206.190 211.310
43
211.310 214.756
44
214.756 220.014
45
220.014 225.470
46
225.470 230.770
47
230.770 236.380
48
236.380 242.515
49
242.515 247.517
50
247.517 253.682
51
253.682 261.095
52
261.095 267.125
53
267.125 271.990
54
271.990 275.971
55
275.971 279.165
56
279.165 284.000
57
284.000 288.860
58
288.860 295.198
59
295.198 300.783
60
300.783 306.443
61
306.443 312.350
62
312.350 317.180
63
317.180 321.661
64
321.661 325.677
65
325.677 329.940
66
329.940 334.844
67
334.844 341.130
68
341.130 345.883
69
345.883 350.110
70
350.110 355.290
71
355.290 360.360
72
360.360 365.400
73
365.400 372.257
74
372.257 377.170
75
377.170 381.548
76
381.548 384.424
77
384.424 389.276
78
389.276 394.431
79
394.431 400.060
80
400.060 406.510
81
406.510 411.930
82
411.930 419.324
83
419.324 423.940
84
423.940 429.036
85
429.036 434.170
86
434.170 441.770
87
441.770 445.321
88
445.321 452.230
89
452.230 453.660
90
453.660 461.016
91
461.016 462.553
92
462.553 463.936
93
463.936 473.480
94
473.480 478.785
95
478.785 484.090
