0
0.000 8.560
1
8.560 12.557
2
12.557 17.534
3
17.534 22.388
4
22.388 23.370
5
23.370 27.585
6
27.585 32.385
7
32.385 37.272
8
37.272 43.004
9
43.004 47.931
10
47.931 51.054
11
51.054 54.840
12
54.840 60.151
13
60.151 64.971
14
64.971 68.920
15
68.920 76.622
16
76.622 80.260
17
80.260 85.440
18
85.440 91.110
19
91.110 96.231
20
96.231 98.860
21
98.860 102.060
22
102.060 109.290
23
109.290 114.357
24
114.357 116.520
25
116.520 121.286
26
121.286 126.702
27
126.702 131.710
28
131.710 140.037
29
140.037 145.680
30
145.680 150.352
31
150.352 156.894
32
156.894 161.801
33
161.801 165.780
34
165.780 170.110
35
170.110 172.676
36
172.676 178.422
37
178.422 183.209
38
183.209 184.500
39
184.500 187.700
40
187.700 195.443
41
195.443 200.760
42
200.760 207.309
43
207.309 210.080
44
210.080 214.914
45
214.914 219.410
46
219.410 224.515
47
224.515 230.195
48
230.195 234.620
49
234.620 242.127
50
242.127 246.450
51
246.450 250.791
52
250.791 253.720
53
253.720 259.155
54
259.155 263.282
55
263.282 267.150
56
267.150 272.029
57
272.029 274.940
58
274.940 279.010
59
279.010 282.310
60
282.310 290.729
61
290.729 296.428
62
296.428 300.824
63
300.824 304.030
64
304.030 306.830
65
306.830 311.039
66
311.039 315.592
67
315.592 318.900
68
318.900 323.500
69
323.500 328.100
70
328.100 333.035
71
333.035 337.970
72
337.970 346.150
73
346.150 351.148
74
351.148 355.330
75
355.330 359.785
76
359.785 364.240
77
364.240 369.890
78
369.890 372.594
79
372.594 377.260
80
377.260 385.964
81
385.964 391.038
82
391.038 395.595
83
395.595 400.489
84
400.489 404.410
85
404.410 409.665
86
409.665 415.310
87
415.310 420.550
88
420.550 426.190
89
426.190 429.166
90
429.166 431.940
91
431.940 437.570
92
437.570 442.411
93
442.411 447.287
94
447.287 452.470
95
452.470 457.389
96
457.389 462.515
97
462.515 469.076
98
469.076 473.243
99
473.243 477.765
100
477.765 482.170
101
482.170 487.067
102
487.067 489.305
103
489.305 493.870
104
493.870 498.837
105
498.837 503.854
106
503.854 508.762
107
508.762 511.350
108
511.350 516.873
109
516.873 522.490
110
522.490 526.774
111
526.774 531.646
112
531.646 534.350
113
534.350 539.590
114
539.590 544.830
115
544.830 549.660
116
549.660 556.181
117
556.181 561.536
118
561.536 566.630
119
566.630 573.330
120
573.330 578.022
121
578.022 582.230
122
582.230 589.730
123
589.730 596.660
124
596.660 597.975
125
597.975 602.610
126
602.610 603.590
127
603.590 607.803
128
607.803 612.462
129
612.462 616.634
130
616.634 620.320
131
620.320 626.720
132
626.720 632.110
133
632.110 637.500
