0
0.000 9.265
1
9.265 13.216
2
13.216 17.348
3
17.348 21.210
4
21.210 25.271
5
25.271 29.058
6
29.058 33.756
7
33.756 39.734
8
39.734 45.620
9
45.620 49.431
10
49.431 51.795
11
51.795 54.440
12
54.440 57.970
13
57.970 62.381
14
62.381 65.680
15
65.680 67.781
16
67.781 70.450
17
70.450 72.911
18
72.911 77.350
19
77.350 81.350
20
81.350 84.250
21
84.250 88.890
22
88.890 93.507
23
93.507 96.348
24
96.348 100.895
25
100.895 103.095
26
103.095 107.702
27
107.702 110.010
28
110.010 112.924
29
112.924 118.005
30
118.005 120.940
31
120.940 126.000
32
126.000 130.960
33
130.960 135.743
34
135.743 140.490
35
140.490 141.539
36
141.539 148.080
37
148.080 152.943
38
152.943 155.670
39
155.670 159.402
40
159.402 162.090
41
162.090 168.510
42
168.510 175.348
43
175.348 180.570
44
180.570 188.750
45
188.750 193.970
46
193.970 196.219
47
196.219 200.010
48
200.010 207.390
49
207.390 215.390
50
215.390 223.450
51
223.450 226.624
52
226.624 231.080
53
231.080 237.599
54
237.599 240.905
55
240.905 242.821
56
242.821 247.510
57
247.510 251.710
58
251.710 256.528
59
256.528 260.230
60
260.230 262.217
61
262.217 266.350
62
266.350 270.472
63
270.472 274.328
64
274.328 277.010
65
277.010 281.170
66
281.170 283.496
67
283.496 288.090
68
288.090 290.816
69
290.816 295.140
70
295.140 301.060
71
301.060 305.654
72
305.654 308.810
73
308.810 313.618
74
313.618 318.280
75
318.280 321.164
76
321.164 325.865
77
325.865 328.526
78
328.526 332.142
79
332.142 336.220
80
336.220 341.150
81
341.150 345.640
82
345.640 347.966
83
347.966 352.910
84
352.910 354.669
85
354.669 360.040
86
360.040 363.438
87
363.438 367.999
88
367.999 372.897
89
372.897 377.192
90
377.192 379.762
91
379.762 384.005
92
384.005 385.032
93
385.032 389.975
94
389.975 394.653
95
394.653 398.228
96
398.228 403.620
97
403.620 408.040
98
408.040 413.106
99
413.106 419.243
100
419.243 421.270
101
421.270 426.500
102
426.500 432.714
103
432.714 437.645
104
437.645 441.440
105
441.440 446.030
106
446.030 450.930
107
450.930 453.750
108
453.750 457.422
109
457.422 461.750
110
461.750 465.201
111
465.201 468.789
112
468.789 473.198
113
473.198 478.156
114
478.156 481.984
115
481.984 484.072
116
484.072 487.680
117
487.680 491.606
118
491.606 495.333
119
495.333 499.200
120
499.200 504.168
121
504.168 507.640
122
507.640 512.648
123
512.648 517.857
124
517.857 521.500
125
521.500 525.101
126
525.101 529.110
127
529.110 533.775
128
533.775 538.365
129
538.365 539.810
130
539.810 545.480
131
545.480 549.900
132
549.900 554.614
133
554.614 557.870
134
557.870 567.430
