0
0.000 8.685
1
8.685 13.701
2
13.701 18.640
3
18.640 23.224
4
23.224 27.280
5
27.280 32.657
6
32.657 37.868
7
37.868 41.200
8
41.200 44.310
9
44.310 47.010
10
47.010 52.138
11
52.138 56.970
12
56.970 58.949
13
58.949 60.930
14
60.930 65.509
15
65.509 69.882
16
69.882 73.035
17
73.035 77.216
18
77.216 81.230
19
81.230 87.601
20
87.601 91.936
21
91.936 96.929
22
96.929 98.950
23
98.950 103.280
24
103.280 107.610
25
107.610 112.290
26
112.290 116.593
27
116.593 121.085
28
121.085 125.795
29
125.795 129.500
30
129.500 134.080
31
134.080 138.660
32
138.660 142.515
33
142.515 146.540
34
146.540 151.041
35
151.041 156.151
36
156.151 161.320
37
161.320 165.140
38
165.140 170.910
39
170.910 175.812
40
175.812 178.860
41
178.860 181.846
42
181.846 186.200
43
186.200 190.970
44
190.970 195.495
45
195.495 200.020
46
200.020 204.700
47
204.700 209.771
48
209.771 215.326
49
215.326 220.150
50
220.150 225.340
51
225.340 228.510
52
228.510 234.300
53
234.300 240.723
54
240.723 245.830
55
245.830 253.086
56
253.086 258.100
57
258.100 262.580
58
262.580 267.557
59
267.557 271.410
60
271.410 276.720
61
276.720 279.460
62
279.460 283.810
63
283.810 289.560
64
289.560 295.849
65
295.849 300.230
66
300.230 305.404
67
305.404 310.850
68
310.850 315.660
69
315.660 320.510
70
320.510 323.940
71
323.940 327.900
72
327.900 333.214
73
333.214 338.174
74
338.174 343.754
75
343.754 348.820
76
348.820 354.529
77
354.529 359.750
78
359.750 364.652
79
364.652 367.750
80
367.750 372.913
81
372.913 376.917
82
376.917 382.910
83
382.910 387.935
84
387.935 392.960
85
392.960 397.027
86
397.027 402.392
87
402.392 407.353
88
407.353 411.770
89
411.770 415.127
90
415.127 420.828
91
420.828 426.396
92
426.396 431.400
93
431.400 437.285
94
437.285 442.605
95
442.605 447.760
96
447.760 452.479
97
452.479 457.080
98
457.080 463.548
99
463.548 468.420
100
468.420 473.370
101
473.370 477.537
102
477.537 482.174
103
482.174 486.114
104
486.114 490.640
105
490.640 495.426
106
495.426 500.020
107
500.020 503.970
108
503.970 509.895
109
509.895 515.550
110
515.550 522.059
111
522.059 527.483
112
527.483 531.240
113
531.240 536.465
114
536.465 541.403
115
541.403 546.341
116
546.341 550.900
117
550.900 556.210
118
556.210 562.565
119
562.565 567.720
120
567.720 572.755
121
572.755 578.243
122
578.243 583.750
123
583.750 588.626
124
588.626 594.099
125
594.099 598.680
126
598.680 603.329
127
603.329 608.460
128
608.460 613.530
129
613.530 619.430
130
619.430 625.330
131
625.330 630.669
132
630.669 635.511
133
635.511 639.850
134
639.850 645.180
135
645.180 649.744
136
649.744 653.244
137
653.244 658.046
138
658.046 661.732
139
661.732 666.568
140
666.568 671.410
141
671.410 678.130
142
678.130 682.982
143
682.982 687.640
144
687.640 692.565
145
692.565 697.490
146
697.490 703.764
147
703.764 708.844
148
708.844 714.887
149
714.887 719.908
150
719.908 724.514
151
724.514 728.786
152
728.786 732.320
153
732.320 738.264
154
738.264 743.340
155
743.340 748.330
156
748.330 753.320
157
753.320 757.840
158
757.840 760.785
159
760.785 765.994
160
765.994 772.200
161
772.200 777.049
162
777.049 781.491
163
781.491 786.420
164
786.420 791.231
165
791.231 796.216
166
796.216 801.120
167
801.120 807.195
168
807.195 813.270
169
813.270 814.593
170
814.593 819.618
171
819.618 824.130
172
824.130 828.290
173
828.290 832.790
174
832.790 837.290
175
837.290 841.791
176
841.791 846.578
177
846.578 848.300
178
848.300 855.767
179
855.767 860.770
180
860.770 866.305
181
866.305 869.508
182
869.508 872.600
183
872.600 877.994
184
877.994 882.781
185
882.781 887.808
186
887.808 892.540
187
892.540 897.060
188
897.060 901.721
189
901.721 904.491
190
904.491 908.280
191
908.280 913.543
192
913.543 916.280
193
916.280 920.375
194
920.375 924.470
195
924.470 929.270
196
929.270 934.070
