0
0.000 9.967
1
9.967 16.110
2
16.110 20.419
3
20.419 22.470
4
22.470 26.110
5
26.110 30.834
6
30.834 35.820
7
35.820 41.704
8
41.704 46.340
9
46.340 50.230
10
50.230 55.840
11
55.840 58.990
12
58.990 61.910
13
61.910 64.310
14
64.310 70.232
15
70.232 76.870
16
76.870 82.950
17
82.950 89.700
18
89.700 96.450
19
96.450 104.570
20
104.570 109.321
21
109.321 113.780
22
113.780 118.040
23
118.040 126.210
24
126.210 131.045
25
131.045 135.880
26
135.880 140.636
27
140.636 144.060
28
144.060 148.160
29
148.160 153.317
30
153.317 160.045
31
160.045 164.043
32
164.043 169.702
33
169.702 176.024
34
176.024 181.240
35
181.240 189.250
36
189.250 195.840
37
195.840 200.500
38
200.500 203.683
39
203.683 208.096
40
208.096 212.971
41
212.971 216.216
42
216.216 218.170
43
218.170 222.945
44
222.945 227.720
45
227.720 228.484
46
228.484 233.550
47
233.550 235.831
48
235.831 239.784
49
239.784 244.010
50
244.010 246.835
51
246.835 251.200
52
251.200 256.425
53
256.425 261.650
54
261.650 266.411
55
266.411 268.832
56
268.832 273.950
57
273.950 278.250
58
278.250 284.073
59
284.073 288.689
60
288.689 291.519
61
291.519 296.395
62
296.395 301.470
63
301.470 306.220
64
306.220 308.616
65
308.616 312.776
66
312.776 316.230
67
316.230 320.583
68
320.583 325.496
69
325.496 328.540
70
328.540 334.240
71
334.240 339.940
72
339.940 344.514
73
344.514 348.580
74
348.580 355.135
75
355.135 360.389
76
360.389 365.595
77
365.595 371.334
78
371.334 376.192
79
376.192 381.238
80
381.238 385.790
81
385.790 391.049
82
391.049 393.490
83
393.490 396.748
84
396.748 401.576
85
401.576 404.539
86
404.539 409.250
87
409.250 413.922
88
413.922 415.770
89
415.770 421.431
90
421.431 426.890
91
426.890 431.766
92
431.766 435.250
93
435.250 441.058
94
441.058 444.510
95
444.510 449.600
96
449.600 454.690
97
454.690 459.415
98
459.415 464.140
99
464.140 468.770
100
468.770 473.400
101
473.400 476.764
102
476.764 481.490
103
481.490 487.167
104
487.167 493.315
105
493.315 499.160
106
499.160 504.711
107
504.711 510.297
108
510.297 514.150
109
514.150 520.144
110
520.144 522.510
111
522.510 526.173
112
526.173 531.285
113
531.285 536.380
114
536.380 541.700
115
541.700 546.712
116
546.712 552.530
117
552.530 557.585
118
557.585 562.534
119
562.534 566.580
120
566.580 570.324
121
570.324 574.898
122
574.898 579.060
123
579.060 583.655
124
583.655 588.250
125
588.250 597.770
