0
0.000 9.468
1
9.468 15.417
2
15.417 19.950
3
19.950 23.891
4
23.891 28.543
5
28.543 31.190
6
31.190 34.980
7
34.980 40.083
8
40.083 44.530
9
44.530 50.640
10
50.640 55.521
11
55.521 59.258
12
59.258 63.949
13
63.949 67.950
14
67.950 73.690
15
73.690 79.894
16
79.894 84.870
17
84.870 89.954
18
89.954 95.258
19
95.258 100.780
20
100.780 104.844
21
104.844 108.540
22
108.540 112.700
23
112.700 119.230
24
119.230 123.851
25
123.851 127.890
26
127.890 131.932
27
131.932 135.510
28
135.510 140.886
29
140.886 147.550
30
147.550 152.745
31
152.745 157.940
32
157.940 165.810
33
165.810 170.485
34
170.485 175.160
35
175.160 181.180
36
181.180 189.410
37
189.410 194.983
38
194.983 199.824
39
199.824 204.930
40
204.930 210.069
41
210.069 214.660
42
214.660 219.410
43
219.410 224.366
44
224.366 229.400
45
229.400 234.090
46
234.090 237.830
47
237.830 242.780
48
242.780 246.670
49
246.670 249.850
50
249.850 252.639
51
252.639 257.360
52
257.360 261.996
53
261.996 266.645
54
266.645 271.158
55
271.158 276.075
56
276.075 280.020
57
280.020 285.700
58
285.700 288.585
59
288.585 293.695
60
293.695 297.250
61
297.250 301.015
62
301.015 304.290
63
304.290 308.400
64
308.400 313.120
65
313.120 317.840
66
317.840 323.385
67
323.385 328.367
68
328.367 332.420
69
332.420 336.515
70
336.515 341.044
71
341.044 345.667
72
345.667 350.308
73
350.308 354.590
74
354.590 357.960
75
357.960 362.157
76
362.157 366.136
77
366.136 370.920
78
370.920 375.785
79
375.785 380.448
80
380.448 383.420
81
383.420 387.480
82
387.480 391.900
83
391.900 396.420
84
396.420 401.445
85
401.445 406.470
86
406.470 410.952
87
410.952 412.535
88
412.535 416.445
89
416.445 418.600
90
418.600 422.290
91
422.290 429.564
92
429.564 434.500
93
434.500 439.150
94
439.150 443.800
95
443.800 447.740
96
447.740 453.070
97
453.070 457.622
98
457.622 461.810
99
461.810 466.377
100
466.377 467.650
101
467.650 473.560
102
473.560 478.057
103
478.057 484.168
104
484.168 489.930
105
489.930 492.022
106
492.022 497.020
107
497.020 501.085
108
501.085 501.851
109
501.851 505.150
110
505.150 508.272
111
508.272 510.500
112
510.500 514.625
113
514.625 518.750
114
518.750 521.992
115
521.992 523.730
116
523.730 528.726
117
528.726 531.153
118
531.153 536.563
119
536.563 540.985
120
540.985 545.750
121
545.750 552.546
122
552.546 558.210
123
558.210 562.110
124
562.110 567.240
125
567.240 571.550
126
571.550 575.860
127
575.860 580.720
128
580.720 585.730
129
585.730 590.740
130
590.740 595.770
131
595.770 601.855
132
601.855 607.002
133
607.002 613.700
134
613.700 618.190
135
618.190 623.087
136
623.087 625.000
137
625.000 629.922
138
629.922 635.228
139
635.228 639.760
140
639.760 644.245
141
644.245 649.299
142
649.299 654.590
143
654.590 655.390
144
655.390 660.633
145
660.633 665.670
146
665.670 668.917
147
668.917 673.866
148
673.866 679.000
149
679.000 685.900
150
685.900 690.015
151
690.015 695.350
152
695.350 700.918
153
700.918 707.331
154
707.331 713.678
155
713.678 718.825
156
718.825 724.000
157
724.000 728.865
158
728.865 733.730
159
733.730 738.988
160
738.988 742.640
161
742.640 747.587
162
747.587 752.540
163
752.540 757.450
164
757.450 762.057
165
762.057 765.493
166
765.493 770.010
167
770.010 779.400
