0
0.000 7.797
1
7.797 12.995
2
12.995 18.086
3
18.086 23.030
4
23.030 27.300
5
27.300 31.441
6
31.441 35.390
7
35.390 39.945
8
39.945 44.500
9
44.500 50.530
10
50.530 55.080
11
55.080 59.630
12
59.630 64.120
13
64.120 68.610
14
68.610 73.990
15
73.990 79.660
16
79.660 84.462
17
84.462 87.967
18
87.967 92.513
19
92.513 94.360
20
94.360 100.735
21
100.735 105.200
22
105.200 110.010
23
110.010 116.960
24
116.960 122.370
25
122.370 125.831
26
125.831 127.780
27
127.780 132.648
28
132.648 135.790
29
135.790 140.079
30
140.079 144.650
31
144.650 149.405
32
149.405 154.438
33
154.438 160.535
34
160.535 165.156
35
165.156 170.215
36
170.215 172.575
37
172.575 178.420
38
178.420 185.200
39
185.200 191.304
40
191.304 194.840
41
194.840 199.884
42
199.884 205.806
43
205.806 209.990
44
209.990 212.852
45
212.852 217.840
46
217.840 222.050
47
222.050 227.309
48
227.309 231.084
49
231.084 235.570
50
235.570 242.221
51
242.221 246.310
52
246.310 251.090
53
251.090 255.432
54
255.432 258.605
55
258.605 263.126
56
263.126 266.120
57
266.120 270.461
58
270.461 274.870
59
274.870 279.840
60
279.840 285.055
61
285.055 290.270
62
290.270 295.215
63
295.215 300.160
64
300.160 304.495
65
304.495 308.830
66
308.830 312.920
67
312.920 317.010
68
317.010 321.697
69
321.697 324.140
70
324.140 328.774
71
328.774 331.640
72
331.640 335.170
73
335.170 340.015
74
340.015 344.771
75
344.771 347.480
76
347.480 352.105
77
352.105 356.730
78
356.730 361.496
79
361.496 367.260
80
367.260 372.227
81
372.227 375.110
82
375.110 380.900
83
380.900 385.181
84
385.181 386.690
85
386.690 391.941
86
391.941 397.742
87
397.742 403.633
88
403.633 406.042
89
406.042 411.329
90
411.329 416.220
91
416.220 420.700
92
420.700 425.398
93
425.398 429.252
94
429.252 434.480
95
434.480 439.481
96
439.481 444.494
97
444.494 445.800
98
445.800 451.052
99
451.052 455.420
100
455.420 460.074
101
460.074 465.156
102
465.156 469.660
103
469.660 477.030
104
477.030 482.175
105
482.175 487.320
106
487.320 492.560
107
492.560 497.800
108
497.800 502.707
109
502.707 503.880
110
503.880 505.555
111
505.555 509.131
112
509.131 512.110
113
512.110 513.464
114
513.464 516.536
115
516.536 520.943
116
520.943 522.600
117
522.600 527.548
118
527.548 528.580
119
528.580 533.511
120
533.511 536.110
121
536.110 540.417
122
540.417 544.554
123
544.554 548.070
124
548.070 552.820
125
552.820 557.570
126
557.570 560.207
127
560.207 565.689
128
565.689 570.374
129
570.374 575.630
130
575.630 580.571
131
580.571 584.510
132
584.510 589.892
133
589.892 592.000
134
592.000 596.385
135
596.385 600.770
136
600.770 603.388
137
603.388 607.700
138
607.700 613.220
139
613.220 618.740
140
618.740 623.725
141
623.725 628.710
142
628.710 632.808
143
632.808 636.363
144
636.363 640.830
145
640.830 646.025
146
646.025 652.726
147
652.726 660.770
