0
0.000 9.835
1
9.835 13.804
2
13.804 18.785
3
18.785 22.990
4
22.990 28.260
5
28.260 33.530
6
33.530 39.660
7
39.660 45.340
8
45.340 50.500
9
50.500 56.380
10
56.380 64.530
11
64.530 70.120
12
70.120 75.600
13
75.600 81.450
14
81.450 86.440
15
86.440 91.430
16
91.430 99.400
17
99.400 104.240
18
104.240 108.973
19
108.973 113.446
20
113.446 117.460
21
117.460 121.595
22
121.595 127.351
23
127.351 132.850
24
132.850 138.009
25
138.009 145.290
26
145.290 151.142
27
151.142 156.690
28
156.690 161.722
29
161.722 167.025
30
167.025 172.400
31
172.400 177.355
32
177.355 181.210
33
181.210 187.598
34
187.598 191.900
35
191.900 196.403
36
196.403 200.790
37
200.790 206.145
38
206.145 211.617
39
211.617 217.070
40
217.070 224.570
41
224.570 229.231
42
229.231 233.470
43
233.470 239.515
44
239.515 245.560
45
245.560 250.210
46
250.210 252.070
47
252.070 257.848
48
257.848 262.785
49
262.785 267.700
50
267.700 270.790
51
270.790 275.595
52
275.595 280.400
53
280.400 283.340
54
283.340 288.105
55
288.105 292.500
56
292.500 297.630
57
297.630 303.380
58
303.380 309.120
59
309.120 315.365
60
315.365 321.610
61
321.610 326.300
62
326.300 330.990
63
330.990 338.227
64
338.227 342.790
65
342.790 349.153
66
349.153 354.320
67
354.320 362.320
68
362.320 367.781
69
367.781 373.108
70
373.108 378.480
71
378.480 383.390
72
383.390 388.140
73
388.140 393.840
74
393.840 397.100
75
397.100 401.671
76
401.671 404.200
77
404.200 409.730
78
409.730 413.608
79
413.608 417.580
80
417.580 422.060
81
422.060 426.540
82
426.540 431.354
83
431.354 436.099
84
436.099 440.830
85
440.830 443.870
86
443.870 448.751
87
448.751 454.020
88
454.020 459.180
89
459.180 465.682
90
465.682 469.872
91
469.872 475.360
92
475.360 478.188
93
478.188 482.900
94
482.900 486.186
95
486.186 491.030
96
491.030 497.660
97
497.660 502.625
98
502.625 507.590
99
507.590 513.030
100
513.030 517.217
101
517.217 519.804
102
519.804 523.510
103
523.510 529.295
104
529.295 532.978
105
532.978 538.304
106
538.304 543.340
107
543.340 548.825
108
548.825 554.310
109
554.310 559.640
110
559.640 564.970
111
564.970 571.030
112
571.030 579.230
113
579.230 583.578
114
583.578 587.610
115
587.610 592.408
116
592.408 597.267
117
597.267 602.474
118
602.474 608.121
119
608.121 613.690
120
613.690 620.410
121
620.410 622.890
122
622.890 626.401
123
626.401 630.890
124
630.890 636.331
125
636.331 641.247
126
641.247 647.230
127
647.230 652.000
128
652.000 658.131
129
658.131 662.820
130
662.820 667.727
131
667.727 672.170
132
672.170 679.750
133
679.750 684.020
134
684.020 689.322
135
689.322 693.810
136
693.810 698.537
137
698.537 700.680
138
700.680 705.533
139
705.533 710.437
140
710.437 714.120
141
714.120 719.335
142
719.335 724.550
143
724.550 729.425
144
729.425 732.330
145
732.330 736.468
146
736.468 741.040
147
741.040 746.070
148
746.070 751.100
149
751.100 756.426
150
756.426 759.980
151
759.980 765.804
152
765.804 771.077
153
771.077 773.410
154
773.410 778.963
155
778.963 783.761
156
783.761 788.718
157
788.718 792.879
158
792.879 796.960
159
796.960 802.347
160
802.347 805.790
161
805.790 809.510
162
809.510 814.876
163
814.876 820.287
164
820.287 825.447
165
825.447 831.089
166
831.089 835.620
167
835.620 837.133
168
837.133 842.240
169
842.240 847.584
170
847.584 852.828
171
852.828 857.600
172
857.600 862.129
173
862.129 866.973
174
866.973 871.962
175
871.962 875.995
176
875.995 880.700
177
880.700 882.882
178
882.882 887.820
179
887.820 892.653
180
892.653 896.670
181
896.670 902.070
182
902.070 906.926
183
906.926 911.500
184
911.500 914.750
185
914.750 924.360
