0
0.000 8.681
1
8.681 13.315
2
13.315 17.586
3
17.586 22.140
4
22.140 26.290
5
26.290 30.229
6
30.229 35.676
7
35.676 40.750
8
40.750 45.550
9
45.550 50.350
10
50.350 54.417
11
54.417 58.350
12
58.350 59.573
13
59.573 64.503
14
64.503 69.791
15
69.791 75.124
16
75.124 78.490
17
78.490 82.087
18
82.087 86.040
19
86.040 89.877
20
89.877 92.940
21
92.940 98.850
22
98.850 102.928
23
102.928 107.865
24
107.865 112.529
25
112.529 116.690
26
116.690 120.840
27
120.840 125.960
28
125.960 131.080
29
131.080 135.700
30
135.700 140.040
31
140.040 145.735
32
145.735 151.430
33
151.430 156.555
34
156.555 161.680
35
161.680 166.115
36
166.115 170.550
37
170.550 175.785
38
175.785 182.580
39
182.580 187.440
40
187.440 191.575
41
191.575 196.333
42
196.333 201.424
43
201.424 206.040
44
206.040 211.725
45
211.725 217.112
46
217.112 222.140
47
222.140 228.010
48
228.010 228.862
49
228.862 233.209
50
233.209 237.098
51
237.098 240.640
52
240.640 244.441
53
244.441 250.090
54
250.090 254.100
55
254.100 257.620
56
257.620 265.090
57
265.090 271.320
58
271.320 278.369
59
278.369 281.838
60
281.838 285.320
61
285.320 291.329
62
291.329 294.440
63
294.440 299.780
64
299.780 302.937
65
302.937 308.265
66
308.265 310.250
67
310.250 314.996
68
314.996 318.840
69
318.840 323.771
70
323.771 328.547
71
328.547 333.200
72
333.200 336.708
73
336.708 339.930
74
339.930 341.985
75
341.985 348.200
76
348.200 354.828
77
354.828 362.520
78
362.520 367.518
79
367.518 375.120
80
375.120 379.700
81
379.700 384.040
82
384.040 388.985
83
388.985 394.141
84
394.141 398.593
85
398.593 402.753
86
402.753 408.570
87
408.570 414.242
88
414.242 417.326
89
417.326 422.294
90
422.294 429.500
91
429.500 434.810
92
434.810 439.981
93
439.981 444.690
94
444.690 449.990
95
449.990 454.731
96
454.731 459.850
97
459.850 464.813
98
464.813 467.688
99
467.688 473.690
100
473.690 478.820
101
478.820 483.290
102
483.290 487.760
103
487.760 492.238
104
492.238 496.950
105
496.950 498.870
106
498.870 503.680
107
503.680 507.320
108
507.320 509.870
109
509.870 512.802
110
512.802 517.040
111
517.040 521.670
112
521.670 527.296
113
527.296 529.670
114
529.670 533.389
115
533.389 538.120
116
538.120 544.746
117
544.746 550.477
118
550.477 555.159
119
555.159 557.430
120
557.430 562.555
121
562.555 567.680
122
567.680 572.577
123
572.577 577.910
124
577.910 581.722
125
581.722 584.590
126
584.590 589.435
127
589.435 594.537
128
594.537 599.030
129
599.030 604.348
130
604.348 610.350
131
610.350 615.399
132
615.399 618.093
133
618.093 623.454
134
623.454 628.595
135
628.595 633.786
136
633.786 639.530
137
639.530 644.640
138
644.640 648.036
139
648.036 653.428
140
653.428 657.886
141
657.886 661.860
142
661.860 665.880
143
665.880 669.782
144
669.782 674.760
145
674.760 679.556
146
679.556 681.450
147
681.450 686.275
148
686.275 690.790
149
690.790 694.784
150
694.784 699.755
151
699.755 704.790
152
704.790 708.000
153
708.000 712.774
154
712.774 717.346
155
717.346 721.930
156
721.930 726.725
157
726.725 731.520
