0
0.000 8.835
1
8.835 16.314
2
16.314 22.330
3
22.330 28.291
4
28.291 31.900
5
31.900 36.070
6
36.070 40.240
7
40.240 45.169
8
45.169 46.786
9
46.786 48.250
10
48.250 53.242
11
53.242 54.100
12
54.100 58.975
13
58.975 63.217
14
63.217 67.340
15
67.340 72.215
16
72.215 76.910
17
76.910 81.336
18
81.336 85.570
19
85.570 90.819
20
90.819 97.763
21
97.763 103.870
22
103.870 108.035
23
108.035 114.176
24
114.176 119.380
25
119.380 124.890
26
124.890 129.465
27
129.465 134.187
28
134.187 138.710
29
138.710 143.644
30
143.644 145.361
31
145.361 150.230
32
150.230 152.312
33
152.312 156.911
34
156.911 162.010
35
162.010 166.931
36
166.931 172.336
37
172.336 177.543
38
177.543 182.462
39
182.462 187.620
40
187.620 192.595
41
192.595 195.750
42
195.750 200.742
43
200.742 204.751
44
204.751 210.327
45
210.327 216.269
46
216.269 222.309
47
222.309 226.080
48
226.080 232.385
49
232.385 238.690
50
238.690 244.390
51
244.390 248.582
52
248.582 252.560
53
252.560 257.682
54
257.682 261.030
55
261.030 266.435
56
266.435 271.840
57
271.840 273.591
58
273.591 278.510
59
278.510 285.360
60
285.360 290.480
61
290.480 295.290
62
295.290 300.415
63
300.415 305.010
64
305.010 309.550
65
309.550 313.551
66
313.551 317.870
67
317.870 322.320
68
322.320 325.847
69
325.847 331.318
70
331.318 336.240
71
336.240 338.744
72
338.744 344.040
73
344.040 349.019
74
349.019 353.540
75
353.540 357.630
76
357.630 362.903
77
362.903 368.801
78
368.801 375.126
79
375.126 380.182
80
380.182 384.881
81
384.881 390.022
82
390.022 395.940
83
395.940 402.164
84
402.164 406.800
85
406.800 412.476
86
412.476 417.570
87
417.570 422.518
88
422.518 427.216
89
427.216 431.830
90
431.830 436.834
91
436.834 441.579
92
441.579 446.420
93
446.420 451.790
94
451.790 457.160
95
457.160 462.680
96
462.680 468.200
97
468.200 473.700
98
473.700 480.343
99
480.343 485.270
100
485.270 490.900
101
490.900 493.284
102
493.284 497.681
103
497.681 503.070
104
503.070 508.484
105
508.484 513.596
106
513.596 520.027
107
520.027 523.425
108
523.425 526.215
109
526.215 531.114
110
531.114 535.800
111
535.800 542.298
112
542.298 547.073
113
547.073 550.110
114
550.110 553.970
115
553.970 558.722
116
558.722 561.134
117
561.134 566.096
118
566.096 571.036
119
571.036 575.794
120
575.794 581.166
121
581.166 587.150
122
587.150 588.206
123
588.206 591.904
124
591.904 595.718
125
595.718 600.480
126
600.480 605.175
127
605.175 609.870
