0
0.000 5.075
1
5.075 9.892
2
9.892 14.340
3
14.340 18.507
4
18.507 22.900
5
22.900 27.576
6
27.576 32.292
7
32.292 37.260
8
37.260 40.564
9
40.564 44.587
10
44.587 49.066
11
49.066 53.395
12
53.395 56.077
13
56.077 58.770
14
58.770 63.592
15
63.592 68.310
16
68.310 73.300
17
73.300 79.345
18
79.345 85.290
19
85.290 91.565
20
91.565 98.400
21
98.400 103.385
22
103.385 108.981
23
108.981 115.030
24
115.030 120.270
25
120.270 125.560
26
125.560 128.925
27
128.925 133.310
28
133.310 138.210
29
138.210 141.775
30
141.775 146.244
31
146.244 150.884
32
150.884 154.485
33
154.485 159.760
34
159.760 162.870
35
162.870 169.710
36
169.710 175.122
37
175.122 180.555
38
180.555 184.994
39
184.994 188.870
40
188.870 193.930
41
193.930 198.610
42
198.610 203.633
43
203.633 208.280
44
208.280 212.560
45
212.560 217.905
46
217.905 222.607
47
222.607 227.432
48
227.432 231.962
49
231.962 236.051
50
236.051 240.820
51
240.820 243.939
52
243.939 246.720
53
246.720 250.980
54
250.980 254.730
55
254.730 260.125
56
260.125 265.520
57
265.520 269.930
58
269.930 271.430
59
271.430 277.340
60
277.340 282.055
61
282.055 286.770
62
286.770 290.070
63
290.070 293.790
64
293.790 297.430
65
297.430 302.050
66
302.050 305.540
67
305.540 313.540
68
313.540 320.910
69
320.910 328.280
