0
0.000 9.198
1
9.198 14.232
2
14.232 19.390
3
19.390 24.400
4
24.400 28.939
5
28.939 31.470
6
31.470 35.520
7
35.520 39.570
8
39.570 40.375
9
40.375 46.221
10
46.221 51.210
11
51.210 57.040
12
57.040 61.630
13
61.630 64.370
14
64.370 70.500
15
70.500 75.060
16
75.060 80.460
17
80.460 83.645
18
83.645 88.655
19
88.655 93.240
20
93.240 99.200
21
99.200 104.300
22
104.300 109.366
23
109.366 114.714
24
114.714 120.500
25
120.500 124.174
26
124.174 127.530
27
127.530 133.990
28
133.990 137.985
29
137.985 140.890
30
140.890 145.996
31
145.996 151.450
32
151.450 157.140
33
157.140 163.990
34
163.990 168.010
35
168.010 172.690
36
172.690 177.370
37
177.370 182.130
38
182.130 188.340
39
188.340 192.090
40
192.090 196.556
41
196.556 202.030
42
202.030 205.110
43
205.110 210.320
44
210.320 215.645
45
215.645 220.970
46
220.970 227.100
47
227.100 232.277
48
232.277 237.040
49
237.040 242.404
50
242.404 247.783
51
247.783 252.750
52
252.750 257.706
53
257.706 263.174
54
263.174 268.170
55
268.170 271.770
56
271.770 276.050
57
276.050 282.806
58
282.806 288.420
59
288.420 293.495
60
293.495 298.570
61
298.570 304.370
62
304.370 308.690
63
308.690 314.180
64
314.180 319.038
65
319.038 323.969
66
323.969 328.780
67
328.780 333.647
68
333.647 338.376
69
338.376 343.675
70
343.675 344.440
71
344.440 346.726
72
346.726 352.310
73
352.310 357.145
74
357.145 361.980
75
361.980 365.880
76
365.880 370.477
77
370.477 375.470
78
375.470 382.160
79
382.160 386.892
80
386.892 388.920
81
388.920 392.660
82
392.660 397.557
83
397.557 402.825
84
402.825 410.880
85
410.880 414.960
86
414.960 418.104
87
418.104 421.455
88
421.455 427.416
89
427.416 434.320
90
434.320 439.652
91
439.652 445.940
92
445.940 450.735
93
450.735 455.530
94
455.530 456.632
95
456.632 462.063
96
462.063 466.260
97
466.260 468.707
98
468.707 472.390
99
472.390 477.061
100
477.061 481.101
101
481.101 485.750
102
485.750 487.830
103
487.830 493.120
104
493.120 499.150
105
499.150 503.020
106
503.020 505.844
107
505.844 506.726
108
506.726 508.670
109
508.670 511.180
110
511.180 513.062
111
513.062 517.086
112
517.086 519.540
113
519.540 521.440
114
521.440 523.570
115
523.570 529.092
116
529.092 533.070
117
533.070 538.185
118
538.185 543.300
119
543.300 548.119
120
548.119 552.770
121
552.770 558.470
122
558.470 563.405
123
563.405 568.340
124
568.340 572.024
125
572.024 576.206
126
576.206 580.880
127
580.880 585.020
128
585.020 589.160
129
589.160 594.343
130
594.343 597.920
131
597.920 603.803
132
603.803 609.820
133
609.820 615.700
134
615.700 620.240
135
620.240 625.654
136
625.654 631.600
137
631.600 637.130
138
637.130 641.970
139
641.970 645.095
140
645.095 650.276
141
650.276 652.460
142
652.460 658.418
143
658.418 662.160
144
662.160 667.800
145
667.800 673.203
146
673.203 679.250
147
679.250 685.490
148
685.490 691.070
149
691.070 695.231
150
695.231 699.694
151
699.694 704.573
152
704.573 709.830
153
709.830 714.900
154
714.900 719.200
155
719.200 723.527
156
723.527 728.080
157
728.080 732.849
158
732.849 735.460
159
735.460 741.789
160
741.789 747.420
161
747.420 752.910
162
752.910 757.763
163
757.763 761.067
164
761.067 764.220
165
764.220 769.300
166
769.300 776.350
167
776.350 782.420
168
782.420 788.490
169
788.490 792.434
170
792.434 799.100
171
799.100 806.380
172
806.380 812.173
173
812.173 818.290
174
818.290 823.770
175
823.770 829.445
176
829.445 835.120
177
835.120 840.016
178
840.016 845.121
179
845.121 851.050
180
851.050 855.484
181
855.484 861.710
182
861.710 866.375
183
866.375 871.040
184
871.040 876.090
185
876.090 880.582
186
880.582 886.324
187
886.324 891.170
188
891.170 894.674
189
894.674 897.400
190
897.400 901.986
191
901.986 907.141
192
907.141 911.740
193
911.740 916.655
194
916.655 921.570
195
921.570 924.673
196
924.673 929.668
197
929.668 934.840
198
934.840 939.683
199
939.683 944.380
200
944.380 947.577
201
947.577 952.412
202
952.412 956.270
203
956.270 960.880
204
960.880 964.710
205
964.710 969.703
206
969.703 974.669
207
974.669 978.050
208
978.050 982.396
209
982.396 988.210
210
988.210 993.230
211
993.230 1003.130
