0
0.000 9.190
1
9.190 12.990
2
12.990 17.730
3
17.730 20.670
4
20.670 24.930
5
24.930 29.640
6
29.640 34.070
7
34.070 38.754
8
38.754 40.864
9
40.864 45.340
10
45.340 50.308
11
50.308 53.250
12
53.250 58.990
13
58.990 63.770
14
63.770 68.667
15
68.667 71.490
16
71.490 76.477
17
76.477 81.350
18
81.350 85.195
19
85.195 90.180
20
90.180 95.456
21
95.456 100.196
22
100.196 103.450
23
103.450 109.818
24
109.818 115.490
25
115.490 120.390
26
120.390 125.304
27
125.304 129.366
28
129.366 132.200
29
132.200 136.842
30
136.842 141.837
31
141.837 146.550
32
146.550 151.374
33
151.374 156.502
34
156.502 161.080
35
161.080 165.576
36
165.576 170.272
37
170.272 173.810
38
173.810 179.192
39
179.192 184.315
40
184.315 190.024
41
190.024 195.995
42
195.995 201.350
43
201.350 205.730
44
205.730 209.100
45
209.100 214.076
46
214.076 219.260
47
219.260 225.170
48
225.170 230.830
49
230.830 236.698
50
236.698 241.630
51
241.630 245.242
52
245.242 249.530
53
249.530 253.570
54
253.570 257.984
55
257.984 261.760
56
261.760 266.706
57
266.706 271.000
58
271.000 275.766
59
275.766 279.560
60
279.560 283.730
61
283.730 287.297
62
287.297 292.200
63
292.200 296.140
64
296.140 301.543
65
301.543 308.230
66
308.230 312.650
67
312.650 318.155
68
318.155 324.570
69
324.570 329.103
70
329.103 333.070
71
333.070 338.272
72
338.272 341.970
73
341.970 347.510
74
347.510 353.031
75
353.031 357.310
76
357.310 360.705
77
360.705 365.620
78
365.620 370.555
79
370.555 375.490
80
375.490 380.260
81
380.260 384.089
82
384.089 388.074
83
388.074 393.420
84
393.420 400.000
85
400.000 405.240
86
405.240 410.407
87
410.407 415.280
88
415.280 422.808
89
422.808 428.330
90
428.330 432.470
91
432.470 436.724
92
436.724 441.834
93
441.834 446.373
94
446.373 451.300
95
451.300 456.070
96
456.070 460.860
97
460.860 463.478
98
463.478 468.450
99
468.450 474.080
100
474.080 478.897
101
478.897 482.525
102
482.525 486.750
103
486.750 491.495
104
491.495 497.110
105
497.110 502.654
106
502.654 507.970
107
507.970 512.249
108
512.249 517.075
109
517.075 520.450
110
520.450 525.390
111
525.390 529.998
112
529.998 532.140
113
532.140 536.861
114
536.861 540.740
115
540.740 545.420
116
545.420 550.100
117
550.100 555.570
118
555.570 560.067
119
560.067 564.569
120
564.569 569.180
121
569.180 573.520
122
573.520 578.370
123
578.370 583.220
