0
0.000 7.290
1
7.290 12.130
2
12.130 17.059
3
17.059 19.580
4
19.580 24.850
5
24.850 30.120
6
30.120 34.260
7
34.260 38.400
8
38.400 42.337
9
42.337 46.290
10
46.290 51.437
11
51.437 55.850
12
55.850 60.628
13
60.628 64.290
14
64.290 67.859
15
67.859 72.550
16
72.550 77.447
17
77.447 80.020
18
80.020 86.030
19
86.030 90.010
20
90.010 93.497
21
93.497 98.730
22
98.730 103.500
23
103.500 108.340
24
108.340 109.750
25
109.750 113.830
26
113.830 117.060
27
117.060 122.067
28
122.067 126.363
29
126.363 128.680
30
128.680 133.201
31
133.201 137.706
32
137.706 142.452
33
142.452 146.400
34
146.400 151.090
35
151.090 152.773
36
152.773 157.531
37
157.531 162.196
38
162.196 165.320
39
165.320 170.110
40
170.110 173.205
41
173.205 178.136
42
178.136 182.450
43
182.450 184.387
44
184.387 189.890
45
189.890 196.410
46
196.410 200.950
47
200.950 205.890
48
205.890 206.678
49
206.678 209.606
50
209.606 215.516
51
215.516 221.395
52
221.395 228.900
