0
0.000 7.318
1
7.318 13.080
2
13.080 17.890
3
17.890 22.040
4
22.040 27.786
5
27.786 33.470
6
33.470 36.660
7
36.660 38.668
8
38.668 44.510
9
44.510 49.515
10
49.515 54.742
11
54.742 59.290
12
59.290 64.410
13
64.410 69.537
14
69.537 74.499
15
74.499 77.090
16
77.090 81.520
17
81.520 86.450
18
86.450 91.380
19
91.380 96.280
20
96.280 101.180
21
101.180 104.420
22
104.420 108.470
23
108.470 114.292
24
114.292 119.950
25
119.950 126.480
26
126.480 134.580
27
134.580 139.425
28
139.425 144.270
29
144.270 149.110
30
149.110 154.738
31
154.738 155.460
32
155.460 158.441
33
158.441 164.080
34
164.080 168.110
35
168.110 173.610
36
173.610 178.720
37
178.720 183.401
38
183.401 185.110
39
185.110 190.100
40
190.100 194.300
41
194.300 198.500
42
198.500 202.987
43
202.987 205.000
44
205.000 207.345
45
207.345 209.930
46
209.930 213.268
47
213.268 216.830
48
216.830 223.720
49
223.720 231.476
50
231.476 236.360
51
236.360 239.207
52
239.207 241.490
53
241.490 246.080
54
246.080 248.528
55
248.528 250.980
56
250.980 254.971
57
254.971 258.030
58
258.030 265.630
59
265.630 273.570
60
273.570 281.510
61
281.510 286.200
62
286.200 291.920
63
291.920 296.293
64
296.293 298.680
65
298.680 303.872
66
303.872 309.910
67
309.910 314.900
68
314.900 319.730
69
319.730 324.560
70
324.560 329.640
71
329.640 334.150
72
334.150 339.310
73
339.310 345.100
74
345.100 351.020
75
351.020 353.617
76
353.617 356.940
77
356.940 358.692
78
358.692 363.160
79
363.160 365.857
80
365.857 366.912
81
366.912 369.380
