0
0.000 6.730
1
6.730 12.600
2
12.600 19.013
3
19.013 25.850
4
25.850 29.850
5
29.850 35.380
6
35.380 39.441
7
39.441 42.540
8
42.540 47.580
9
47.580 51.940
10
51.940 54.832
11
54.832 59.280
12
59.280 62.369
13
62.369 66.170
14
66.170 70.177
15
70.177 71.620
16
71.620 76.514
17
76.514 79.953
18
79.953 84.180
19
84.180 88.430
20
88.430 93.890
21
93.890 99.357
22
99.357 106.320
23
106.320 112.109
24
112.109 115.890
25
115.890 119.830
26
119.830 124.130
27
124.130 128.664
28
128.664 133.428
29
133.428 134.640
30
134.640 139.600
31
139.600 143.335
32
143.335 145.028
33
145.028 148.200
34
148.200 151.490
35
151.490 155.601
36
155.601 159.563
37
159.563 164.482
38
164.482 165.760
39
165.760 167.832
40
167.832 171.920
41
171.920 176.733
42
176.733 180.646
43
180.646 185.320
44
185.320 190.850
45
190.850 194.271
46
194.271 197.110
