0
0.000 1.438
1
1.438 6.268
2
6.268 11.061
3
11.061 16.098
4
16.098 21.220
5
21.220 26.048
6
26.048 30.840
7
30.840 34.440
8
34.440 38.870
9
38.870 44.730
10
44.730 50.600
11
50.600 54.965
12
54.965 59.330
13
59.330 63.970
14
63.970 68.650
15
68.650 71.848
16
71.848 76.826
17
76.826 81.754
18
81.754 86.922
19
86.922 92.066
20
92.066 97.200
21
97.200 102.475
22
102.475 106.425
23
106.425 111.200
24
111.200 118.190
25
118.190 123.131
26
123.131 128.358
27
128.358 133.064
28
133.064 137.507
29
137.507 140.249
30
140.249 145.398
31
145.398 150.344
32
150.344 155.277
33
155.277 157.976
34
157.976 161.750
35
161.750 166.571
36
166.571 169.270
37
169.270 175.150
38
175.150 179.455
39
179.455 183.340
40
183.340 187.976
41
187.976 190.180
42
190.180 195.488
43
195.488 202.990
44
202.990 206.780
45
206.780 212.191
46
212.191 216.460
47
216.460 221.036
48
221.036 226.158
49
226.158 230.690
50
230.690 234.831
51
234.831 241.289
52
241.289 246.508
53
246.508 252.430
54
252.430 258.615
55
258.615 263.977
56
263.977 269.465
57
269.465 275.374
58
275.374 279.398
59
279.398 283.260
60
283.260 287.590
61
287.590 292.678
62
292.678 297.810
63
297.810 303.195
64
303.195 308.214
65
308.214 312.843
66
312.843 316.810
67
316.810 321.777
68
321.777 326.408
69
326.408 328.821
70
328.821 331.830
71
331.830 336.740
72
336.740 340.757
73
340.757 343.490
74
343.490 349.567
75
349.567 356.322
76
356.322 361.760
77
361.760 365.681
78
365.681 368.937
79
368.937 372.940
80
372.940 377.260
81
377.260 381.630
82
381.630 386.834
83
386.834 393.439
84
393.439 398.452
85
398.452 403.710
86
403.710 407.870
87
407.870 412.723
88
412.723 413.590
89
413.590 416.610
90
416.610 420.650
91
420.650 424.280
92
424.280 426.578
93
426.578 431.580
94
431.580 435.700
95
435.700 439.046
96
439.046 443.822
97
443.822 445.210
98
445.210 451.890
99
451.890 456.760
100
456.760 461.630
101
461.630 466.490
102
466.490 472.398
103
472.398 477.540
104
477.540 485.190
105
485.190 490.621
106
490.621 497.250
107
497.250 502.339
108
502.339 508.545
109
508.545 513.570
110
513.570 519.390
111
519.390 524.331
112
524.331 528.150
113
528.150 530.186
114
530.186 536.895
115
536.895 541.719
116
541.719 546.526
117
546.526 549.730
118
549.730 553.410
119
553.410 558.036
120
558.036 564.039
121
564.039 567.060
122
567.060 570.960
123
570.960 575.720
124
575.720 580.010
125
580.010 584.410
126
584.410 591.020
127
591.020 596.290
128
596.290 603.640
129
603.640 608.589
130
608.589 612.000
131
612.000 617.240
132
617.240 623.240
133
623.240 630.590
134
630.590 636.540
135
636.540 640.439
136
640.439 645.360
137
645.360 650.795
138
650.795 656.403
139
656.403 663.460
140
663.460 670.370
141
670.370 673.650
142
673.650 677.890
143
677.890 679.810
144
679.810 684.770
145
684.770 686.430
146
686.430 690.300
147
690.300 695.270
148
695.270 700.240
149
700.240 706.080
150
706.080 710.870
151
710.870 715.660
152
715.660 720.286
153
720.286 723.060
154
723.060 724.744
155
724.744 728.890
156
728.890 730.070
157
730.070 736.475
158
736.475 741.818
159
741.818 743.950
160
743.950 748.845
161
748.845 753.420
162
753.420 757.310
163
757.310 763.150
164
763.150 768.868
165
768.868 773.944
166
773.944 778.955
167
778.955 783.090
168
783.090 786.200
169
786.200 791.043
170
791.043 792.900
171
792.900 796.782
172
796.782 800.470
173
800.470 804.878
174
804.878 808.466
175
808.466 813.147
176
813.147 817.850
