0
0.000 2.520
1
2.520 6.821
2
6.821 11.013
3
11.013 15.860
4
15.860 19.663
5
19.663 23.330
6
23.330 28.735
7
28.735 32.440
8
32.440 37.580
9
37.580 39.533
10
39.533 42.310
11
42.310 46.568
12
46.568 47.090
13
47.090 51.160
14
51.160 55.230
15
55.230 56.627
16
56.627 60.970
17
60.970 65.128
18
65.128 69.544
19
69.544 75.520
20
75.520 80.630
21
80.630 84.090
22
84.090 89.160
23
89.160 93.710
24
93.710 98.030
25
98.030 101.445
26
101.445 103.450
27
103.450 106.321
28
106.321 111.264
29
111.264 114.670
30
114.670 116.243
31
116.243 119.680
32
119.680 123.630
33
123.630 127.395
34
127.395 129.250
35
129.250 135.417
36
135.417 139.060
37
139.060 142.840
38
142.840 147.361
39
147.361 148.060
40
148.060 151.191
41
151.191 155.586
42
155.586 159.970
43
159.970 164.640
44
164.640 168.590
45
168.590 172.630
46
172.630 173.977
47
173.977 175.910
48
175.910 177.991
49
177.991 181.810
50
181.810 184.444
51
184.444 186.920
52
186.920 191.880
53
191.880 196.150
54
196.150 200.875
55
200.875 204.859
56
204.859 209.857
57
209.857 214.715
58
214.715 218.663
59
218.663 222.750
60
222.750 226.920
61
226.920 230.980
62
230.980 232.450
63
232.450 236.937
64
236.937 240.869
65
240.869 242.210
