0
0.000 3.096
1
3.096 8.022
2
8.022 10.740
3
10.740 15.480
4
15.480 19.320
5
19.320 23.547
6
23.547 27.650
7
27.650 31.465
8
31.465 34.560
9
34.560 39.400
10
39.400 43.778
11
43.778 45.720
12
45.720 51.120
13
51.120 53.472
14
53.472 59.040
15
59.040 65.850
16
65.850 70.187
17
70.187 73.803
18
73.803 78.410
19
78.410 83.010
20
83.010 87.802
21
87.802 91.880
22
91.880 95.708
23
95.708 98.860
24
98.860 103.270
25
103.270 108.334
26
108.334 112.060
27
112.060 116.784
28
116.784 123.615
29
123.615 128.910
30
128.910 135.750
31
135.750 139.630
32
139.630 145.790
33
145.790 150.280
34
150.280 155.234
35
155.234 159.800
36
159.800 163.100
37
163.100 169.469
38
169.469 173.370
39
173.370 178.480
40
178.480 183.389
41
183.389 188.113
42
188.113 191.130
43
191.130 196.160
44
196.160 201.130
45
201.130 206.100
46
206.100 211.105
47
211.105 216.110
48
216.110 220.471
49
220.471 222.270
50
222.270 227.209
51
227.209 231.040
52
231.040 231.692
53
231.692 235.833
54
235.833 239.670
55
239.670 242.226
56
242.226 245.960
57
245.960 250.326
58
250.326 254.290
59
254.290 258.690
