0
0.000 5.101
1
5.101 6.580
2
6.580 11.097
3
11.097 15.636
4
15.636 22.330
5
22.330 26.950
6
26.950 31.777
7
31.777 36.610
8
36.610 40.770
9
40.770 46.242
10
46.242 52.467
11
52.467 57.605
12
57.605 63.675
13
63.675 68.640
14
68.640 73.881
15
73.881 78.890
16
78.890 83.950
17
83.950 89.120
18
89.120 92.079
19
92.079 96.134
20
96.134 101.231
21
101.231 106.120
22
106.120 111.110
23
111.110 116.100
24
116.100 121.255
25
121.255 126.410
26
126.410 130.410
27
130.410 133.058
28
133.058 138.110
29
138.110 143.108
30
143.108 147.590
31
147.590 153.399
32
153.399 160.912
33
160.912 165.355
34
165.355 170.792
35
170.792 176.763
36
176.763 181.812
37
181.812 188.290
38
188.290 194.710
39
194.710 198.221
40
198.221 203.050
41
203.050 207.640
42
207.640 211.818
43
211.818 216.771
44
216.771 220.888
45
220.888 223.968
46
223.968 228.240
47
228.240 231.574
48
231.574 236.673
49
236.673 239.630
50
239.630 245.285
51
245.285 250.155
52
250.155 256.340
53
256.340 262.826
54
262.826 269.360
55
269.360 274.871
56
274.871 280.290
57
280.290 286.410
58
286.410 290.120
59
290.120 293.357
60
293.357 295.930
61
295.930 303.960
62
303.960 309.420
63
309.420 315.080
64
315.080 319.946
65
319.946 327.470
66
327.470 332.176
67
332.176 335.110
68
335.110 341.420
69
341.420 344.673
70
344.673 349.070
71
349.070 354.351
72
354.351 359.325
73
359.325 363.540
74
363.540 367.565
75
367.565 371.590
76
371.590 376.328
77
376.328 380.340
78
380.340 383.900
79
383.900 387.513
80
387.513 391.270
81
391.270 395.209
82
395.209 396.570
83
396.570 400.525
84
400.525 401.830
85
401.830 405.941
86
405.941 410.882
87
410.882 415.028
88
415.028 416.530
89
416.530 419.790
90
419.790 424.690
