0
0.000 2.315
1
2.315 6.700
2
6.700 11.695
3
11.695 16.630
4
16.630 18.604
5
18.604 20.580
6
20.580 23.296
7
23.296 28.484
8
28.484 34.310
9
34.310 36.043
10
36.043 37.610
11
37.610 42.740
12
42.740 46.968
13
46.968 49.320
14
49.320 53.960
15
53.960 58.600
16
58.600 64.298
17
64.298 66.790
18
66.790 71.950
19
71.950 74.800
20
74.800 76.530
21
76.530 82.090
22
82.090 86.963
23
86.963 91.430
24
91.430 97.280
25
97.280 102.010
26
102.010 106.955
27
106.955 111.900
28
111.900 116.940
29
116.940 121.596
30
121.596 126.589
31
126.589 131.570
32
131.570 136.210
33
136.210 138.099
34
138.099 142.618
35
142.618 143.240
36
143.240 148.170
37
148.170 153.100
38
153.100 157.711
39
157.711 158.305
40
158.305 160.920
41
160.920 165.808
42
165.808 171.315
43
171.315 176.548
44
176.548 181.780
45
181.780 184.932
46
184.932 186.610
47
186.610 189.489
48
189.489 193.070
49
193.070 198.090
50
198.090 201.918
51
201.918 206.089
52
206.089 210.550
53
210.550 214.670
54
214.670 219.152
55
219.152 222.120
56
222.120 227.427
57
227.427 231.070
58
231.070 235.319
59
235.319 239.370
60
239.370 243.010
61
243.010 244.796
62
244.796 245.620
63
245.620 250.510
64
250.510 254.616
65
254.616 258.010
66
258.010 262.350
67
262.350 263.293
68
263.293 268.560
69
268.560 273.606
70
273.606 276.060
