0
0.000 7.925
1
7.925 12.732
2
12.732 16.610
3
16.610 17.944
4
17.944 19.121
5
19.121 23.913
6
23.913 25.081
7
25.081 29.026
8
29.026 32.180
9
32.180 35.590
10
35.590 39.930
11
39.930 44.270
12
44.270 47.072
13
47.072 51.828
14
51.828 56.620
15
56.620 62.790
16
62.790 65.401
17
65.401 68.560
18
68.560 73.109
19
73.109 77.554
20
77.554 82.487
21
82.487 87.120
22
87.120 92.083
23
92.083 93.370
24
93.370 98.420
25
98.420 103.410
26
103.410 108.400
27
108.400 111.710
28
111.710 117.352
29
117.352 122.560
30
122.560 126.496
31
126.496 131.157
32
131.157 135.926
33
135.926 140.545
34
140.545 144.256
35
144.256 148.353
36
148.353 149.859
37
149.859 154.595
38
154.595 158.944
39
158.944 164.400
