0
0.000 0.703
1
0.703 5.747
2
5.747 11.340
3
11.340 15.470
4
15.470 20.290
5
20.290 24.332
6
24.332 30.909
7
30.909 37.000
8
37.000 42.151
9
42.151 47.290
10
47.290 51.030
11
51.030 57.754
12
57.754 63.750
13
63.750 70.535
14
70.535 75.050
15
75.050 77.906
16
77.906 82.780
17
82.780 85.129
18
85.129 87.827
19
87.827 91.050
20
91.050 94.720
21
94.720 98.590
22
98.590 102.322
23
102.322 104.780
24
104.780 109.940
25
109.940 114.006
26
114.006 118.390
27
118.390 123.644
28
123.644 126.093
29
126.093 130.350
30
130.350 135.272
31
135.272 137.803
32
137.803 140.400
33
140.400 145.555
34
145.555 150.765
35
150.765 154.558
36
154.558 158.470
37
158.470 161.625
38
161.625 165.450
39
165.450 168.809
40
168.809 174.130
41
174.130 178.612
42
178.612 181.100
43
181.100 185.770
44
185.770 193.840
45
193.840 199.320
46
199.320 202.282
47
202.282 207.180
48
207.180 211.935
49
211.935 216.690
50
216.690 221.994
51
221.994 226.620
52
226.620 231.780
53
231.780 237.170
54
237.170 244.350
55
244.350 248.670
56
248.670 252.260
57
252.260 257.494
58
257.494 263.140
59
263.140 268.151
60
268.151 273.120
61
273.120 278.171
62
278.171 284.677
63
284.677 287.905
64
287.905 291.840
65
291.840 295.710
66
295.710 299.084
67
299.084 304.999
68
304.999 309.510
69
309.510 313.880
70
313.880 317.550
71
317.550 321.580
72
321.580 325.760
73
325.760 330.576
74
330.576 334.813
75
334.813 338.010
