0
0.000 0.575
1
0.575 6.440
2
6.440 11.270
3
11.270 16.195
4
16.195 17.920
5
17.920 23.160
6
23.160 27.360
7
27.360 29.955
8
29.955 34.930
9
34.930 40.960
10
40.960 42.527
11
42.527 47.229
12
47.229 51.128
13
51.128 54.090
14
54.090 59.125
15
59.125 64.670
16
64.670 69.338
17
69.338 71.090
18
71.090 76.069
19
76.069 79.172
20
79.172 83.080
21
83.080 87.940
22
87.940 92.050
23
92.050 96.983
24
96.983 100.710
25
100.710 106.901
26
106.901 113.298
27
113.298 119.080
28
119.080 124.079
29
124.079 129.415
30
129.415 134.100
31
134.100 137.848
32
137.848 140.890
33
140.890 145.847
34
145.847 149.440
35
149.440 153.689
36
153.689 156.480
37
156.480 161.344
38
161.344 166.749
39
166.749 172.822
40
172.822 176.982
41
176.982 183.474
42
183.474 189.770
43
189.770 196.450
44
196.450 201.544
45
201.544 206.609
46
206.609 211.653
47
211.653 215.772
48
215.772 217.200
49
217.200 224.650
50
224.650 230.005
51
230.005 235.360
52
235.360 240.620
53
240.620 245.543
54
245.543 248.560
55
248.560 253.656
56
253.656 258.717
57
258.717 264.468
58
264.468 269.600
59
269.600 271.650
60
271.650 275.742
61
275.742 281.620
62
281.620 286.187
63
286.187 290.438
64
290.438 292.740
65
292.740 294.891
66
294.891 298.270
67
298.270 303.030
68
303.030 307.294
69
307.294 311.600
70
311.600 316.035
71
316.035 320.606
72
320.606 324.166
73
324.166 328.882
74
328.882 333.578
75
333.578 338.080
