0
0.000 4.681
1
4.681 8.901
2
8.901 14.060
3
14.060 18.390
4
18.390 23.641
5
23.641 29.840
6
29.840 34.120
7
34.120 38.400
8
38.400 45.350
9
45.350 49.545
10
49.545 53.740
11
53.740 56.960
12
56.960 61.930
13
61.930 64.240
14
64.240 69.344
15
69.344 74.510
16
74.510 78.045
17
78.045 83.436
18
83.436 87.280
19
87.280 92.590
20
92.590 96.435
21
96.435 99.874
22
99.874 105.954
23
105.954 110.630
24
110.630 112.483
25
112.483 117.380
26
117.380 122.300
27
122.300 126.670
28
126.670 133.410
29
133.410 137.430
30
137.430 141.090
31
141.090 146.080
32
146.080 151.070
33
151.070 159.300
34
159.300 164.245
35
164.245 165.610
36
165.610 170.370
37
170.370 175.130
38
175.130 179.685
39
179.685 180.933
40
180.933 184.240
41
184.240 191.580
42
191.580 196.165
43
196.165 201.197
44
201.197 203.912
45
203.912 209.870
46
209.870 214.600
47
214.600 219.642
48
219.642 224.370
49
224.370 225.990
50
225.990 230.535
51
230.535 235.080
