0
0.000 1.040
1
1.040 5.080
2
5.080 8.960
3
8.960 13.535
4
13.535 17.480
5
17.480 22.202
6
22.202 26.659
7
26.659 32.820
8
32.820 40.430
9
40.430 44.905
10
44.905 48.410
11
48.410 52.220
12
52.220 57.083
13
57.083 62.520
14
62.520 65.600
15
65.600 70.137
16
70.137 72.520
17
72.520 76.210
18
76.210 82.493
19
82.493 88.110
20
88.110 91.874
21
91.874 97.626
22
97.626 103.380
23
103.380 107.728
24
107.728 111.110
25
111.110 116.075
26
116.075 119.650
27
119.650 124.874
28
124.874 130.539
29
130.539 136.500
30
136.500 140.530
31
140.530 145.100
32
145.100 148.381
33
148.381 152.430
34
152.430 156.673
35
156.673 160.250
36
160.250 164.120
37
164.120 168.720
38
168.720 172.650
39
172.650 180.562
40
180.562 185.690
41
185.690 190.623
42
190.623 195.263
43
195.263 199.490
44
199.490 204.140
45
204.140 209.050
46
209.050 215.396
47
215.396 219.660
48
219.660 224.390
49
224.390 228.550
50
228.550 232.651
51
232.651 235.781
52
235.781 239.690
53
239.690 244.428
54
244.428 248.030
55
248.030 252.566
56
252.566 258.529
