0
0.000 6.730
1
6.730 12.600
2
12.600 19.131
3
19.131 22.440
4
22.440 27.020
5
27.020 31.665
6
31.665 36.310
7
36.310 40.068
8
40.068 43.170
9
43.170 50.138
10
50.138 54.170
11
54.170 58.020
12
58.020 62.900
13
62.900 64.670
14
64.670 69.240
15
69.240 72.054
16
72.054 74.000
17
74.000 79.717
18
79.717 86.830
19
86.830 91.961
20
91.961 94.180
21
94.180 99.235
22
99.235 105.811
23
105.811 110.315
24
110.315 114.270
25
114.270 118.440
26
118.440 121.909
27
121.909 125.920
28
125.920 129.360
29
129.360 133.820
30
133.820 136.741
31
136.741 140.080
32
140.080 146.480
33
146.480 153.970
34
153.970 158.952
35
158.952 164.062
36
164.062 169.513
37
169.513 174.893
38
174.893 178.430
39
178.430 184.805
40
184.805 190.430
41
190.430 193.959
42
193.959 194.920
43
194.920 200.490
44
200.490 202.568
45
202.568 207.435
46
207.435 209.310
47
209.310 213.780
48
213.780 218.880
49
218.880 222.320
50
222.320 227.311
51
227.311 231.420
52
231.420 234.440
53
234.440 239.234
54
239.234 244.060
55
244.060 246.587
56
246.587 251.080
57
251.080 253.483
58
253.483 258.455
59
258.455 263.221
60
263.221 268.140
