0
0.000 0.502
1
0.502 5.382
2
5.382 9.650
3
9.650 13.475
4
13.475 17.310
5
17.310 22.490
6
22.490 27.670
7
27.670 31.942
8
31.942 36.810
9
36.810 42.310
10
42.310 49.280
11
49.280 53.617
12
53.617 57.800
13
57.800 63.330
14
63.330 68.233
15
68.233 75.240
16
75.240 79.986
17
79.986 84.920
18
84.920 90.060
19
90.060 95.210
20
95.210 100.170
21
100.170 105.535
22
105.535 110.270
23
110.270 115.199
24
115.199 117.340
25
117.340 121.800
26
121.800 126.260
27
126.260 131.110
28
131.110 136.235
29
136.235 140.445
30
140.445 145.570
31
145.570 150.427
32
150.427 154.640
33
154.640 159.553
34
159.553 162.460
35
162.460 167.217
36
167.217 171.393
37
171.393 175.920
38
175.920 180.770
39
180.770 186.482
40
186.482 191.609
41
191.609 196.397
42
196.397 200.215
43
200.215 205.100
44
205.100 210.590
45
210.590 216.586
46
216.586 221.901
47
221.901 227.139
48
227.139 232.718
49
232.718 235.720
50
235.720 240.665
51
240.665 245.610
52
245.610 252.690
53
252.690 257.924
54
257.924 263.570
55
263.570 269.350
56
269.350 270.825
57
270.825 275.420
58
275.420 277.350
59
277.350 281.180
60
281.180 285.958
61
285.958 290.756
62
290.756 295.884
63
295.884 300.840
64
300.840 303.946
65
303.946 308.800
