0
0.000 3.834
1
3.834 9.905
2
9.905 15.050
3
15.050 20.088
4
20.088 25.760
5
25.760 32.160
6
32.160 36.960
7
36.960 42.330
8
42.330 45.130
9
45.130 47.368
10
47.368 52.113
11
52.113 57.667
12
57.667 63.175
13
63.175 69.670
14
69.670 74.500
15
74.500 79.220
16
79.220 83.792
17
83.792 89.110
18
89.110 94.845
19
94.845 98.178
20
98.178 102.860
21
102.860 108.770
22
108.770 114.480
23
114.480 119.376
24
119.376 124.714
25
124.714 129.920
26
129.920 134.898
27
134.898 137.798
28
137.798 145.019
29
145.019 149.290
30
149.290 153.170
31
153.170 158.970
32
158.970 163.332
33
163.332 168.356
34
168.356 173.430
35
173.430 176.679
36
176.679 179.540
37
179.540 188.093
38
188.093 193.405
39
193.405 199.210
40
199.210 204.043
41
204.043 209.153
42
209.153 214.160
