0
0.000 3.267
1
3.267 8.956
2
8.956 13.870
3
13.870 16.730
4
16.730 21.445
5
21.445 28.920
6
28.920 34.880
7
34.880 40.230
8
40.230 44.684
9
44.684 48.557
10
48.557 52.630
11
52.630 55.703
12
55.703 61.020
13
61.020 66.347
14
66.347 72.786
15
72.786 78.630
16
78.630 82.080
17
82.080 86.846
18
86.846 91.695
19
91.695 96.700
20
96.700 101.340
21
101.340 106.433
22
106.433 110.950
23
110.950 116.829
24
116.829 121.970
25
121.970 124.171
26
124.171 128.030
27
128.030 132.874
28
132.874 137.637
29
137.637 142.640
30
142.640 147.277
31
147.277 151.519
32
151.519 155.668
33
155.668 158.080
34
158.080 163.170
35
163.170 167.893
36
167.893 171.890
37
171.890 176.850
38
176.850 180.820
39
180.820 184.675
40
184.675 189.220
