0
0.000 5.710
1
5.710 10.788
2
10.788 14.910
3
14.910 19.978
4
19.978 25.840
5
25.840 30.908
6
30.908 35.810
7
35.810 40.810
8
40.810 49.350
9
49.350 54.900
10
54.900 59.920
11
59.920 63.730
12
63.730 67.102
13
67.102 70.480
14
70.480 75.724
15
75.724 79.496
16
79.496 84.243
17
84.243 88.980
18
88.980 94.731
19
94.731 100.370
20
100.370 103.848
21
103.848 107.420
22
107.420 112.370
23
112.370 117.896
24
117.896 122.567
25
122.567 128.140
26
128.140 133.130
27
133.130 138.824
28
138.824 143.925
29
143.925 148.340
30
148.340 154.390
