0
0.000 0.612
1
0.612 5.595
2
5.595 9.464
3
9.464 12.850
4
12.850 17.633
5
17.633 22.401
6
22.401 25.620
7
25.620 30.092
8
30.092 32.450
9
32.450 38.945
10
38.945 44.895
11
44.895 48.824
12
48.824 53.760
13
53.760 57.518
14
57.518 58.450
15
58.450 65.288
16
65.288 71.440
17
71.440 77.210
18
77.210 84.862
19
84.862 90.605
20
90.605 97.335
21
97.335 101.730
22
101.730 106.150
23
106.150 111.205
24
111.205 116.499
25
116.499 120.270
26
120.270 125.390
27
125.390 130.348
28
130.348 135.500
29
135.500 140.795
30
140.795 147.660
31
147.660 153.876
32
153.876 159.121
33
159.121 165.153
34
165.153 170.030
35
170.030 174.562
36
174.562 175.230
37
175.230 179.692
38
179.692 182.550
39
182.550 186.731
40
186.731 191.685
41
191.685 192.656
42
192.656 197.070
43
197.070 202.500
