0
0.000 0.520
1
0.520 6.453
2
6.453 10.200
3
10.200 12.060
4
12.060 13.111
5
13.111 17.669
6
17.669 22.060
7
22.060 26.648
8
26.648 31.700
9
31.700 37.037
10
37.037 42.770
11
42.770 44.300
12
44.300 50.110
13
50.110 56.980
14
56.980 62.425
15
62.425 68.711
16
68.711 73.359
17
73.359 77.260
18
77.260 80.871
19
80.871 85.211
20
85.211 88.260
21
88.260 92.862
22
92.862 97.169
23
97.169 99.990
24
99.990 106.324
25
106.324 112.130
26
112.130 117.818
27
117.818 123.738
28
123.738 127.760
29
127.760 132.797
30
132.797 137.489
31
137.489 141.240
32
141.240 145.273
33
145.273 151.460
34
151.460 157.240
35
157.240 162.284
36
162.284 167.140
37
167.140 170.962
38
170.962 173.770
39
173.770 179.040
40
179.040 181.820
41
181.820 185.510
42
185.510 190.160
43
190.160 190.830
44
190.830 193.085
45
193.085 196.762
46
196.762 200.340
47
200.340 205.413
48
205.413 209.460
49
209.460 213.690
50
213.690 216.201
51
216.201 220.430
52
220.430 224.961
53
224.961 229.150
54
229.150 233.211
55
233.211 237.210
56
237.210 240.610
