0
0.000 6.730
1
6.730 12.600
2
12.600 18.133
3
18.133 24.160
4
24.160 25.158
5
25.158 30.770
6
30.770 33.790
7
33.790 38.174
8
38.174 42.547
9
42.547 45.910
10
45.910 49.120
11
49.120 53.400
12
53.400 58.644
13
58.644 64.390
14
64.390 69.030
15
69.030 73.765
16
73.765 78.600
17
78.600 81.700
18
81.700 85.900
19
85.900 91.526
20
91.526 96.560
21
96.560 101.420
22
101.420 106.530
23
106.530 110.630
24
110.630 115.452
25
115.452 119.970
26
119.970 125.150
27
125.150 129.690
28
129.690 134.686
29
134.686 136.770
30
136.770 142.349
31
142.349 146.489
32
146.489 150.474
33
150.474 152.755
34
152.755 157.670
35
157.670 162.501
36
162.501 165.190
37
165.190 170.019
38
170.019 174.520
39
174.520 179.999
40
179.999 184.330
41
184.330 188.400
42
188.400 191.540
43
191.540 195.065
44
195.065 199.226
45
199.226 204.356
46
204.356 209.704
47
209.704 214.154
48
214.154 219.071
49
219.071 223.710
50
223.710 228.340
51
228.340 233.914
52
233.914 238.910
53
238.910 242.590
54
242.590 247.109
55
247.109 251.200
56
251.200 255.483
57
255.483 258.250
