0
0.000 2.659
1
2.659 4.900
2
4.900 9.110
3
9.110 13.835
4
13.835 18.560
5
18.560 22.836
6
22.836 26.775
7
26.775 31.950
8
31.950 35.060
9
35.060 41.370
10
41.370 46.078
11
46.078 50.680
12
50.680 55.600
13
55.600 59.227
14
59.227 63.390
15
63.390 69.060
16
69.060 74.134
17
74.134 80.455
18
80.455 85.420
19
85.420 89.870
20
89.870 94.480
21
94.480 98.635
22
98.635 102.790
23
102.790 106.760
24
106.760 112.840
25
112.840 117.195
26
117.195 121.550
27
121.550 126.125
28
126.125 130.700
29
130.700 135.120
30
135.120 141.094
31
141.094 143.766
32
143.766 146.000
33
146.000 151.261
34
151.261 157.230
35
157.230 161.850
36
161.850 166.470
37
166.470 171.399
38
171.399 176.195
39
176.195 181.020
40
181.020 185.350
41
185.350 188.228
42
188.228 194.260
43
194.260 198.759
44
198.759 203.413
45
203.413 207.990
46
207.990 211.536
47
211.536 217.395
48
217.395 222.579
49
222.579 228.089
50
228.089 232.640
51
232.640 237.500
52
237.500 242.202
53
242.202 246.020
