0
0.000 2.626
1
2.626 7.368
2
7.368 9.130
3
9.130 13.561
4
13.561 18.542
5
18.542 22.810
6
22.810 27.027
7
27.027 31.392
8
31.392 36.093
9
36.093 39.142
10
39.142 44.292
11
44.292 47.390
12
47.390 52.135
13
52.135 56.880
14
56.880 60.620
15
60.620 65.470
16
65.470 70.520
17
70.520 74.608
18
74.608 78.689
19
78.689 83.570
20
83.570 89.125
21
89.125 94.680
22
94.680 95.430
23
95.430 100.308
24
100.308 101.509
25
101.509 105.656
26
105.656 110.170
27
110.170 115.410
28
115.410 120.633
29
120.633 127.323
30
127.323 132.141
31
132.141 137.298
32
137.298 142.050
33
142.050 145.157
34
145.157 150.510
35
150.510 153.340
36
153.340 158.220
37
158.220 160.158
38
160.158 165.968
39
165.968 168.660
40
168.660 175.500
41
175.500 181.070
42
181.070 183.218
43
183.218 187.040
44
187.040 190.490
45
190.490 195.658
46
195.658 201.200
47
201.200 206.264
48
206.264 209.570
49
209.570 213.450
50
213.450 217.206
51
217.206 223.016
52
223.016 227.873
53
227.873 232.420
54
232.420 237.287
55
237.287 239.810
56
239.810 243.047
57
243.047 248.919
58
248.919 252.600
59
252.600 256.780
60
256.780 261.679
61
261.679 266.531
62
266.531 271.080
63
271.080 276.192
64
276.192 277.240
65
277.240 282.112
66
282.112 284.354
67
284.354 285.140
