0
0.000 0.815
1
0.815 5.776
2
5.776 9.130
3
9.130 14.550
4
14.550 20.190
5
20.190 25.741
6
25.741 31.154
7
31.154 35.190
8
35.190 37.720
9
37.720 42.790
10
42.790 48.043
11
48.043 53.612
12
53.612 59.197
13
59.197 63.616
14
63.616 65.070
15
65.070 70.074
16
70.074 75.354
17
75.354 80.968
18
80.968 86.250
19
86.250 91.910
20
91.910 98.634
21
98.634 103.146
22
103.146 107.930
23
107.930 113.175
24
113.175 115.350
25
115.350 120.749
26
120.749 123.530
27
123.530 128.107
28
128.107 132.940
29
132.940 137.710
30
137.710 143.510
31
143.510 150.050
32
150.050 155.105
33
155.105 156.170
34
156.170 162.555
35
162.555 168.833
36
168.833 174.230
37
174.230 178.250
38
178.250 181.328
39
181.328 187.065
40
187.065 192.170
41
192.170 196.848
42
196.848 199.530
43
199.530 203.770
44
203.770 208.270
45
208.270 212.380
46
212.380 216.490
47
216.490 220.850
48
220.850 225.790
49
225.790 231.820
50
231.820 237.850
51
237.850 242.540
52
242.540 245.430
53
245.430 249.580
54
249.580 253.884
55
253.884 258.273
56
258.273 260.069
57
260.069 265.000
58
265.000 270.110
59
270.110 275.110
60
275.110 277.222
61
277.222 282.700
62
282.700 286.735
63
286.735 290.290
64
290.290 295.410
65
295.410 299.890
66
299.890 300.530
67
300.530 302.982
68
302.982 308.433
69
308.433 315.285
70
315.285 319.590
71
319.590 322.330
72
322.330 326.345
73
326.345 330.850
74
330.850 333.561
75
333.561 338.497
76
338.497 341.901
77
341.901 345.990
78
345.990 350.538
79
350.538 352.020
80
352.020 358.050
81
358.050 364.447
82
364.447 369.250
83
369.250 373.950
84
373.950 378.650
85
378.650 383.335
86
383.335 387.630
87
387.630 393.270
88
393.270 399.551
89
399.551 404.390
90
404.390 408.910
91
408.910 413.910
92
413.910 418.910
93
418.910 425.024
94
425.024 429.570
95
429.570 433.670
96
433.670 436.730
97
436.730 442.219
98
442.219 446.670
99
446.670 452.046
100
452.046 456.190
101
456.190 459.850
102
459.850 464.308
103
464.308 469.101
104
469.101 474.050
105
474.050 479.191
106
479.191 481.110
107
481.110 485.112
108
485.112 490.009
109
490.009 495.170
110
495.170 500.080
111
500.080 504.990
112
504.990 509.330
113
509.330 510.950
114
510.950 515.934
115
515.934 520.050
116
520.050 523.810
117
523.810 528.260
118
528.260 532.210
119
532.210 538.133
120
538.133 543.020
