0
0.000 0.563
1
0.563 5.346
2
5.346 9.930
3
9.930 14.550
4
14.550 18.840
5
18.840 21.418
6
21.418 24.610
7
24.610 29.504
8
29.504 34.600
9
34.600 39.550
10
39.550 42.925
11
42.925 47.770
12
47.770 52.640
13
52.640 57.457
14
57.457 59.170
15
59.170 62.870
16
62.870 66.420
17
66.420 70.167
18
70.167 75.380
19
75.380 79.530
20
79.530 85.663
21
85.663 91.010
22
91.010 97.810
23
97.810 102.117
24
102.117 108.479
25
108.479 113.510
26
113.510 117.390
27
117.390 121.470
28
121.470 125.731
29
125.731 130.710
30
130.710 135.310
31
135.310 141.350
32
141.350 145.940
33
145.940 150.400
34
150.400 154.380
35
154.380 158.930
36
158.930 164.466
37
164.466 169.621
38
169.621 175.550
39
175.550 177.995
40
177.995 182.546
41
182.546 187.868
42
187.868 193.250
43
193.250 198.860
44
198.860 201.185
45
201.185 206.660
46
206.660 210.543
47
210.543 216.048
48
216.048 221.172
49
221.172 227.285
50
227.285 232.191
51
232.191 237.100
52
237.100 241.670
53
241.670 246.240
54
246.240 251.005
55
251.005 255.770
