0
0.000 2.976
1
2.976 7.170
2
7.170 9.907
3
9.907 14.286
4
14.286 18.330
5
18.330 22.950
6
22.950 27.565
7
27.565 32.900
8
32.900 38.974
9
38.974 41.110
10
41.110 45.719
11
45.719 50.776
12
50.776 56.392
13
56.392 63.560
14
63.560 68.848
15
68.848 74.160
16
74.160 79.456
17
79.456 85.530
18
85.530 89.282
19
89.282 95.033
20
95.033 101.340
21
101.340 106.190
22
106.190 111.410
23
111.410 116.343
24
116.343 120.640
25
120.640 124.439
26
124.439 129.610
27
129.610 135.070
28
135.070 140.280
29
140.280 144.895
30
144.895 152.062
31
152.062 156.560
32
156.560 160.910
33
160.910 165.825
34
165.825 170.350
35
170.350 171.391
36
171.391 176.335
37
176.335 181.136
38
181.136 186.092
39
186.092 191.147
40
191.147 196.240
41
196.240 202.476
42
202.476 208.470
43
208.470 209.653
44
209.653 215.920
45
215.920 220.120
46
220.120 225.138
47
225.138 230.410
48
230.410 235.440
49
235.440 239.699
50
239.699 244.330
51
244.330 246.696
52
246.696 248.425
53
248.425 251.962
54
251.962 255.354
55
255.354 259.143
56
259.143 263.054
57
263.054 267.430
58
267.430 272.421
59
272.421 275.230
