0
0.000 3.458
1
3.458 5.010
2
5.010 9.490
3
9.490 13.873
4
13.873 18.540
5
18.540 21.820
6
21.820 25.526
7
25.526 30.412
8
30.412 36.050
9
36.050 41.394
10
41.394 46.460
11
46.460 51.681
12
51.681 57.650
13
57.650 63.016
14
63.016 69.950
15
69.950 74.305
16
74.305 78.660
17
78.660 83.710
18
83.710 87.760
19
87.760 92.139
20
92.139 96.370
21
96.370 101.918
22
101.918 107.161
23
107.161 112.882
24
112.882 117.620
25
117.620 122.190
26
122.190 126.561
27
126.561 131.100
28
131.100 135.707
29
135.707 138.990
30
138.990 144.899
31
144.899 148.720
32
148.720 156.034
33
156.034 160.977
34
160.977 165.266
35
165.266 169.910
36
169.910 175.080
37
175.080 180.092
38
180.092 184.679
39
184.679 189.562
40
189.562 195.048
41
195.048 199.950
42
199.950 205.481
43
205.481 210.558
44
210.558 215.913
45
215.913 221.667
46
221.667 224.750
47
224.750 229.614
48
229.614 234.553
49
234.553 239.675
50
239.675 241.950
51
241.950 249.690
52
249.690 255.077
53
255.077 261.400
54
261.400 268.779
55
268.779 273.070
56
273.070 274.057
57
274.057 278.878
58
278.878 282.770
59
282.770 288.420
60
288.420 292.600
61
292.600 297.546
62
297.546 302.580
63
302.580 306.500
64
306.500 309.200
65
309.200 314.440
