0
0.000 5.710
1
5.710 10.876
2
10.876 15.937
3
15.937 21.510
4
21.510 27.414
5
27.414 32.708
6
32.708 38.056
7
38.056 43.433
8
43.433 50.810
9
50.810 57.572
10
57.572 62.104
11
62.104 66.304
12
66.304 70.600
13
70.600 76.271
14
76.271 82.532
15
82.532 87.543
16
87.543 93.795
17
93.795 98.512
18
98.512 103.071
19
103.071 107.385
20
107.385 112.555
21
112.555 117.790
22
117.790 121.836
23
121.836 126.178
24
126.178 131.355
25
131.355 134.828
26
134.828 139.799
27
139.799 145.511
28
145.511 150.936
29
150.936 155.565
30
155.565 160.396
31
160.396 164.290
32
164.290 169.414
33
169.414 174.459
34
174.459 179.470
35
179.470 185.160
36
185.160 192.772
37
192.772 196.587
38
196.587 200.687
39
200.687 204.590
40
204.590 210.420
41
210.420 215.846
42
215.846 221.299
43
221.299 224.140
44
224.140 228.273
45
228.273 232.928
46
232.928 238.243
47
238.243 242.720
48
242.720 248.030
49
248.030 255.090
50
255.090 260.655
51
260.655 265.682
52
265.682 270.950
53
270.950 275.870
54
275.870 280.351
55
280.351 285.990
56
285.990 293.430
57
293.430 298.450
58
298.450 303.734
59
303.734 308.690
60
308.690 312.426
61
312.426 316.775
62
316.775 322.809
63
322.809 328.359
64
328.359 333.711
65
333.711 338.110
66
338.110 343.110
67
343.110 348.750
68
348.750 354.255
69
354.255 358.086
70
358.086 363.390
71
363.390 368.472
72
368.472 373.260
73
373.260 378.597
74
378.597 383.972
75
383.972 389.779
76
389.779 394.035
77
394.035 400.577
78
400.577 407.005
79
407.005 412.979
80
412.979 418.485
81
418.485 423.595
82
423.595 427.982
83
427.982 432.975
84
432.975 437.740
85
437.740 441.790
86
441.790 443.427
87
443.427 448.982
88
448.982 451.980
89
451.980 457.350
90
457.350 462.386
91
462.386 467.450
92
467.450 472.770
93
472.770 476.960
94
476.960 483.456
95
483.456 490.685
96
490.685 495.260
97
495.260 500.377
98
500.377 503.926
99
503.926 508.688
100
508.688 513.173
101
513.173 517.860
102
517.860 522.330
103
522.330 527.280
104
527.280 532.850
105
532.850 537.607
106
537.607 542.736
107
542.736 546.740
108
546.740 551.865
109
551.865 557.260
110
557.260 560.756
111
560.756 566.861
112
566.861 572.689
113
572.689 575.230
114
575.230 580.067
115
580.067 586.189
116
586.189 592.733
117
592.733 598.148
118
598.148 603.740
119
603.740 608.919
120
608.919 615.243
121
615.243 620.236
122
620.236 625.485
123
625.485 631.210
124
631.210 636.381
125
636.381 639.335
126
639.335 644.428
127
644.428 649.508
128
649.508 654.975
129
654.975 661.110
130
661.110 665.775
131
665.775 669.700
132
669.700 674.247
133
674.247 675.584
134
675.584 680.418
135
680.418 684.290
136
684.290 688.890
137
692.180 700.112
138
700.112 705.170
139
705.170 710.235
140
710.235 715.064
141
715.064 720.307
142
720.307 726.034
143
726.034 731.030
144
731.030 735.654
145
735.654 739.210
146
739.210 744.899
147
744.899 750.350
148
750.350 752.965
149
752.965 757.756
150
757.756 762.843
151
762.843 767.200
152
767.200 771.958
153
771.958 776.791
154
776.791 780.250
155
780.250 784.880
156
784.880 787.020
157
787.020 793.050
