0
0.000 3.315
1
3.315 7.310
2
7.310 11.497
3
11.497 14.670
4
14.670 19.225
5
19.225 23.780
6
23.780 29.670
7
29.670 32.159
8
32.159 36.150
9
36.150 42.486
10
42.486 48.290
11
48.290 52.320
12
52.320 57.172
13
57.172 63.910
14
63.910 71.090
15
71.090 74.235
16
74.235 78.490
17
78.490 83.240
18
83.240 87.990
19
87.990 91.720
20
91.720 97.950
21
97.950 103.341
22
103.341 108.590
23
108.590 112.170
24
112.170 117.556
25
117.556 122.660
26
122.660 128.710
27
128.710 133.114
28
133.114 136.440
29
136.440 141.460
30
141.460 145.420
31
145.420 148.950
32
148.950 153.090
33
153.090 156.708
34
156.708 161.000
35
161.000 164.202
36
164.202 168.402
37
168.402 172.170
38
172.170 176.324
39
176.324 179.540
40
179.540 183.720
