0
0.000 6.730
1
6.730 12.600
2
12.600 18.804
3
18.804 24.380
4
24.380 29.351
5
29.351 34.080
6
34.080 39.014
7
39.014 41.140
8
41.140 46.130
9
46.130 50.784
10
50.784 56.010
11
56.010 61.039
12
61.039 66.310
13
66.310 73.416
14
73.416 80.869
15
80.869 85.686
16
85.686 89.820
17
89.820 94.200
18
94.200 97.880
19
97.880 102.010
20
102.010 106.735
21
106.735 111.460
22
111.460 116.139
23
116.139 121.070
24
121.070 125.300
25
125.300 127.990
26
127.990 133.937
27
133.937 139.551
28
139.551 144.379
29
144.379 148.947
30
148.947 156.740
31
156.740 164.160
32
164.160 169.140
33
169.140 175.732
34
175.732 180.806
35
180.806 186.160
36
186.160 191.362
37
191.362 196.508
38
196.508 201.718
39
201.718 206.090
40
206.090 211.030
41
211.030 215.190
42
215.190 221.470
43
221.470 226.480
44
226.480 231.840
45
231.840 236.656
46
236.656 242.339
47
242.339 247.730
48
247.730 252.677
49
252.677 254.580
50
254.580 258.176
51
258.176 261.620
52
261.620 265.120
53
265.120 269.903
54
269.903 273.390
