0
0.000 0.664
1
0.664 7.157
2
7.157 12.340
3
12.340 17.360
4
17.360 22.655
5
22.655 27.580
6
27.580 33.310
7
33.310 38.030
8
38.030 42.020
9
42.020 48.680
10
48.680 54.228
11
54.228 61.850
12
61.850 67.274
13
67.274 72.740
14
72.740 77.060
15
77.060 81.070
16
81.070 86.726
17
86.726 91.839
18
91.839 98.090
19
98.090 103.470
20
103.470 109.108
21
109.108 112.950
22
112.950 118.700
23
118.700 122.300
24
122.300 127.476
25
127.476 133.615
26
133.615 137.465
27
137.465 141.580
28
141.580 147.730
29
147.730 152.739
30
152.739 157.690
31
157.690 160.601
32
160.601 164.650
33
164.650 171.359
34
171.359 176.600
35
176.600 181.740
36
181.740 187.040
37
187.040 193.090
38
193.090 198.151
39
198.151 203.370
40
203.370 210.370
41
210.370 214.702
42
214.702 218.560
43
218.560 223.683
44
223.683 228.860
45
228.860 234.363
46
234.363 237.470
47
237.470 241.790
48
241.790 245.080
49
245.080 250.930
50
250.930 255.280
51
255.280 259.368
52
259.368 265.730
