0
0.000 3.686
1
3.686 6.402
2
6.402 9.970
3
9.970 16.570
4
16.570 21.830
5
21.830 28.030
6
28.030 33.536
7
33.536 38.683
8
38.683 43.877
9
43.877 50.160
10
50.160 55.845
11
55.845 62.170
12
62.170 68.072
13
68.072 75.360
14
75.360 80.330
15
80.330 84.860
16
84.860 90.370
17
90.370 93.149
18
93.149 96.370
19
96.370 99.792
20
99.792 103.230
21
103.230 107.138
22
107.138 111.992
23
111.992 116.460
24
116.460 119.841
25
119.841 123.200
26
123.200 128.410
27
128.410 132.057
28
132.057 134.450
29
134.450 140.140
30
140.140 145.207
31
145.207 150.240
32
150.240 154.824
33
154.824 160.000
34
160.000 165.010
35
165.010 169.820
36
169.820 173.481
37
173.481 178.819
38
178.819 184.315
39
184.315 189.417
40
189.417 195.520
41
195.520 200.528
42
200.528 205.060
43
205.060 209.310
44
209.310 214.431
45
214.431 220.470
46
220.470 225.307
47
225.307 225.840
48
225.840 229.891
49
229.891 234.677
50
234.677 239.270
51
239.270 244.162
52
244.162 244.770
53
244.770 248.684
54
248.684 254.108
55
254.108 260.500
