0
0.000 0.505
1
0.505 6.951
2
6.951 11.510
3
11.510 16.830
4
16.830 19.855
5
19.855 24.385
6
24.385 31.940
7
31.940 39.709
8
39.709 46.010
9
46.010 50.924
10
50.924 53.570
11
53.570 57.952
12
57.952 63.250
13
63.250 67.544
14
67.544 72.567
15
72.567 77.906
16
77.906 83.290
17
83.290 88.451
18
88.451 93.070
19
93.070 98.149
20
98.149 103.908
21
103.908 110.470
22
110.470 115.177
23
115.177 120.272
24
120.272 123.900
25
123.900 128.910
26
128.910 134.920
27
134.920 139.088
28
139.088 142.694
29
142.694 147.580
30
147.580 153.782
31
153.782 159.800
32
159.800 164.808
33
164.808 170.179
34
170.179 175.064
35
175.064 179.940
36
179.940 184.667
37
184.667 189.680
38
189.680 194.294
39
194.294 200.951
40
200.951 205.420
41
205.420 209.955
42
209.955 214.440
43
214.440 217.031
44
217.031 222.460
45
222.460 226.900
46
226.900 231.450
47
231.450 237.990
48
237.990 240.108
49
240.108 245.220
50
245.220 251.481
51
251.481 257.408
52
257.408 262.284
53
262.284 265.070
54
265.070 270.469
55
270.469 275.560
56
275.560 280.012
57
280.012 284.707
58
284.707 289.530
