0
0.000 0.747
1
0.747 5.874
2
5.874 10.638
3
10.638 15.330
4
15.330 19.490
5
19.490 24.520
6
24.520 29.531
7
29.531 34.522
8
34.522 39.633
9
39.633 45.915
10
45.915 51.294
11
51.294 58.140
12
58.140 63.030
13
63.030 67.810
14
67.810 72.540
15
72.540 78.300
16
78.300 82.210
17
82.210 87.310
18
87.310 92.291
19
92.291 94.110
20
94.110 96.688
21
96.688 101.850
22
101.850 106.661
23
106.661 109.380
24
109.380 114.270
25
114.270 118.500
26
118.500 122.970
27
122.970 127.554
28
127.554 128.660
29
128.660 133.488
30
133.488 138.625
31
138.625 144.686
32
144.686 148.670
33
148.670 154.881
34
154.881 161.130
35
161.130 165.840
36
165.840 170.650
37
170.650 172.180
38
172.180 177.776
39
177.776 184.640
40
184.640 189.730
41
189.730 194.820
42
194.820 201.423
43
201.423 206.450
44
206.450 211.448
45
211.448 216.414
46
216.414 221.867
47
221.867 223.560
48
223.560 227.535
49
227.535 232.520
50
232.520 238.197
51
238.197 244.170
52
244.170 249.169
53
249.169 254.395
54
254.395 259.330
55
259.330 261.568
56
261.568 266.616
57
266.616 272.720
