0
0.000 0.575
1
0.575 6.110
2
6.110 11.070
3
11.070 15.700
4
15.700 20.710
5
20.710 25.358
6
25.358 30.440
7
30.440 36.076
8
36.076 40.818
9
40.818 44.270
10
44.270 49.338
11
49.338 54.330
12
54.330 60.040
13
60.040 64.580
14
64.580 69.102
15
69.102 73.610
16
73.610 78.630
17
78.630 85.089
18
85.089 89.470
19
89.470 91.508
20
91.508 95.520
21
95.520 100.461
22
100.461 105.463
23
105.463 110.867
24
110.867 116.034
25
116.034 123.150
26
123.150 128.292
27
128.292 133.472
28
133.472 139.546
29
139.546 144.339
30
144.339 146.820
31
146.820 151.979
32
151.979 156.982
33
156.982 161.871
34
161.871 167.822
35
167.822 174.210
36
174.210 181.507
37
181.507 186.918
38
186.918 192.220
39
192.220 197.160
40
197.160 201.561
41
201.561 205.700
42
205.700 210.885
43
210.885 215.773
44
215.773 221.190
45
221.190 225.691
46
225.691 229.500
47
229.500 235.500
48
235.500 239.750
49
239.750 242.535
50
242.535 247.750
51
247.750 252.718
52
252.718 257.899
