0
0.000 4.685
1
4.685 7.790
2
7.790 12.867
3
12.867 17.010
4
17.010 21.868
5
21.868 24.680
6
24.680 29.363
7
29.363 32.470
8
32.470 36.108
9
36.108 41.035
10
41.035 41.890
11
41.890 47.040
12
47.040 51.542
13
51.542 55.840
14
55.840 59.369
15
59.369 62.400
16
62.400 67.324
17
67.324 70.110
18
70.110 73.443
19
73.443 76.240
20
76.240 81.235
21
81.235 82.090
22
82.090 87.181
23
87.181 92.250
24
92.250 97.103
25
97.103 98.920
26
98.920 103.280
27
103.280 104.650
28
104.650 110.094
29
110.094 113.968
30
113.968 118.520
31
118.520 123.525
32
123.525 128.530
33
128.530 132.453
34
132.453 132.970
35
132.970 137.285
36
137.285 141.600
37
141.600 145.272
38
145.272 147.120
39
147.120 152.398
40
152.398 157.878
41
157.878 163.097
42
163.097 168.587
43
168.587 173.110
44
173.110 178.637
45
178.637 183.892
46
183.892 189.050
47
189.050 194.580
48
194.580 196.316
49
196.316 199.540
50
199.540 204.857
51
204.857 210.103
52
210.103 214.380
53
214.380 219.562
54
219.562 224.751
55
224.751 230.410
56
230.410 235.940
57
235.940 241.408
58
241.408 247.790
59
247.790 253.225
60
253.225 258.660
61
258.660 263.652
62
263.652 268.112
63
268.112 273.062
64
273.062 277.964
65
277.964 283.050
66
283.050 289.980
67
289.980 297.302
68
297.302 302.289
69
302.289 306.140
70
306.140 310.599
71
310.599 314.570
72
314.570 319.612
73
319.612 325.147
74
325.147 330.812
75
330.812 336.970
76
336.970 342.770
77
342.770 349.661
78
349.661 354.102
79
354.102 359.750
