0
0.000 1.581
1
1.581 6.550
2
6.550 11.113
3
11.113 15.250
4
15.250 20.416
5
20.416 25.504
6
25.504 30.480
7
30.480 35.440
8
35.440 40.433
9
40.433 45.370
10
45.370 48.114
11
48.114 53.520
12
53.520 58.574
13
58.574 63.189
14
63.189 67.845
15
67.845 73.260
16
73.260 76.526
17
76.526 81.156
18
81.156 84.740
19
84.740 90.260
20
90.260 96.327
21
96.327 101.800
22
101.800 106.252
23
106.252 110.694
24
110.694 115.610
25
115.610 120.914
26
120.914 127.760
27
127.760 132.700
28
132.700 135.335
29
135.335 139.909
30
139.909 145.939
31
145.939 151.252
32
151.252 156.518
33
156.518 161.654
34
161.654 167.183
35
167.183 172.590
36
172.590 177.775
37
177.775 183.440
38
183.440 188.589
39
188.589 194.243
40
194.243 200.040
41
200.040 207.075
42
207.075 213.260
43
213.260 216.725
44
216.725 220.440
45
220.440 226.090
46
226.090 231.017
47
231.017 235.913
48
235.913 240.891
49
240.891 244.862
50
244.862 248.420
51
248.420 253.368
52
253.368 258.365
53
258.365 262.356
54
262.356 267.564
55
267.564 272.985
56
272.985 278.025
57
278.025 283.140
58
283.140 287.261
59
287.261 291.050
60
291.050 295.740
61
295.740 298.400
62
298.400 302.760
63
302.760 307.627
64
307.627 313.210
