0
0.000 0.676
1
0.676 5.375
2
5.375 8.858
3
8.858 11.750
4
11.750 16.311
5
16.311 20.900
6
20.900 24.536
7
24.536 27.093
8
27.093 32.801
9
32.801 35.700
10
35.700 39.306
11
39.306 44.517
12
44.517 49.000
13
49.000 53.505
14
53.505 56.308
15
56.308 58.010
16
58.010 63.014
17
63.014 68.317
18
68.317 70.970
19
70.970 73.754
20
73.754 77.273
21
77.273 82.390
22
82.390 87.410
23
87.410 91.880
24
91.880 94.598
25
94.598 98.970
26
98.970 104.063
27
104.063 108.930
28
108.930 113.725
29
113.725 116.860
30
116.860 121.800
31
121.800 124.811
32
124.811 128.791
33
128.791 133.260
34
133.260 136.790
35
136.790 141.253
36
141.253 144.968
37
144.968 147.860
38
147.860 151.961
39
151.961 153.710
40
153.710 159.435
41
159.435 164.196
42
164.196 164.880
