0
0.000 6.347
1
6.347 10.488
2
10.488 17.380
3
17.380 23.041
4
23.041 28.848
5
28.848 35.055
6
35.055 40.590
7
40.590 45.980
8
45.980 51.684
9
51.684 56.561
10
56.561 61.503
11
61.503 66.690
12
66.690 69.873
13
69.873 74.244
14
74.244 79.230
15
79.230 84.490
16
84.490 89.515
17
89.515 95.051
18
95.051 101.005
19
101.005 107.304
20
107.304 111.540
21
111.540 115.203
22
115.203 120.229
23
120.229 124.814
24
124.814 129.416
25
129.416 134.510
26
134.510 139.280
27
139.280 146.810
28
146.810 151.328
29
151.328 156.590
30
156.590 157.886
31
157.886 161.127
32
161.127 166.960
33
166.960 172.051
34
172.051 178.200
35
178.200 184.391
36
184.391 189.756
37
189.756 194.380
38
194.380 198.332
39
198.332 203.095
40
203.095 206.980
41
206.980 211.829
42
211.829 216.530
43
216.530 222.641
44
222.641 229.750
45
229.750 234.690
46
234.690 239.130
47
239.130 242.250
48
242.250 247.166
49
247.166 251.757
50
251.757 257.703
51
257.703 263.710
52
263.710 268.479
53
268.479 272.357
54
272.357 276.053
55
276.053 280.820
56
280.820 285.380
57
285.380 291.020
58
291.020 296.261
59
296.261 301.651
60
301.651 305.683
61
305.683 312.090
62
312.090 317.005
63
317.005 321.673
64
321.673 327.100
65
327.100 332.171
66
332.171 336.297
67
336.297 341.517
68
341.517 346.990
69
346.990 351.827
70
351.827 356.338
71
356.338 360.810
72
360.810 365.400
73
365.400 372.842
74
372.842 378.334
75
378.334 385.585
76
385.585 390.584
77
390.584 394.830
78
394.830 398.661
79
398.661 401.694
80
401.694 404.975
81
404.975 409.060
82
409.060 416.646
83
416.646 420.680
84
420.680 427.435
85
427.435 432.050
86
432.050 437.882
87
437.882 443.211
88
443.211 448.124
89
448.124 449.810
90
449.810 453.468
91
453.468 459.289
92
459.289 461.490
93
461.490 465.527
94
465.527 467.805
95
467.805 474.120
96
474.120 478.476
97
478.476 483.125
98
483.125 488.380
99
488.380 493.669
100
493.669 497.694
101
497.694 502.155
102
502.155 507.133
103
507.133 510.021
104
510.021 515.950
105
515.950 520.143
106
520.143 524.646
107
524.646 527.640
108
527.640 531.143
109
531.143 536.014
110
536.014 539.790
111
539.790 544.304
112
544.304 548.478
113
548.478 554.240
114
554.240 559.408
115
559.408 565.859
116
565.859 570.790
117
570.790 576.738
118
576.738 581.775
119
581.775 588.380
120
588.380 593.428
121
593.428 599.114
122
599.114 604.589
123
604.589 610.210
124
610.210 614.957
125
614.957 617.700
126
617.700 622.471
127
622.471 628.303
128
628.303 633.412
129
633.412 635.570
130
635.570 640.601
131
640.601 645.485
132
645.485 650.375
133
650.375 653.613
134
653.613 659.240
135
659.240 667.100
136
667.100 672.994
137
672.994 677.480
138
677.480 683.635
139
683.635 688.638
140
688.638 694.745
141
694.745 699.052
142
699.052 704.970
143
704.970 709.896
144
709.896 714.340
145
714.340 720.440
146
720.440 725.305
147
725.305 730.530
148
730.530 734.021
149
734.021 739.202
150
739.202 745.336
151
745.336 749.627
152
749.627 754.721
153
754.721 760.902
154
760.902 764.771
155
764.771 769.302
156
769.302 773.369
157
773.369 778.106
158
778.106 784.294
159
784.294 791.155
160
791.155 796.532
161
796.532 802.123
162
802.123 807.797
163
807.797 812.876
164
812.876 819.091
165
819.091 824.737
166
824.737 829.858
167
829.858 836.679
168
836.679 841.751
169
841.751 846.967
170
846.967 853.040
171
853.040 857.250
172
857.250 862.530
173
862.530 867.810
174
867.810 873.394
175
873.394 879.381
176
879.381 885.620
177
885.620 891.101
178
891.101 895.837
179
895.837 899.921
180
899.921 903.930
181
903.930 908.303
182
908.303 914.113
183
914.113 917.650
184
917.650 921.880
185
921.880 926.110
186
926.110 931.706
187
931.706 936.722
188
936.722 941.875
189
941.875 947.643
190
947.643 953.350
191
953.350 957.318
192
957.318 958.165
193
958.165 962.980
