0
0.000 0.573
1
0.573 6.200
2
6.200 11.420
3
11.420 16.370
4
16.370 19.647
5
19.647 24.482
6
24.482 28.580
7
28.580 34.238
8
34.238 38.740
9
38.740 43.848
10
43.848 50.830
11
50.830 54.323
12
54.323 59.196
13
59.196 64.205
14
64.205 68.940
15
68.940 74.530
16
74.530 78.359
17
78.359 80.920
18
80.920 83.369
19
83.369 86.632
20
86.632 90.230
21
90.230 95.030
22
95.030 100.018
23
100.018 104.462
24
104.462 109.460
25
109.460 117.311
26
117.311 122.240
27
122.240 130.020
28
130.020 135.430
29
135.430 140.476
30
140.476 145.381
31
145.381 150.517
32
150.517 156.184
33
156.184 161.143
34
161.143 166.240
35
166.240 173.780
36
173.780 178.795
37
178.795 183.810
38
183.810 188.320
39
188.320 193.181
40
193.181 198.180
41
198.180 204.110
42
204.110 210.205
43
210.205 214.636
44
214.636 219.605
45
219.605 224.320
46
224.320 230.007
47
230.007 235.059
48
235.059 240.400
49
240.400 245.295
50
245.295 250.190
51
250.190 255.320
52
255.320 260.350
53
260.350 265.807
54
265.807 272.078
55
272.078 278.110
56
278.110 281.290
57
281.290 286.790
58
286.790 293.026
59
293.026 299.212
60
299.212 304.650
61
304.650 311.180
62
311.180 314.990
63
314.990 319.770
64
319.770 325.015
65
325.015 331.230
66
331.230 333.532
67
333.532 339.230
68
339.230 342.420
69
342.420 346.911
70
346.911 351.737
71
351.737 354.890
72
354.890 361.286
73
361.286 366.050
74
366.050 370.910
75
370.910 375.950
76
375.950 381.020
77
381.020 384.431
78
384.431 389.160
79
389.160 394.652
80
394.652 401.150
81
401.150 407.220
82
407.220 410.370
83
410.370 417.107
84
417.107 422.312
85
422.312 428.735
86
428.735 433.870
87
433.870 437.604
88
437.604 442.869
89
442.869 448.302
90
448.302 452.600
91
452.600 456.767
92
456.767 461.752
93
461.752 466.588
94
466.588 469.770
95
469.770 475.195
96
475.195 481.860
97
481.860 486.030
98
486.030 493.008
99
493.008 497.490
100
497.490 502.623
101
502.623 507.793
102
507.793 512.798
103
512.798 516.850
