0
0.000 0.718
1
0.718 5.320
2
5.320 9.590
3
9.590 13.860
4
13.860 17.970
5
17.970 21.995
6
21.995 27.932
7
27.932 34.530
8
34.530 39.703
9
39.703 45.078
10
45.078 49.430
11
49.430 51.420
12
51.420 55.840
13
55.840 60.845
14
60.845 65.447
15
65.447 69.780
16
69.780 75.980
17
75.980 80.980
18
80.980 82.917
19
82.917 88.230
20
88.230 93.972
21
93.972 100.280
22
100.280 105.064
23
105.064 110.366
24
110.366 115.717
25
115.717 122.810
26
122.810 127.652
27
127.652 132.419
28
132.419 137.316
29
137.316 144.010
30
144.010 149.720
31
149.720 152.849
32
152.849 157.874
33
157.874 163.900
34
163.900 166.598
35
166.598 171.590
36
171.590 176.130
37
176.130 180.970
38
180.970 187.500
39
187.500 189.583
40
189.583 194.570
41
194.570 199.890
42
199.890 202.020
43
202.020 207.130
44
207.130 211.564
45
211.564 215.487
46
215.487 221.188
47
221.188 225.810
48
225.810 231.416
49
231.416 235.810
50
235.810 239.700
51
239.700 244.320
52
244.320 247.680
53
247.680 252.521
54
252.521 255.080
55
255.080 260.299
56
260.299 263.730
57
263.730 268.675
58
268.675 271.270
59
271.270 274.045
60
274.045 276.690
61
276.690 281.950
62
281.950 285.310
63
285.310 288.929
64
288.929 292.910
65
292.910 298.111
66
298.111 304.082
67
304.082 307.146
68
307.146 310.080
69
310.080 313.733
70
313.733 316.410
71
316.410 319.780
72
319.780 322.670
73
322.670 325.399
74
325.399 330.210
75
330.210 333.052
76
333.052 336.430
