0
0.000 0.631
1
0.631 6.810
2
6.810 12.195
3
12.195 14.151
4
14.151 17.510
5
17.510 22.740
6
22.740 23.929
7
23.929 28.154
8
28.154 30.740
9
30.740 34.166
10
34.166 37.840
11
37.840 41.700
12
41.700 46.356
13
46.356 50.660
14
50.660 54.107
15
54.107 57.783
16
57.783 61.140
17
61.140 66.715
18
66.715 72.290
19
72.290 79.886
20
79.886 83.840
21
83.840 88.330
22
88.330 92.940
23
92.940 97.110
24
97.110 101.220
25
101.220 106.742
26
106.742 111.010
27
111.010 112.258
28
112.258 115.914
29
115.914 118.150
30
118.150 122.600
31
122.600 126.014
32
126.014 129.780
33
129.780 135.110
34
135.110 140.203
35
140.203 145.120
36
145.120 150.153
37
150.153 156.600
38
156.600 161.746
39
161.746 166.825
40
166.825 173.780
41
173.780 179.820
