0
0.000 0.572
1
0.572 5.611
2
5.611 10.960
3
10.960 14.708
4
14.708 18.620
5
18.620 25.592
6
25.592 31.140
7
31.140 36.704
8
36.704 41.733
9
41.733 46.060
10
46.060 51.137
11
51.137 59.230
12
59.230 64.455
13
64.455 71.862
14
71.862 76.358
15
76.358 80.589
16
80.589 84.630
17
84.630 87.896
18
87.896 92.912
19
92.912 98.642
20
98.642 103.569
21
103.569 108.486
22
108.486 113.300
23
113.300 118.697
24
118.697 123.679
25
123.679 129.350
26
129.350 134.590
27
134.590 137.997
28
137.997 142.980
29
142.980 147.980
30
147.980 150.490
31
150.490 154.370
32
154.370 158.760
33
158.760 163.376
34
163.376 168.220
35
168.220 173.554
36
173.554 180.745
37
180.745 186.035
38
186.035 190.953
39
190.953 195.759
40
195.759 200.650
41
200.650 207.180
42
207.180 212.025
43
212.025 216.929
44
216.929 221.903
45
221.903 227.130
46
227.130 231.969
47
231.969 236.607
48
236.607 242.306
49
242.306 247.595
50
247.595 252.673
51
252.673 257.770
52
257.770 263.045
53
263.045 268.057
54
268.057 273.145
55
273.145 281.282
56
281.282 286.369
57
286.369 291.269
58
291.269 295.910
59
295.910 300.040
60
300.040 305.351
61
305.351 310.857
62
310.857 315.885
63
315.885 321.350
64
321.350 326.361
65
326.361 332.470
66
332.470 337.255
67
337.255 339.820
68
339.820 342.451
69
342.451 346.050
70
346.050 351.140
71
351.140 354.340
72
354.340 358.608
73
358.608 360.880
74
360.880 365.689
75
365.689 367.675
76
367.675 370.914
77
370.914 375.825
78
375.825 380.460
