0
0.000 2.894
1
2.894 6.970
2
6.970 12.090
3
12.090 18.249
4
18.249 24.299
5
24.299 28.921
6
28.921 30.440
7
30.440 35.336
8
35.336 39.260
9
39.260 42.920
10
42.920 46.500
11
46.500 50.724
12
50.724 55.658
13
55.658 60.162
14
60.162 64.859
15
64.859 69.250
16
69.250 74.350
17
74.350 77.680
18
77.680 82.418
19
82.418 87.123
20
87.123 92.071
21
92.071 99.135
22
99.135 104.762
23
104.762 109.810
24
109.810 114.840
25
114.840 119.870
26
119.870 125.384
27
125.384 130.366
28
130.366 133.610
29
133.610 139.670
30
139.670 145.330
