0
0.000 5.164
1
5.164 6.020
2
6.020 11.010
3
11.010 14.650
4
14.650 19.368
5
19.368 23.978
6
23.978 26.810
7
26.810 31.552
8
31.552 34.140
9
34.140 37.236
10
37.236 40.480
11
40.480 45.250
12
45.250 47.752
13
47.752 49.592
14
49.592 52.970
15
52.970 57.742
16
57.742 62.440
17
62.440 64.490
18
64.490 69.592
19
69.592 74.670
20
74.670 79.239
21
79.239 83.320
22
83.320 87.896
23
87.896 89.819
24
89.819 93.870
25
93.870 96.264
26
96.264 100.900
27
100.900 105.145
28
105.145 110.316
29
110.316 113.860
30
113.860 122.410
31
122.410 126.720
32
126.720 133.610
33
133.610 139.020
