0
0.000 5.660
1
5.660 11.320
2
11.320 17.790
3
17.790 25.940
4
25.940 30.900
5
30.900 36.284
6
36.284 41.159
7
41.159 44.735
8
44.735 49.800
9
49.800 50.807
10
50.807 55.590
11
55.590 60.140
12
60.140 63.022
13
63.022 65.960
14
65.960 70.234
15
70.234 73.420
16
73.420 78.018
17
78.018 82.247
18
82.247 87.270
19
87.270 91.114
20
91.114 93.772
21
93.772 97.700
22
97.700 102.659
23
102.659 105.630
24
105.630 110.285
25
110.285 115.022
26
115.022 118.560
27
118.560 123.020
28
123.020 128.267
29
128.267 134.660
30
134.660 139.435
31
139.435 143.359
32
143.359 146.240
33
146.240 150.770
34
150.770 156.340
35
156.340 160.087
36
160.087 164.800
37
164.800 167.747
38
167.747 171.459
39
171.459 174.280
40
174.280 180.504
41
180.504 184.190
42
184.190 189.103
43
189.103 193.590
44
193.590 198.720
45
198.720 204.052
46
204.052 207.507
47
207.507 211.610
48
211.610 216.927
49
216.927 222.090
50
222.090 227.770
51
227.770 231.422
52
231.422 234.500
53
234.500 239.303
54
239.303 242.790
55
242.790 245.931
56
245.931 250.054
57
250.054 255.050
58
255.050 259.103
59
259.103 263.130
60
263.130 269.630
61
269.630 272.965
62
272.965 278.720
63
278.720 282.490
64
282.490 285.264
65
285.264 289.364
66
289.364 293.430
67
293.430 299.066
68
299.066 302.750
69
302.750 308.085
70
308.085 312.180
71
312.180 316.745
72
316.745 321.310
73
321.310 326.520
74
326.520 332.050
