0
0.000 4.710
1
4.710 8.611
2
8.611 11.480
3
11.480 16.141
4
16.141 17.090
5
17.090 19.952
6
19.952 22.750
7
22.750 29.341
8
29.341 34.503
9
34.503 38.270
10
38.270 42.544
11
42.544 45.280
12
45.280 49.312
13
49.312 52.120
14
52.120 56.911
15
56.911 58.960
16
58.960 62.160
17
62.160 66.624
18
66.624 71.450
19
71.450 73.460
20
73.460 77.542
21
77.542 81.170
22
81.170 85.946
23
85.946 90.450
24
90.450 92.629
25
92.629 96.470
26
96.470 100.720
27
100.720 105.648
28
105.648 106.500
29
106.500 114.530
30
114.530 119.130
31
119.130 124.350
32
124.350 126.813
33
126.813 131.624
34
131.624 133.793
35
133.793 139.220
36
139.220 145.273
37
145.273 150.860
38
150.860 155.740
39
155.740 159.381
40
159.381 162.060
41
162.060 167.224
42
167.224 173.670
43
173.670 177.879
44
177.879 183.008
45
183.008 189.030
46
189.030 194.010
47
194.010 199.030
48
199.030 203.795
49
203.795 208.253
50
208.253 212.190
51
212.190 215.171
52
215.171 219.905
53
219.905 221.270
54
221.270 225.402
55
225.402 226.200
56
226.200 231.130
57
231.130 236.010
58
236.010 240.360
59
240.360 244.122
60
244.122 247.057
61
247.057 251.340
62
251.340 254.450
63
254.450 260.060
64
260.060 264.255
65
264.255 268.450
66
268.450 274.030
67
274.030 276.251
68
276.251 281.112
69
281.112 282.920
70
282.920 286.052
71
286.052 290.150
72
290.150 293.918
73
293.918 298.640
74
298.640 304.315
75
304.315 306.110
76
306.110 312.920
77
312.920 316.290
78
316.290 322.080
79
322.080 326.820
80
326.820 332.296
81
332.296 336.930
82
336.930 342.620
83
342.620 347.568
84
347.568 350.750
85
350.750 355.522
86
355.522 359.650
87
359.650 364.413
88
364.413 367.280
89
367.280 373.255
90
373.255 379.230
