0
0.000 2.704
1
2.704 8.381
2
8.381 12.670
3
12.670 16.815
4
16.815 21.349
5
21.349 26.324
6
26.324 28.680
7
28.680 33.036
8
33.036 37.302
9
37.302 40.379
10
40.379 44.469
11
44.469 46.130
12
46.130 51.900
13
51.900 56.106
14
56.106 57.300
15
57.300 62.440
16
62.440 69.477
17
69.477 75.974
18
75.974 81.180
19
81.180 87.390
20
87.390 91.725
21
91.725 96.060
22
96.060 102.220
23
102.220 109.553
24
109.553 115.020
25
115.020 120.790
26
120.790 124.010
27
124.010 127.940
28
127.940 132.876
29
132.876 137.460
30
137.460 142.357
31
142.357 145.380
32
145.380 149.170
33
149.170 154.270
34
154.270 159.466
35
159.466 164.535
36
164.535 169.314
37
169.314 171.440
38
171.440 174.590
39
174.590 179.915
40
179.915 184.683
41
184.683 189.390
42
189.390 194.456
43
194.456 199.610
44
199.610 205.462
45
205.462 211.620
46
211.620 214.728
47
214.728 217.840
48
217.840 223.340
49
223.340 227.169
50
227.169 228.840
51
228.840 233.675
52
233.675 236.100
53
236.100 240.644
54
240.644 244.060
