0
0.000 7.143
1
7.143 14.468
2
14.468 19.480
3
19.480 24.461
4
24.461 29.689
5
29.689 34.975
6
34.975 41.159
7
41.159 46.453
8
46.453 49.430
9
49.430 51.175
10
51.175 56.396
11
56.396 63.609
12
63.609 65.020
13
65.020 69.343
14
69.343 73.677
15
73.677 78.545
16
78.545 83.040
17
83.040 87.881
18
87.881 90.520
19
90.520 95.309
20
95.309 98.280
21
98.280 101.196
22
101.196 106.686
23
106.686 112.287
24
112.287 115.604
25
115.604 119.719
26
119.719 124.540
27
124.540 126.746
28
126.746 132.493
29
132.493 137.508
30
137.508 142.891
31
142.891 147.986
32
147.986 152.620
33
152.620 158.558
34
158.558 164.610
35
164.610 169.003
36
169.003 172.900
37
172.900 178.200
38
178.200 182.016
39
182.016 185.840
40
185.840 190.014
41
190.014 193.808
42
193.808 201.088
43
201.088 206.072
44
206.072 211.127
45
211.127 215.023
46
215.023 220.007
47
220.007 224.979
48
224.979 230.274
49
230.274 235.370
50
235.370 241.477
51
241.477 244.742
52
244.742 249.642
53
249.642 254.204
54
254.204 259.385
55
259.385 264.213
56
264.213 270.450
57
270.450 276.068
58
276.068 282.920
59
282.920 288.819
60
288.819 295.150
61
295.150 300.034
62
300.034 303.646
63
303.646 308.735
64
308.735 313.530
65
313.530 319.330
66
319.330 325.130
