0
0.000 1.883
1
1.883 6.832
2
6.832 9.240
3
9.240 13.850
4
13.850 18.380
5
18.380 22.550
6
22.550 28.100
7
28.100 35.170
8
35.170 40.285
9
40.285 45.120
10
45.120 49.725
11
49.725 53.180
12
53.180 57.180
13
57.180 62.260
14
62.260 67.380
15
67.380 71.198
16
71.198 73.600
17
73.600 77.100
18
77.100 84.230
19
84.230 88.680
20
88.680 93.201
21
93.201 97.600
22
97.600 103.317
23
103.317 108.120
24
108.120 112.993
25
112.993 116.020
26
116.020 122.283
27
122.283 127.610
28
127.610 132.844
29
132.844 138.390
30
138.390 139.560
31
139.560 144.000
32
144.000 148.607
33
148.607 150.240
34
150.240 154.652
35
154.652 158.792
36
158.792 163.590
37
163.590 167.650
38
167.650 171.710
39
171.710 176.469
40
176.469 181.780
41
181.780 187.700
42
187.700 194.220
43
194.220 199.300
44
199.300 204.020
45
204.020 207.086
46
207.086 211.959
47
211.959 215.007
48
215.007 218.250
49
218.250 223.530
50
223.530 228.298
51
228.298 233.039
52
233.039 236.740
53
236.740 239.760
54
239.760 244.498
55
244.498 246.920
56
246.920 251.783
57
251.783 255.810
58
255.810 260.502
59
260.502 263.455
60
263.455 267.885
61
267.885 269.420
62
269.420 271.142
63
271.142 276.158
64
276.158 281.073
65
281.073 284.827
66
284.827 289.330
67
289.330 294.969
68
294.969 300.760
69
300.760 306.130
70
306.130 311.460
71
311.460 313.129
72
313.129 317.846
73
317.846 320.145
74
320.145 322.645
75
322.645 326.020
76
326.020 332.470
77
332.470 337.080
78
337.080 342.410
79
342.410 347.095
80
347.095 351.780
81
351.780 355.875
82
355.875 359.970
83
359.970 365.059
84
365.059 367.660
85
367.660 371.440
86
371.440 377.730
87
377.730 382.827
88
382.827 387.855
89
387.855 391.870
90
391.870 397.518
91
397.518 402.275
92
402.275 405.040
93
405.040 409.821
94
409.821 413.260
95
413.260 417.820
96
417.820 420.700
97
420.700 424.171
98
424.171 425.810
99
425.810 430.920
