0
0.000 4.628
1
4.628 6.360
2
6.360 10.738
3
10.738 16.396
4
16.396 21.260
5
21.260 26.764
6
26.764 31.458
7
31.458 36.210
8
36.210 40.976
9
40.976 46.015
10
46.015 50.927
11
50.927 55.391
12
55.391 59.509
13
59.509 67.270
14
67.270 72.389
15
72.389 76.730
16
76.730 80.550
17
80.550 83.700
18
83.700 86.560
19
86.560 90.848
20
90.848 95.744
21
95.744 98.619
22
98.619 101.890
23
101.890 105.360
24
105.360 110.133
25
110.133 114.280
26
114.280 119.500
27
119.500 122.171
28
122.171 128.930
29
128.930 135.040
30
135.040 141.610
31
141.610 147.310
32
147.310 149.710
33
149.710 152.190
34
152.190 156.364
35
156.364 158.420
36
158.420 161.814
37
161.814 166.780
38
166.780 171.610
39
171.610 174.183
40
174.183 179.430
41
179.430 184.053
42
184.053 188.040
43
188.040 196.013
44
196.013 200.760
45
200.760 205.800
46
205.800 210.720
47
210.720 217.040
48
217.040 221.410
49
221.410 225.780
50
225.780 229.850
51
229.850 234.420
52
234.420 238.990
53
238.990 243.770
54
243.770 248.310
55
248.310 252.183
56
252.183 254.880
57
254.880 259.583
58
259.583 264.476
59
264.476 267.140
60
267.140 272.470
61
272.470 276.985
62
276.985 281.500
