0
0.000 3.515
1
3.515 8.510
2
8.510 13.854
3
13.854 18.130
4
18.130 21.230
5
21.230 25.300
6
25.300 30.010
7
30.010 35.410
8
35.410 36.155
9
36.155 42.226
10
42.226 47.170
11
47.170 52.846
12
52.846 57.324
13
57.324 59.910
14
59.910 64.155
15
64.155 68.400
16
68.400 72.960
17
72.960 77.520
18
77.520 82.790
19
82.790 87.955
20
87.955 93.120
21
93.120 97.947
22
97.947 104.320
23
104.320 105.693
24
105.693 111.765
25
111.765 116.632
26
116.632 121.610
27
121.610 126.740
28
126.740 132.520
29
132.520 138.839
30
138.839 144.090
31
144.090 151.030
32
151.030 155.225
33
155.225 159.420
34
159.420 162.372
35
162.372 164.890
36
164.890 168.883
37
168.883 173.435
38
173.435 177.950
39
177.950 182.700
40
182.700 186.279
41
186.279 190.630
42
190.630 197.470
43
197.470 202.605
44
202.605 207.020
45
207.020 211.285
46
211.285 215.550
47
215.550 220.343
48
220.343 225.057
49
225.057 230.040
50
230.040 235.133
51
235.133 240.236
52
240.236 245.890
53
245.890 247.390
54
247.390 253.120
