0
0.000 1.286
1
1.286 6.780
2
6.780 11.357
3
11.357 13.280
4
13.280 17.027
5
17.027 22.010
6
22.010 27.007
7
27.007 30.610
8
30.610 34.831
9
34.831 38.890
10
38.890 43.480
11
43.480 48.867
12
48.867 54.781
13
54.781 60.065
14
60.065 65.681
15
65.681 70.986
16
70.986 76.602
17
76.602 81.100
18
81.100 84.380
19
84.380 89.186
20
89.186 93.400
21
93.400 98.223
22
98.223 100.560
23
100.560 105.431
24
105.431 108.140
25
108.140 112.192
26
112.192 114.020
27
114.020 119.185
28
119.185 124.350
29
124.350 128.970
30
128.970 130.460
31
130.460 135.075
32
135.075 137.171
33
137.171 142.803
34
142.803 147.682
35
147.682 151.327
36
151.327 156.440
37
156.440 162.320
38
162.320 167.592
39
167.592 171.610
40
171.610 176.303
41
176.303 180.640
42
180.640 185.817
43
185.817 191.404
44
191.404 195.690
45
195.690 200.785
46
200.785 206.950
47
206.950 211.505
48
211.505 215.075
49
215.075 218.782
50
218.782 222.870
51
222.870 226.980
52
226.980 230.320
53
230.320 234.941
54
234.941 239.260
55
239.260 244.588
56
244.588 249.271
57
249.271 254.411
58
254.411 259.720
59
259.720 265.355
60
265.355 269.380
61
269.380 274.230
62
274.230 280.602
63
280.602 284.660
64
284.660 289.185
65
289.185 293.710
66
293.710 298.820
67
298.820 305.923
68
305.923 310.410
69
310.410 315.580
70
315.580 321.710
71
321.710 324.765
72
324.765 328.358
73
328.358 332.650
