0
0.000 4.772
1
4.772 9.290
2
9.290 14.405
3
14.405 19.520
4
19.520 24.374
5
24.374 29.387
6
29.387 34.300
7
34.300 40.031
8
40.031 45.449
9
45.449 49.002
10
49.002 53.460
11
53.460 57.930
12
57.930 62.566
13
62.566 66.740
14
66.740 69.750
15
69.750 75.020
16
75.020 80.290
17
80.290 85.114
18
85.114 90.018
19
90.018 94.758
20
94.758 97.095
21
97.095 101.160
22
101.160 107.200
23
107.200 111.630
24
111.630 116.060
25
116.060 121.043
26
121.043 123.160
27
123.160 128.092
28
128.092 130.140
29
130.140 134.016
30
134.016 135.690
31
135.690 139.301
32
139.301 142.510
33
142.510 148.301
34
148.301 151.543
35
151.543 158.130
36
158.130 162.649
37
162.649 167.250
38
167.250 168.859
39
168.859 172.085
40
172.085 176.920
41
176.920 179.847
42
179.847 181.440
43
181.440 185.620
44
185.620 188.232
45
188.232 192.000
46
192.000 196.820
47
196.820 199.970
48
199.970 203.120
49
203.120 207.666
50
207.666 209.972
51
209.972 214.120
52
214.120 218.394
53
218.394 222.100
54
222.100 224.220
55
224.220 228.671
56
228.671 234.018
57
234.018 237.341
58
237.341 241.660
59
241.660 247.430
60
247.430 250.860
61
250.860 256.290
62
256.290 262.341
63
262.341 267.240
64
267.240 271.845
65
271.845 276.450
66
276.450 279.806
67
279.806 284.780
68
284.780 288.528
69
288.528 292.200
70
292.200 295.740
71
295.740 299.308
72
299.308 303.930
73
303.930 308.812
74
308.812 311.876
75
311.876 317.016
76
317.016 322.420
77
322.420 329.223
78
329.223 335.720
79
335.720 340.681
80
340.681 346.130
81
346.130 351.372
82
351.372 356.598
83
356.598 363.040
84
363.040 368.345
85
368.345 372.910
86
372.910 377.780
87
377.780 383.121
88
383.121 388.425
89
388.425 394.030
90
394.030 398.895
91
398.895 403.760
92
403.760 406.165
93
406.165 411.510
94
411.510 416.870
95
416.870 418.520
96
418.520 424.130
97
424.130 429.114
98
429.114 433.600
99
433.600 437.770
100
437.770 441.910
101
441.910 443.910
102
443.910 447.314
103
447.314 450.920
104
450.920 456.480
105
456.480 462.316
106
462.316 466.370
107
466.370 469.580
108
469.580 475.332
109
475.332 479.990
110
479.990 485.506
111
485.506 491.790
112
491.790 497.770
113
497.770 503.190
114
503.190 506.469
115
506.469 511.470
116
511.470 514.870
117
514.870 519.390
118
519.390 524.310
119
524.310 529.607
120
529.607 534.637
121
534.637 539.871
122
539.871 544.220
123
544.220 548.890
124
548.890 553.819
125
553.819 557.750
126
557.750 560.690
127
560.690 565.658
128
565.658 569.660
