0
0.000 1.171
1
1.171 5.623
2
5.623 10.600
3
10.600 15.325
4
15.325 18.030
5
18.030 23.530
6
23.530 29.030
7
29.030 33.180
8
33.180 38.655
9
38.655 41.430
10
41.430 44.885
11
44.885 49.730
12
49.730 51.443
13
51.443 54.300
14
54.300 60.190
15
60.190 64.816
16
64.816 69.695
17
69.695 72.224
18
72.224 74.610
19
74.610 79.070
20
79.070 83.300
21
83.300 87.530
22
87.530 92.496
23
92.496 96.950
24
96.950 98.526
25
98.526 101.185
26
101.185 104.830
27
104.830 106.103
28
106.103 110.810
29
110.810 118.190
30
118.190 122.733
31
122.733 125.660
32
125.660 129.630
33
129.630 134.797
34
134.797 139.850
35
139.850 145.260
36
145.260 149.341
37
149.341 152.630
38
152.630 159.170
39
159.170 163.330
40
163.330 167.490
41
167.490 169.122
42
169.122 173.465
43
173.465 176.700
44
176.700 180.840
45
180.840 183.765
46
183.765 186.310
47
186.310 190.390
48
190.390 195.915
49
195.915 200.179
50
200.179 205.210
51
205.210 207.621
52
207.621 210.440
53
210.440 215.365
54
215.365 220.050
55
220.050 226.110
56
226.110 231.290
57
231.290 236.536
58
236.536 241.691
59
241.691 247.400
60
247.400 251.535
61
251.535 253.527
62
253.527 258.120
63
258.120 262.250
64
262.250 265.947
65
265.947 269.500
66
269.500 274.849
67
274.849 280.140
68
280.140 284.591
69
284.591 287.050
70
287.050 290.684
71
290.684 293.959
72
293.959 299.060
73
299.060 303.780
74
303.780 307.994
75
307.994 309.910
76
309.910 314.426
77
314.426 315.140
78
315.140 320.370
79
320.370 326.200
80
326.200 328.146
81
328.146 333.446
82
333.446 337.593
83
337.593 341.460
84
341.460 347.567
85
347.567 350.909
86
350.909 355.290
87
355.290 357.771
88
357.771 362.468
89
362.468 366.830
90
366.830 372.420
91
372.420 377.585
92
377.585 384.290
