0
0.000 4.930
1
4.930 9.042
2
9.042 13.026
3
13.026 16.491
4
16.491 20.959
5
20.959 24.260
6
24.260 29.469
7
29.469 34.930
8
34.930 39.560
9
39.560 44.190
10
44.190 49.354
11
49.354 55.590
12
55.590 58.880
13
58.880 62.250
14
62.250 70.310
15
70.310 74.789
16
74.789 79.100
17
79.100 84.665
18
84.665 89.768
19
89.768 94.557
20
94.557 99.920
21
99.920 106.362
22
106.362 112.070
23
112.070 116.360
24
116.360 121.136
25
121.136 125.812
26
125.812 131.460
27
131.460 136.189
28
136.189 140.650
29
140.650 143.050
30
143.050 147.547
31
147.547 152.142
32
152.142 154.870
33
154.870 161.100
34
161.100 166.100
35
166.100 172.503
36
172.503 178.750
37
178.750 185.570
38
185.570 192.059
39
192.059 195.430
40
195.430 199.860
41
199.860 204.095
42
204.095 207.900
43
207.900 212.809
44
212.809 216.550
45
216.550 220.105
46
220.105 224.920
47
224.920 229.455
48
229.455 231.690
49
231.690 235.544
50
235.544 240.260
51
240.260 244.544
52
244.544 249.268
53
249.268 252.986
54
252.986 257.446
55
257.446 262.190
56
262.190 267.492
57
267.492 271.900
58
271.900 276.845
59
276.845 281.790
60
281.790 287.850
61
287.850 290.793
62
290.793 294.240
63
294.240 299.860
64
299.860 306.305
65
306.305 312.750
66
312.750 317.180
67
317.180 322.090
68
322.090 324.170
69
324.170 328.400
70
328.400 331.430
71
331.430 335.780
72
335.780 340.130
73
340.130 345.093
74
345.093 346.940
75
346.940 352.233
76
352.233 358.350
77
358.350 362.748
78
362.748 366.389
79
366.389 368.630
80
368.630 373.080
81
373.080 377.530
82
377.530 382.232
83
382.232 385.840
84
385.840 387.947
85
387.947 391.999
86
391.999 395.395
87
395.395 400.120
88
400.120 405.750
89
405.750 408.940
90
408.940 413.960
91
413.960 416.579
92
416.579 420.890
93
420.890 421.694
94
421.694 426.465
95
426.465 431.469
96
431.469 436.011
97
436.011 441.550
98
441.550 444.733
99
444.733 450.200
100
450.200 455.680
101
455.680 460.910
102
460.910 462.487
103
462.487 467.813
104
467.813 473.550
105
473.550 476.885
106
476.885 485.070
107
485.070 491.160
108
491.160 493.493
109
493.493 498.382
110
498.382 503.350
111
503.350 508.998
112
508.998 515.010
113
515.010 518.182
114
518.182 522.017
115
522.017 526.870
116
526.870 531.415
117
531.415 534.348
118
534.348 539.653
119
539.653 546.090
120
546.090 549.730
121
549.730 553.280
122
553.280 554.725
123
554.725 559.214
124
559.214 561.280
125
561.280 566.455
126
566.455 572.225
127
572.225 575.541
128
575.541 580.472
129
580.472 585.304
130
585.304 588.830
131
588.830 591.634
132
591.634 598.060
133
598.060 601.588
134
601.588 605.620
135
605.620 612.070
136
612.070 617.624
137
617.624 620.800
138
620.800 625.045
139
625.045 629.290
140
629.290 634.401
141
634.401 638.471
142
638.471 642.790
143
642.790 647.010
144
647.010 652.689
145
652.689 657.715
146
657.715 662.300
147
662.300 666.270
148
666.270 671.193
149
671.193 675.896
150
675.896 681.968
151
681.968 685.330
152
685.330 689.365
153
689.365 693.400
154
693.400 694.612
155
694.612 699.850
156
699.850 702.265
157
702.265 707.970
158
707.970 712.419
159
712.419 717.510
160
717.510 722.271
161
722.271 725.510
162
725.510 730.283
163
730.283 734.369
164
734.369 738.989
165
738.989 742.150
166
742.150 745.970
167
745.970 750.943
168
750.943 753.980
