0
0.000 9.600
1
9.600 17.120
2
17.120 26.185
3
26.185 31.065
4
31.065 34.180
5
34.180 38.581
6
38.581 43.701
7
43.701 48.692
8
48.692 54.531
9
54.531 58.960
10
58.960 64.673
11
64.673 66.920
12
66.920 72.420
13
72.420 76.810
14
76.810 81.941
15
81.941 89.250
16
89.250 93.179
17
93.179 99.660
18
99.660 104.579
19
104.579 109.200
20
109.200 114.704
21
114.704 120.130
22
120.130 125.060
23
125.060 129.990
24
129.990 135.475
25
135.475 142.065
26
142.065 147.410
27
147.410 151.714
28
151.714 155.815
29
155.815 160.743
30
160.743 165.554
31
165.554 170.220
32
170.220 175.084
33
175.084 180.120
34
180.120 184.652
35
184.652 189.951
36
189.951 196.960
37
196.960 201.825
38
201.825 206.690
39
206.690 212.760
40
212.760 217.674
41
217.674 220.410
42
220.410 228.802
43
228.802 236.160
44
236.160 243.120
45
243.120 249.980
46
249.980 255.022
47
255.022 260.618
48
260.618 265.900
49
265.900 269.980
50
269.980 274.065
51
274.065 278.940
52
278.940 285.800
53
285.800 289.450
54
289.450 294.982
55
294.982 298.490
56
298.490 303.923
57
303.923 308.160
58
308.160 313.898
59
313.898 317.750
60
317.750 323.880
61
323.880 329.780
62
329.780 332.344
63
332.344 335.318
64
335.318 338.944
65
338.944 344.360
66
344.360 349.313
67
349.313 354.445
68
354.445 358.809
69
358.809 363.581
70
363.581 365.490
71
365.490 370.368
72
370.368 374.910
