0
0.000 1.200
1
1.200 5.773
2
5.773 10.090
3
10.090 14.494
4
14.494 17.528
5
17.528 22.307
6
22.307 27.883
7
27.883 32.940
8
32.940 37.903
9
37.903 43.197
10
43.197 47.993
11
47.993 53.131
12
53.131 57.990
13
57.990 60.837
14
60.837 65.612
15
65.612 70.102
16
70.102 75.340
17
75.340 78.959
18
78.959 81.856
19
81.856 87.950
20
87.950 93.190
21
93.190 97.790
22
97.790 103.286
23
103.286 108.070
24
108.070 113.080
25
113.080 118.520
26
118.520 121.904
27
121.904 126.494
28
126.494 131.200
29
131.200 136.797
30
136.797 141.980
31
141.980 148.141
32
148.141 154.779
33
154.779 160.060
34
160.060 164.910
35
164.910 169.461
36
169.461 172.140
37
172.140 179.214
38
179.214 183.870
39
183.870 188.940
40
188.940 195.229
41
195.229 199.320
42
199.320 203.730
43
203.730 207.190
44
207.190 211.790
45
211.790 217.140
46
217.140 222.210
47
222.210 224.882
48
224.882 229.378
49
229.378 233.001
50
233.001 238.640
51
238.640 244.080
52
244.080 246.810
53
246.810 250.961
54
250.961 255.770
55
255.770 257.863
56
257.863 261.550
57
261.550 267.044
58
267.044 271.150
59
271.150 276.080
60
276.080 281.010
