0
0.000 1.590
1
1.590 6.353
2
6.353 10.356
3
10.356 15.430
4
15.430 21.475
5
21.475 26.322
6
26.322 29.469
7
29.469 34.070
8
34.070 38.750
9
38.750 44.633
10
44.633 49.606
11
49.606 55.092
12
55.092 60.528
13
60.528 65.832
14
65.832 68.265
15
68.265 73.060
16
73.060 77.860
17
77.860 84.315
18
84.315 89.327
19
89.327 95.417
20
95.417 99.351
21
99.351 103.310
22
103.310 106.361
23
106.361 112.459
24
112.459 116.760
25
116.760 121.185
26
121.185 124.380
27
124.380 127.993
28
127.993 132.985
29
132.985 136.790
30
136.790 139.783
31
139.783 144.130
32
144.130 152.610
33
152.610 155.602
34
155.602 159.390
35
159.390 167.300
36
167.300 175.350
37
175.350 178.593
38
178.593 185.270
39
185.270 189.515
40
189.515 194.700
41
194.700 199.330
42
199.330 203.960
43
203.960 209.297
44
209.297 214.050
45
214.050 219.655
46
219.655 225.260
47
225.260 230.189
48
230.189 235.028
49
235.028 238.910
50
238.910 244.040
51
244.040 249.758
52
249.758 255.296
53
255.296 260.796
54
260.796 266.237
55
266.237 271.110
56
271.110 276.220
