0
0.000 1.058
1
1.058 4.945
2
4.945 10.429
3
10.429 15.369
4
15.369 20.310
5
20.310 25.275
6
25.275 30.240
7
30.240 35.855
8
35.855 40.153
9
40.153 44.467
10
44.467 49.942
11
49.942 53.150
12
53.150 57.130
13
57.130 60.753
14
60.753 65.669
15
65.669 69.730
16
69.730 74.760
17
74.760 79.690
18
79.690 84.694
19
84.694 89.862
20
89.862 95.025
21
95.025 100.340
22
100.340 105.440
23
105.440 110.940
24
110.940 116.450
25
116.450 123.224
26
123.224 128.740
27
128.740 133.490
28
133.490 134.793
29
134.793 139.801
30
139.801 144.651
31
144.651 149.198
32
149.198 152.801
33
152.801 157.628
34
157.628 162.080
35
162.080 169.410
36
169.410 175.120
37
175.120 179.690
38
179.690 184.260
39
184.260 189.500
40
189.500 195.681
41
195.681 201.900
42
201.900 207.360
43
207.360 211.447
44
211.447 216.329
45
216.329 220.927
46
220.927 225.120
