0
0.000 5.205
1
5.205 10.410
2
10.410 14.983
3
14.983 20.428
4
20.428 25.720
5
25.720 30.690
6
30.690 36.816
7
36.816 42.063
8
42.063 50.157
9
50.157 55.420
10
55.420 61.511
11
61.511 66.580
12
66.580 71.284
13
71.284 76.633
14
76.633 81.740
15
81.740 88.540
16
88.540 95.220
17
95.220 100.670
18
100.670 106.165
19
106.165 111.044
20
111.044 115.022
21
115.022 119.932
22
119.932 124.310
23
124.310 129.045
24
129.045 133.780
25
133.780 138.735
26
138.735 143.690
27
143.690 148.346
28
148.346 153.368
29
153.368 158.630
30
158.630 163.435
31
163.435 166.950
32
166.950 170.922
33
170.922 175.904
34
175.904 181.015
35
181.015 186.680
36
186.680 192.740
37
192.740 197.923
38
197.923 203.393
39
203.393 208.763
40
208.763 215.480
41
215.480 221.395
42
221.395 227.520
43
227.520 232.731
44
232.731 240.320
45
240.320 246.530
46
246.530 251.940
47
251.940 257.064
48
257.064 262.368
49
262.368 267.530
50
267.530 273.830
51
273.830 278.878
52
278.878 283.927
53
283.927 289.194
54
289.194 295.491
55
295.491 299.760
56
299.760 305.146
57
305.146 309.650
58
309.650 316.643
59
316.643 322.030
60
322.030 329.260
61
329.260 334.513
62
334.513 339.500
63
339.500 345.170
64
345.170 350.368
65
350.368 355.220
66
355.220 360.028
67
360.028 365.145
68
365.145 370.812
69
370.812 374.540
70
374.540 379.952
71
379.952 386.470
72
386.470 391.515
73
391.515 396.636
74
396.636 402.920
75
402.920 409.391
76
409.391 416.600
77
416.600 419.254
78
419.254 423.960
79
423.960 428.950
80
428.950 435.220
81
435.220 441.100
82
441.100 447.111
83
447.111 452.819
84
452.819 457.377
85
457.377 461.900
86
461.900 465.350
