0
0.000 4.855
1
4.855 8.801
2
8.801 13.911
3
13.911 16.181
4
16.181 20.770
5
20.770 25.589
6
25.589 29.923
7
29.923 34.443
8
34.443 39.300
9
39.300 43.571
10
43.571 47.810
11
47.810 53.460
12
53.460 57.950
13
57.950 63.007
14
63.007 68.480
15
68.480 73.230
16
73.230 78.590
17
78.590 83.740
18
83.740 88.597
19
88.597 90.080
20
90.080 94.747
21
94.747 101.660
22
101.660 106.895
23
106.895 111.778
24
111.778 116.602
25
116.602 121.895
26
121.895 126.636
27
126.636 130.180
28
130.180 134.932
29
134.932 140.284
30
140.284 146.635
31
146.635 151.564
32
151.564 155.950
33
155.950 162.316
34
162.316 169.013
35
169.013 174.710
36
174.710 180.392
37
180.392 183.150
38
183.150 188.294
39
188.294 191.937
40
191.937 196.890
41
196.890 201.580
42
201.580 204.410
43
204.410 207.670
44
207.670 212.550
45
212.550 217.052
46
217.052 218.210
47
218.210 223.020
48
223.020 227.794
49
227.794 232.640
50
232.640 238.209
51
238.209 243.428
52
243.428 249.390
53
249.390 253.943
54
253.943 258.766
55
258.766 263.425
56
263.425 268.200
57
268.200 272.455
58
272.455 276.710
59
276.710 282.116
60
282.116 287.835
61
287.835 292.140
62
292.140 295.720
63
295.720 300.850
64
300.850 305.980
65
305.980 308.189
66
308.189 314.225
67
314.225 320.798
68
320.798 325.750
69
325.750 330.617
70
330.617 335.739
71
335.739 339.415
72
339.415 343.140
73
343.140 348.435
74
348.435 353.730
75
353.730 357.990
76
357.990 362.250
