0
0.000 3.832
1
3.832 8.251
2
8.251 13.387
3
13.387 16.675
4
16.675 21.290
5
21.290 25.970
6
25.970 30.914
7
30.914 35.550
8
35.550 40.465
9
40.465 44.623
10
44.623 48.080
11
48.080 52.996
12
52.996 57.738
13
57.738 61.890
14
61.890 70.290
15
70.290 75.819
16
75.819 80.146
17
80.146 85.110
18
85.110 89.946
19
89.946 94.868
20
94.868 99.490
21
99.490 104.600
22
104.600 109.563
23
109.563 112.230
24
112.230 118.320
25
118.320 123.200
26
123.200 128.590
27
128.590 133.827
28
133.827 138.460
29
138.460 141.628
30
141.628 146.489
31
146.489 148.950
32
148.950 154.150
33
154.150 159.116
34
159.116 162.750
35
162.750 167.738
36
167.738 172.602
37
172.602 178.810
38
178.810 182.336
39
182.336 186.767
40
186.767 191.842
41
191.842 197.585
42
197.585 203.020
43
203.020 207.655
44
207.655 213.130
45
213.130 217.848
46
217.848 219.640
47
219.640 224.213
48
224.213 227.680
49
227.680 231.458
50
231.458 235.367
51
235.367 238.910
52
238.910 241.650
53
241.650 246.451
54
246.451 247.785
55
247.785 252.190
