0
0.000 5.285
1
5.285 10.132
2
10.132 13.203
3
13.203 18.750
4
18.750 23.646
5
23.646 28.318
6
28.318 30.000
7
30.000 35.670
8
35.670 41.115
9
41.115 46.060
10
46.060 48.720
11
48.720 53.206
12
53.206 54.640
13
54.640 59.820
14
59.820 64.617
15
64.617 68.910
16
68.910 73.784
17
73.784 77.560
18
77.560 81.144
19
81.144 86.176
20
86.176 91.870
21
91.870 95.314
22
95.314 100.215
23
100.215 104.840
24
104.840 109.790
25
109.790 113.930
26
113.930 118.570
27
118.570 125.650
28
125.650 130.573
29
130.573 135.983
30
135.983 140.699
31
140.699 146.310
32
146.310 150.945
33
150.945 155.763
34
155.763 160.540
35
160.540 164.424
36
164.424 168.400
37
168.400 172.939
38
172.939 175.740
39
175.740 180.791
40
180.791 186.154
41
186.154 192.059
42
192.059 196.827
43
196.827 203.626
44
203.626 209.318
45
209.318 214.080
46
214.080 218.965
47
218.965 223.407
48
223.407 228.411
49
228.411 232.818
50
232.818 236.140
51
236.140 241.317
52
241.317 244.390
53
244.390 249.003
54
249.003 251.320
55
251.320 252.749
56
252.749 257.929
57
257.929 265.090
58
265.090 270.023
59
270.023 274.912
60
274.912 278.140
61
278.140 283.641
62
283.641 289.196
63
289.196 294.118
64
294.118 299.340
65
299.340 303.565
66
303.565 308.310
67
308.310 312.972
68
312.972 317.896
69
317.896 322.740
70
322.740 328.282
71
328.282 333.865
72
333.865 339.250
73
339.250 344.508
74
344.508 349.620
75
349.620 354.742
76
354.742 360.081
77
360.081 366.196
78
366.196 371.530
79
371.530 376.431
80
376.431 378.890
81
378.890 384.184
82
384.184 389.894
83
389.894 395.230
84
395.230 401.100
85
401.100 406.405
86
406.405 411.890
87
411.890 415.670
88
415.670 420.795
89
420.795 425.710
90
425.710 429.692
91
429.692 432.040
92
432.040 436.534
93
436.534 441.144
94
441.144 444.640
95
444.640 449.429
96
449.429 454.294
97
454.294 459.290
98
459.290 463.603
99
463.603 467.566
100
467.566 471.563
101
471.563 475.300
102
475.300 480.560
103
480.560 486.128
104
486.128 491.477
105
491.477 497.570
106
497.570 502.205
107
502.205 507.186
108
507.186 510.135
109
510.135 515.030
110
515.030 520.059
