0
0.000 4.897
1
4.897 9.227
2
9.227 13.460
3
13.460 17.926
4
17.926 22.575
5
22.575 27.401
6
27.401 30.000
7
30.000 35.010
8
35.010 41.770
9
41.770 47.191
10
47.191 53.912
11
53.912 56.038
12
56.038 60.370
13
60.370 62.029
14
62.029 66.790
15
66.790 71.950
16
71.950 77.110
17
77.110 80.520
18
80.520 86.100
19
86.100 92.310
20
92.310 100.360
21
100.360 102.971
22
102.971 106.950
23
106.950 110.888
24
110.888 115.989
25
115.989 121.390
26
121.390 125.770
27
125.770 131.261
28
131.261 137.423
29
137.423 142.328
30
142.328 146.650
31
146.650 153.670
32
153.670 157.715
33
157.715 161.760
34
161.760 166.025
35
166.025 170.290
36
170.290 174.355
37
174.355 178.420
38
178.420 184.991
39
184.991 191.030
40
191.030 197.340
41
197.340 203.650
42
203.650 209.640
43
209.640 214.800
44
214.800 219.600
45
219.600 224.190
46
224.190 228.780
47
228.780 231.602
48
231.602 236.440
49
236.440 240.376
50
240.376 243.800
51
243.800 249.522
52
249.522 254.917
53
254.917 260.320
54
260.320 265.320
55
265.320 267.690
56
267.690 273.220
57
273.220 277.589
58
277.589 282.523
59
282.523 283.060
60
283.060 287.302
61
287.302 292.198
62
292.198 295.250
63
295.250 300.439
64
300.439 305.726
65
305.726 310.776
66
310.776 316.618
67
316.618 321.677
68
321.677 327.151
69
327.151 332.473
70
332.473 338.457
71
338.457 343.275
72
343.275 348.199
73
348.199 352.600
74
352.600 356.750
75
356.750 360.363
76
360.363 365.600
77
365.600 371.200
78
371.200 376.077
79
376.077 378.110
80
378.110 382.046
81
382.046 387.164
82
387.164 391.555
83
391.555 395.822
84
395.822 398.200
85
398.200 401.560
86
401.560 406.359
87
406.359 411.323
88
411.323 413.340
89
413.340 417.394
90
417.394 418.900
91
418.900 424.677
92
424.677 427.740
93
427.740 432.977
94
432.977 437.540
95
437.540 439.380
96
439.380 444.315
97
444.315 446.987
98
446.987 451.025
99
451.025 455.974
100
455.974 459.750
101
459.750 464.630
102
464.630 469.297
103
469.297 475.050
104
475.050 480.130
105
480.130 483.752
106
483.752 487.970
107
487.970 491.710
108
491.710 496.526
109
496.526 499.740
110
499.740 505.776
111
505.776 510.900
112
510.900 515.767
113
515.767 518.950
114
518.950 523.600
115
523.600 526.782
116
526.782 531.240
117
531.240 536.003
118
536.003 536.540
119
536.540 541.700
120
541.700 546.954
121
546.954 552.699
122
552.699 557.952
123
557.952 562.735
124
562.735 567.250
125
567.250 575.390
126
575.390 579.710
127
579.710 584.134
128
584.134 585.230
129
585.230 590.056
130
590.056 594.436
131
594.436 597.909
132
597.909 602.890
133
602.890 607.875
134
607.875 612.710
135
612.710 617.373
136
617.373 620.047
137
620.047 623.220
