0
0.000 4.921
1
4.921 6.175
2
6.175 11.294
3
11.294 17.647
4
17.647 22.811
5
22.811 27.598
6
27.598 30.160
7
30.160 34.415
8
34.415 35.320
9
35.320 43.100
10
43.100 46.766
11
46.766 52.406
12
52.406 58.000
13
58.000 63.118
14
63.118 69.401
15
69.401 75.590
16
75.590 80.336
17
80.336 86.910
18
86.910 93.630
19
93.630 100.514
20
100.514 105.656
21
105.656 110.530
22
110.530 115.560
23
115.560 118.628
24
118.628 123.680
25
123.680 128.935
26
128.935 134.676
27
134.676 139.504
28
139.504 142.875
29
142.875 147.760
30
147.760 154.433
31
154.433 159.330
32
159.330 163.995
33
163.995 168.660
34
168.660 173.835
35
173.835 179.010
36
179.010 182.427
37
182.427 187.924
38
187.924 190.480
39
190.480 194.856
40
194.856 199.817
41
199.817 206.355
42
206.355 211.099
43
211.099 215.640
44
215.640 219.410
45
219.410 224.340
46
224.340 229.270
47
229.270 231.271
48
231.271 237.445
49
237.445 242.261
50
242.261 247.440
51
247.440 250.796
52
250.796 254.400
53
254.400 259.129
54
259.129 263.617
55
263.617 268.010
56
268.010 273.120
57
273.120 278.490
58
278.490 283.044
59
283.044 287.030
60
287.030 291.444
61
291.444 296.141
62
296.141 299.418
63
299.418 303.070
