0
0.000 5.660
1
5.660 11.320
2
11.320 17.790
3
17.790 26.718
4
26.718 30.961
5
30.961 35.210
6
35.210 39.995
7
39.995 44.282
8
44.282 49.695
9
49.695 52.624
10
52.624 55.260
11
55.260 59.429
12
59.429 63.020
13
63.020 68.037
14
68.037 73.070
15
73.070 79.000
16
79.000 83.681
17
83.681 86.770
18
86.770 91.980
19
91.980 97.190
20
97.190 99.220
21
99.220 103.490
22
103.490 107.897
23
107.897 108.470
24
108.470 113.135
25
113.135 117.654
26
117.654 122.300
27
122.300 124.190
28
124.190 129.358
29
129.358 135.005
30
135.005 140.590
31
140.590 146.610
32
146.610 150.297
33
150.297 155.250
34
155.250 159.050
35
159.050 163.761
36
163.761 168.694
37
168.694 172.020
38
172.020 176.900
39
176.900 183.040
40
183.040 188.304
41
188.304 194.552
42
194.552 200.970
43
200.970 206.647
44
206.647 211.528
45
211.528 216.536
46
216.536 219.940
47
219.940 225.940
48
225.940 231.785
49
231.785 237.614
50
237.614 243.041
51
243.041 247.990
52
247.990 253.494
53
253.494 259.908
54
259.908 264.617
55
264.617 266.261
56
266.261 269.665
57
269.665 273.654
58
273.654 279.185
59
279.185 283.330
60
283.330 288.058
61
288.058 292.058
62
292.058 295.010
63
295.010 298.330
64
298.330 302.299
65
302.299 306.750
66
306.750 310.190
67
310.190 315.070
68
315.070 319.961
69
319.961 325.348
70
325.348 331.142
71
331.142 334.292
72
334.292 338.480
73
338.480 341.602
74
341.602 344.360
75
344.360 348.186
76
348.186 353.070
77
353.070 358.432
78
358.432 362.750
79
362.750 367.775
80
367.775 372.800
81
372.800 377.492
82
377.492 382.170
83
382.170 387.588
84
387.588 392.642
85
392.642 398.078
86
398.078 404.020
87
404.020 408.640
88
408.640 411.860
89
411.860 416.042
90
416.042 419.190
91
419.190 425.110
