0
0.000 6.918
1
6.918 14.958
2
14.958 19.344
3
19.344 24.253
4
24.253 28.736
5
28.736 31.430
6
31.430 35.720
7
35.720 40.200
8
40.200 45.038
9
45.038 49.740
10
49.740 52.303
11
52.303 56.854
12
56.854 60.360
13
60.360 64.104
14
64.104 68.454
15
68.454 73.120
16
73.120 76.220
17
76.220 81.226
18
81.226 84.941
19
84.941 88.610
20
88.610 90.853
21
90.853 95.265
22
95.265 99.342
23
99.342 104.308
24
104.308 109.180
25
109.180 110.145
26
110.145 115.210
27
115.210 119.953
28
119.953 123.900
29
123.900 127.718
30
127.718 131.734
31
131.734 136.198
32
136.198 140.024
33
140.024 144.532
34
144.532 145.243
35
145.243 149.825
36
149.825 153.216
37
153.216 158.106
38
158.106 162.682
39
162.682 166.430
40
166.430 171.550
41
171.550 174.430
42
174.430 177.483
43
177.483 181.681
44
181.681 184.482
45
184.482 189.074
46
189.074 194.015
47
194.015 198.614
48
198.614 202.380
49
202.380 207.050
50
207.050 211.604
51
211.604 215.918
52
215.918 216.680
53
216.680 220.433
54
220.433 225.398
55
225.398 230.240
56
230.240 235.413
57
235.413 240.566
58
240.566 246.847
59
246.847 252.263
60
252.263 256.113
61
256.113 260.294
62
260.294 265.564
63
265.564 268.112
64
268.112 272.450
65
272.450 276.700
66
276.700 281.796
67
281.796 287.184
68
287.184 292.527
69
292.527 296.712
70
296.712 299.866
71
299.866 304.355
72
304.355 306.340
73
306.340 309.700
74
309.700 312.780
75
312.780 316.850
76
316.850 320.920
77
320.920 325.835
78
325.835 326.810
79
326.810 332.416
80
332.416 338.077
81
338.077 343.425
82
343.425 348.949
83
348.949 353.146
84
353.146 355.696
85
355.696 360.208
86
360.208 362.789
87
362.789 367.998
88
367.998 372.313
89
372.313 374.745
90
374.745 379.290
91
379.290 384.550
92
384.550 389.810
93
389.810 394.234
94
394.234 398.937
95
398.937 404.394
96
404.394 409.399
97
409.399 414.028
98
414.028 418.097
99
418.097 422.518
100
422.518 425.316
101
425.316 428.410
102
428.410 430.950
103
430.950 434.582
104
434.582 439.997
105
439.997 445.403
106
445.403 451.691
107
451.691 456.901
108
456.901 461.080
109
461.080 465.700
110
465.700 470.003
111
470.003 474.320
112
474.320 479.621
113
479.621 484.784
114
484.784 489.343
115
489.343 493.150
116
493.150 496.312
117
496.312 501.256
118
501.256 504.384
119
504.384 506.968
120
506.968 511.092
121
511.092 515.701
122
515.701 520.280
123
520.280 524.427
124
524.427 529.453
125
529.453 533.674
126
533.674 538.036
127
538.036 542.581
128
542.581 545.162
129
545.162 549.842
130
549.842 553.447
131
553.447 557.912
132
557.912 560.400
133
560.400 561.360
134
561.360 566.635
135
566.635 572.225
136
572.225 579.730
