0
0.000 1.324
1
1.324 6.900
2
6.900 11.357
3
11.357 16.500
4
16.500 21.352
5
21.352 25.410
6
25.410 29.790
7
29.790 30.996
8
30.996 35.136
9
35.136 40.222
10
40.222 42.989
11
42.989 45.910
12
45.910 49.121
13
49.121 52.870
14
52.870 59.240
15
59.240 63.183
16
63.183 67.307
17
67.307 67.960
18
67.960 72.453
19
72.453 77.006
20
77.006 77.620
21
77.620 83.350
22
83.350 88.047
23
88.047 90.760
24
90.760 95.860
25
95.860 99.870
26
99.870 103.880
27
103.880 110.010
28
110.010 116.140
29
116.140 119.907
30
119.907 124.730
31
124.730 130.180
32
130.180 134.190
33
134.190 138.329
34
138.329 142.120
35
142.120 144.271
36
144.271 148.892
37
148.892 152.910
38
152.910 153.790
39
153.790 158.130
40
158.130 162.538
41
162.538 165.690
42
165.690 170.537
43
170.537 172.660
44
172.660 176.908
45
176.908 179.470
46
179.470 182.530
47
182.530 186.100
48
186.100 190.071
49
190.071 193.595
50
193.595 195.808
51
195.808 201.210
52
201.210 206.550
53
206.550 213.030
54
213.030 217.050
55
217.050 221.885
56
221.885 225.506
57
225.506 230.558
58
230.558 236.469
59
236.469 240.674
60
240.674 243.645
61
243.645 249.270
62
249.270 254.430
63
254.430 261.110
64
261.110 266.646
65
266.646 270.160
66
270.160 273.151
67
273.151 277.871
68
277.871 281.050
69
281.050 282.678
70
282.678 287.130
71
287.130 292.169
72
292.169 297.944
73
297.944 301.640
74
301.640 306.530
75
306.530 311.008
76
311.008 316.033
77
316.033 320.870
78
320.870 328.628
79
328.628 333.535
80
333.535 336.810
81
336.810 341.265
82
341.265 344.760
83
344.760 349.584
84
349.584 354.411
85
354.411 359.338
86
359.338 362.400
87
362.400 365.464
88
365.464 369.000
89
369.000 374.363
90
374.363 379.402
91
379.402 384.450
92
384.450 388.860
93
388.860 393.249
94
393.249 394.610
95
394.610 399.110
96
399.110 403.610
