0
0.000 4.877
1
4.877 9.011
2
9.011 13.863
3
13.863 14.423
4
14.423 19.226
5
19.226 23.554
6
23.554 26.065
7
26.065 30.781
8
30.781 34.410
9
34.410 39.260
10
39.260 42.132
11
42.132 47.090
12
47.090 52.927
13
52.927 54.150
14
54.150 58.785
15
58.785 60.600
16
60.600 66.750
17
66.750 71.523
18
71.523 73.440
19
73.440 77.670
20
77.670 82.074
21
82.074 85.670
22
85.670 90.632
23
90.632 93.157
24
93.157 97.350
25
97.350 98.938
26
98.938 102.830
27
102.830 106.560
28
106.560 110.843
29
110.843 112.670
30
112.670 117.276
31
117.276 122.882
32
122.882 124.900
33
124.900 130.703
34
130.703 135.640
35
135.640 138.710
36
138.710 141.526
37
141.526 146.431
38
146.431 149.115
39
149.115 154.435
40
154.435 159.067
41
159.067 163.860
42
163.860 168.982
43
168.982 173.720
44
173.720 178.158
45
178.158 182.910
46
182.910 185.980
47
185.980 192.370
48
192.370 199.422
49
199.422 203.590
50
203.590 208.420
51
208.420 212.220
52
212.220 217.840
53
217.840 221.978
54
221.978 227.308
55
227.308 230.644
56
230.644 235.707
57
235.707 238.430
58
238.430 243.695
59
243.695 245.606
60
245.606 250.355
61
250.355 255.190
62
255.190 261.200
63
261.200 269.373
64
269.373 273.829
65
273.829 275.880
66
275.880 279.887
67
279.887 284.670
68
284.670 288.430
69
288.430 291.764
70
291.764 296.439
71
296.439 301.025
72
301.025 306.730
73
306.730 310.630
74
310.630 315.970
75
315.970 320.061
76
320.061 324.946
77
324.946 329.655
78
329.655 332.952
79
332.952 337.507
80
337.507 341.030
81
341.030 347.270
82
347.270 353.013
83
353.013 356.812
84
356.812 362.736
85
362.736 368.398
86
368.398 373.415
87
373.415 377.770
88
377.770 381.970
89
381.970 385.094
90
385.094 389.860
91
389.860 393.297
92
393.297 397.650
93
397.650 398.886
94
398.886 402.600
95
402.600 406.730
96
406.730 411.719
97
411.719 414.180
98
414.180 420.830
99
420.830 424.488
100
424.488 428.685
101
428.685 433.648
102
433.648 437.180
103
437.180 441.954
104
441.954 445.132
105
445.132 450.660
106
450.660 455.230
107
455.230 459.800
108
459.800 465.290
109
465.290 469.877
110
469.877 473.310
111
473.310 478.990
112
478.990 482.960
113
482.960 484.538
114
484.538 489.280
115
489.280 496.151
116
496.151 501.060
117
501.060 505.036
118
505.036 505.990
119
505.990 509.759
120
509.759 514.650
121
514.650 519.356
122
519.356 523.160
123
523.160 526.918
124
526.918 532.039
125
532.039 535.910
126
535.910 540.691
127
540.691 545.071
128
545.071 546.310
129
546.310 550.773
130
550.773 554.670
131
554.670 559.608
132
559.608 563.407
133
563.407 565.780
