0
0.000 1.053
1
1.053 6.076
2
6.076 9.840
3
9.840 14.400
4
14.400 18.540
5
18.540 22.042
6
22.042 26.973
7
26.973 29.245
8
29.245 33.090
9
33.090 37.061
10
37.061 41.399
11
41.399 43.530
12
43.530 47.967
13
47.967 52.848
14
52.848 58.124
15
58.124 62.350
16
62.350 67.992
17
67.992 72.623
18
72.623 78.230
19
78.230 82.546
20
82.546 85.200
21
85.200 90.079
22
90.079 94.368
23
94.368 97.992
24
97.992 102.055
25
102.055 106.984
26
106.984 112.342
27
112.342 115.619
28
115.619 120.533
29
120.533 125.970
30
125.970 132.194
31
132.194 137.040
32
137.040 142.666
33
142.666 147.897
34
147.897 153.218
35
153.218 158.410
36
158.410 163.820
37
163.820 169.568
38
169.568 174.895
39
174.895 176.833
40
176.833 181.871
41
181.871 185.810
42
185.810 191.060
43
191.060 195.625
44
195.625 200.190
45
200.190 202.033
46
202.033 206.848
47
206.848 212.757
48
212.757 218.580
49
218.580 223.610
50
223.610 226.027
51
226.027 230.470
52
230.470 233.462
53
233.462 238.556
54
238.556 239.370
55
239.370 244.720
56
244.720 249.386
57
249.386 255.370
58
255.370 260.714
59
260.714 266.640
60
266.640 271.525
61
271.525 276.410
62
276.410 279.151
63
279.151 282.296
64
282.296 286.200
65
286.200 292.645
66
292.645 296.910
67
296.910 302.117
68
302.117 306.580
69
306.580 307.977
70
307.977 313.670
71
313.670 316.554
72
316.554 322.130
73
322.130 325.334
74
325.334 329.110
75
329.110 333.970
76
333.970 338.830
77
338.830 343.371
78
343.371 345.120
79
345.120 350.190
80
350.190 355.765
81
355.765 360.470
82
360.470 363.550
83
363.550 368.734
84
368.734 373.666
85
373.666 378.851
86
378.851 383.503
87
383.503 387.330
88
387.330 391.540
89
391.540 395.111
90
395.111 399.080
91
399.080 402.102
92
402.102 405.005
93
405.005 409.532
94
409.532 415.670
95
415.670 420.410
96
420.410 424.311
97
424.311 429.166
98
429.166 432.837
99
432.837 436.890
100
436.890 441.307
101
441.307 445.499
102
445.499 450.413
103
450.413 454.610
104
454.610 459.575
105
459.575 464.552
106
464.552 468.406
107
468.406 472.584
108
472.584 475.410
