0
0.000 3.245
1
3.245 7.946
2
7.946 10.460
3
10.460 14.933
4
14.933 20.374
5
20.374 24.433
6
24.433 29.158
7
29.158 34.180
8
34.180 39.355
9
39.355 43.850
10
43.850 49.064
11
49.064 54.104
12
54.104 58.563
13
58.563 63.666
14
63.666 68.110
15
68.110 72.614
16
72.614 77.065
17
77.065 81.300
18
81.300 86.271
19
86.271 90.924
20
90.924 95.520
21
95.520 100.543
22
100.543 106.055
23
106.055 111.290
24
111.290 116.229
25
116.229 121.396
26
121.396 126.634
27
126.634 131.824
28
131.824 136.648
29
136.648 140.853
30
140.853 144.970
31
144.970 148.822
32
148.822 154.320
33
154.320 159.560
34
159.560 163.850
35
163.850 168.300
36
168.300 172.430
37
172.430 176.140
38
176.140 179.585
39
179.585 183.995
40
183.995 187.890
41
187.890 190.950
42
190.950 194.960
43
194.960 198.889
44
198.889 203.620
45
203.620 207.019
46
207.019 213.069
47
213.069 219.981
48
219.981 225.935
49
225.935 229.803
50
229.803 234.785
51
234.785 240.314
52
240.314 243.720
53
243.720 249.530
54
249.530 254.084
55
254.084 258.253
56
258.253 263.020
57
263.020 268.800
58
268.800 275.850
59
275.850 281.380
60
281.380 286.910
61
286.910 291.643
62
291.643 294.910
63
294.910 299.075
64
299.075 304.049
65
304.049 307.500
66
307.500 309.565
67
309.565 313.482
68
313.482 319.729
69
319.729 324.950
70
324.950 329.545
71
329.545 334.140
72
334.140 340.200
73
340.200 344.345
74
344.345 348.490
75
348.490 349.486
76
349.486 354.465
77
354.465 357.872
78
357.872 361.860
79
361.860 367.005
80
367.005 369.406
81
369.406 372.150
82
372.150 377.048
83
377.048 381.810
84
381.810 384.862
85
384.862 390.059
86
390.059 394.861
87
394.861 399.210
88
399.210 404.120
89
404.120 407.306
90
407.306 413.080
91
413.080 417.931
92
417.931 419.170
93
419.170 423.212
94
423.212 428.890
95
428.890 433.897
96
433.897 439.576
97
439.576 445.021
98
445.021 451.524
99
451.524 455.373
100
455.373 460.378
101
460.378 463.760
102
463.760 468.610
103
468.610 473.460
104
473.460 478.162
105
478.162 484.650
106
484.650 489.230
107
489.230 494.090
108
494.090 498.545
109
498.545 503.000
110
503.000 508.543
111
508.543 513.930
112
513.930 518.360
113
518.360 522.870
114
522.870 530.064
115
530.064 535.060
116
535.060 541.107
117
541.107 545.027
118
545.027 550.438
119
550.438 557.520
120
557.520 561.446
121
561.446 566.822
122
566.822 571.110
123
571.110 575.539
124
575.539 580.295
125
580.295 585.620
126
585.620 593.060
127
593.060 598.761
128
598.761 603.575
129
603.575 611.130
130
611.130 615.846
131
615.846 618.312
132
618.312 622.236
133
622.236 627.500
134
627.500 631.547
135
631.547 635.154
136
635.154 636.563
137
636.563 640.600
138
640.600 645.546
139
645.546 648.650
140
648.650 653.500
141
653.500 658.220
142
658.220 661.780
143
661.780 666.125
144
666.125 670.001
145
670.001 673.610
146
673.610 677.062
147
677.062 682.297
148
682.297 686.396
149
686.396 687.280
150
687.280 691.062
151
691.062 695.347
152
695.347 699.782
153
699.782 703.685
154
703.685 708.286
155
708.286 709.690
