0
0.000 4.739
1
4.739 6.750
2
6.750 11.317
3
11.317 16.052
4
16.052 18.740
5
18.740 23.745
6
23.745 28.260
7
28.260 32.390
8
32.390 33.691
9
33.691 37.830
10
37.830 40.890
11
40.890 43.548
12
43.548 48.521
13
48.521 51.380
14
51.380 56.900
15
56.900 61.562
16
61.562 65.445
17
65.445 69.492
18
69.492 74.739
19
74.739 80.190
20
80.190 84.579
21
84.579 87.780
22
87.780 92.476
23
92.476 95.850
24
95.850 100.920
25
100.920 105.833
26
105.833 110.225
27
110.225 113.100
28
113.100 118.251
29
118.251 123.295
30
123.295 129.080
31
129.080 132.400
32
132.400 137.198
33
137.198 139.485
34
139.485 143.629
35
143.629 148.442
36
148.442 151.539
37
151.539 156.566
38
156.566 160.630
39
160.630 165.274
40
165.274 170.950
41
170.950 177.547
42
177.547 183.400
43
183.400 189.650
44
189.650 195.570
45
195.570 201.490
46
201.490 206.510
47
206.510 211.530
48
211.530 216.103
49
216.103 221.089
50
221.089 225.773
51
225.773 230.460
52
230.460 232.909
53
232.909 236.930
54
236.930 239.922
55
239.922 242.710
56
242.710 245.681
57
245.681 251.630
58
251.630 255.784
59
255.784 259.833
60
259.833 267.940
61
267.940 270.686
62
270.686 274.770
63
274.770 277.630
64
277.630 280.815
65
280.815 284.895
66
284.895 287.540
67
287.540 292.838
68
292.838 298.064
69
298.064 302.250
70
302.250 307.128
71
307.128 307.990
72
307.990 310.283
73
310.283 313.518
74
313.518 317.250
75
317.250 322.098
76
322.098 323.850
77
323.850 327.809
78
327.809 329.400
79
329.400 331.306
80
331.306 334.810
81
334.810 339.151
82
339.151 344.390
83
344.390 348.003
84
348.003 351.560
85
351.560 355.330
86
355.330 359.770
87
359.770 362.713
88
362.713 367.235
89
367.235 370.981
90
370.981 375.820
91
375.820 380.230
92
380.230 385.301
93
385.301 390.004
94
390.004 395.051
95
395.051 399.980
96
399.980 403.700
97
403.700 408.521
98
408.521 413.625
99
413.625 417.227
100
417.227 422.198
101
422.198 426.630
102
426.630 430.979
103
430.979 436.767
104
436.767 438.980
105
438.980 443.900
106
443.900 449.280
107
449.280 454.258
108
454.258 457.180
109
457.180 463.305
110
463.305 466.397
111
466.397 469.430
112
469.430 474.870
113
474.870 480.310
114
480.310 484.037
115
484.037 488.520
116
488.520 493.622
117
493.622 498.170
118
498.170 502.090
119
502.090 506.241
120
506.241 509.710
121
509.710 513.856
122
513.856 516.893
123
516.893 521.593
124
521.593 526.537
125
526.537 528.770
126
528.770 533.017
127
533.017 535.805
128
535.805 538.313
129
538.313 544.022
130
544.022 549.590
131
549.590 552.650
132
552.650 557.500
133
557.500 561.920
134
561.920 566.550
135
566.550 571.586
136
571.586 577.086
137
577.086 580.100
138
580.100 583.721
139
583.721 587.880
140
587.880 590.205
141
590.205 593.844
142
593.844 596.666
143
596.666 599.806
144
599.806 604.680
145
604.680 606.300
146
606.300 609.358
147
609.358 612.597
148
612.597 617.693
149
617.693 622.720
150
622.720 629.880
151
629.880 634.330
152
634.330 637.634
153
637.634 642.409
154
642.409 647.529
155
647.529 649.237
156
649.237 654.399
157
654.399 659.793
158
659.793 661.385
159
661.385 666.320
160
666.320 669.144
161
669.144 673.770
162
673.770 678.578
163
678.578 683.429
164
683.429 686.938
165
686.938 691.851
166
691.851 693.150
167
693.150 697.697
168
697.697 700.940
169
700.940 704.545
170
704.545 709.088
171
709.088 713.125
172
713.125 717.540
