0
0.000 3.269
1
3.269 8.209
2
8.209 10.640
3
10.640 15.205
4
15.205 18.636
5
18.636 22.948
6
22.948 26.261
7
26.261 31.222
8
31.222 36.830
9
36.830 41.867
10
41.867 46.148
11
46.148 50.560
12
50.560 56.023
13
56.023 61.308
14
61.308 67.393
15
67.393 72.635
16
72.635 77.713
17
77.713 81.110
18
81.110 87.688
19
87.688 90.780
20
90.780 96.275
21
96.275 101.770
22
101.770 107.710
23
107.710 112.820
24
112.820 117.322
25
117.322 121.987
26
121.987 125.770
27
125.770 130.725
28
130.725 134.946
29
134.946 139.824
30
139.824 144.525
31
144.525 146.930
32
146.930 151.756
33
151.756 154.950
34
154.950 160.015
35
160.015 165.080
36
165.080 171.866
37
171.866 177.159
38
177.159 181.890
39
181.890 185.706
40
185.706 188.020
41
188.020 195.675
42
195.675 201.441
43
201.441 208.470
44
208.470 212.478
45
212.478 214.796
46
214.796 219.437
47
219.437 222.050
