0
0.000 4.404
1
4.404 9.257
2
9.257 13.790
3
13.790 17.493
4
17.493 21.973
5
21.973 27.443
6
27.443 32.325
7
32.325 37.197
8
37.197 41.600
9
41.600 46.591
10
46.591 52.060
11
52.060 55.498
12
55.498 58.721
13
58.721 61.719
14
61.719 63.240
15
63.240 67.405
16
67.405 71.570
17
71.570 73.432
18
73.432 77.555
19
77.555 82.322
20
82.322 86.860
21
86.860 91.966
22
91.966 95.852
23
95.852 100.657
24
100.657 105.338
25
105.338 109.610
26
109.610 116.627
27
116.627 121.468
28
121.468 126.195
29
126.195 131.467
30
131.467 137.862
31
137.862 142.340
32
142.340 146.662
33
146.662 151.341
34
151.341 156.755
35
156.755 161.765
36
161.765 166.955
37
166.955 169.158
38
169.158 172.720
39
172.720 177.394
40
177.394 179.368
41
179.368 185.087
42
185.087 188.790
43
188.790 192.594
44
192.594 195.409
45
195.409 198.610
46
198.610 200.823
47
200.823 205.340
48
205.340 210.429
49
210.429 215.500
50
215.500 220.936
51
220.936 227.847
52
227.847 233.385
53
233.385 236.114
54
236.114 241.502
55
241.502 247.300
56
247.300 250.448
57
250.448 254.710
58
254.710 259.680
59
259.680 266.480
60
266.480 271.128
61
271.128 275.934
62
275.934 280.871
63
280.871 285.680
64
285.680 291.021
65
291.021 296.970
66
296.970 302.040
67
302.040 307.055
68
307.055 311.761
69
311.761 316.668
70
316.668 319.460
71
319.460 323.494
72
323.494 329.190
73
329.190 334.165
74
334.165 339.600
75
339.600 344.430
76
344.430 348.426
77
348.426 349.260
78
349.260 353.660
79
353.660 358.060
80
358.060 360.684
81
360.684 363.305
82
363.305 367.950
83
367.950 372.772
84
372.772 374.914
85
374.914 378.182
86
378.182 382.414
87
382.414 384.060
88
384.060 386.662
89
386.662 388.605
90
388.605 393.497
91
393.497 398.434
92
398.434 402.851
93
402.851 407.220
94
407.220 410.964
95
410.964 415.614
96
415.614 419.460
97
419.460 422.520
98
422.520 427.350
99
427.350 432.066
100
432.066 436.030
101
436.030 438.446
102
438.446 443.000
103
443.000 445.875
104
445.875 449.130
105
449.130 450.186
106
450.186 454.740
