0
0.000 4.234
1
4.234 7.960
2
7.960 12.640
3
12.640 15.389
4
15.389 18.470
5
18.470 22.288
6
22.288 26.310
7
26.310 27.519
8
27.519 29.820
9
29.820 34.549
10
34.549 35.280
11
35.280 40.359
12
40.359 44.680
13
44.680 49.678
14
49.678 55.974
15
55.974 60.017
16
60.017 63.369
17
63.369 65.290
18
65.290 69.603
19
69.603 71.692
20
71.692 75.470
21
75.470 79.868
22
79.868 81.183
23
81.183 85.580
24
85.580 89.246
25
89.246 92.245
26
92.245 96.460
27
96.460 98.872
28
98.872 101.822
29
101.822 104.953
30
104.953 108.690
31
108.690 113.666
32
113.666 118.657
33
118.657 123.320
34
123.320 127.610
35
127.610 130.264
36
130.264 134.964
37
134.964 139.770
38
139.770 144.228
39
144.228 147.735
40
147.735 153.790
41
153.790 157.463
42
157.463 159.820
43
159.820 165.133
44
165.133 170.640
45
170.640 175.430
46
175.430 180.092
47
180.092 182.219
48
182.219 185.537
49
185.537 189.383
50
189.383 193.200
51
193.200 196.188
52
196.188 198.905
53
198.905 202.903
54
202.903 204.753
55
204.753 208.763
56
208.763 210.490
57
210.490 214.258
58
214.258 218.261
59
218.261 221.931
60
221.931 226.393
61
226.393 230.030
62
230.030 232.960
63
232.960 237.320
64
237.320 242.655
65
242.655 247.692
66
247.692 252.611
67
252.611 259.281
68
259.281 265.530
69
265.530 268.249
70
268.249 273.347
71
273.347 279.710
72
279.710 284.605
73
284.605 289.500
74
289.500 296.090
75
296.090 301.043
76
301.043 305.260
77
305.260 310.261
78
310.261 315.508
79
315.508 320.760
80
320.760 326.828
81
326.828 331.291
82
331.291 335.640
83
335.640 341.924
84
341.924 345.070
85
345.070 351.910
86
351.910 354.708
87
354.708 359.960
88
359.960 362.953
89
362.953 365.355
90
365.355 369.864
91
369.864 374.510
92
374.510 377.706
93
377.706 383.462
94
383.462 388.655
95
388.655 391.205
96
391.205 395.360
97
395.360 400.490
98
400.490 403.819
99
403.819 405.620
100
405.620 407.487
101
407.487 412.018
102
412.018 414.030
103
414.030 417.031
104
417.031 420.932
105
420.932 423.924
106
423.924 428.327
107
428.327 428.928
108
428.928 432.315
109
432.315 434.210
