0
0.000 2.859
1
2.859 5.480
2
5.480 9.347
3
9.347 11.077
4
11.077 15.410
5
15.410 20.390
6
20.390 25.991
7
25.991 30.803
8
30.803 35.400
9
35.400 41.050
10
41.050 45.356
11
45.356 50.980
12
50.980 54.959
13
54.959 59.708
14
59.708 64.580
15
64.580 66.796
16
66.796 71.764
17
71.764 76.285
18
76.285 78.699
19
78.699 83.200
20
83.200 87.268
21
87.268 90.680
22
90.680 95.649
23
95.649 100.026
24
100.026 104.086
25
104.086 105.180
26
105.180 106.212
27
106.212 110.425
28
110.425 113.700
29
113.700 117.590
30
117.590 118.352
31
118.352 120.120
32
120.120 125.024
33
125.024 127.697
34
127.697 131.800
35
131.800 136.546
36
136.546 140.558
37
140.558 145.344
38
145.344 148.948
39
148.948 152.100
40
152.100 154.138
41
154.138 157.795
42
157.795 161.900
43
161.900 165.910
44
165.910 169.920
45
169.920 174.172
46
174.172 177.480
47
177.480 182.140
48
182.140 183.280
49
183.280 188.216
50
188.216 190.870
