0
0.000 4.662
1
4.662 6.710
2
6.710 7.396
3
7.396 11.787
4
11.787 15.920
5
15.920 22.326
6
22.326 27.426
7
27.426 32.420
8
32.420 38.505
9
38.505 43.652
10
43.652 49.390
11
49.390 52.594
12
52.594 56.070
13
56.070 57.113
14
57.113 61.810
15
61.810 63.298
16
63.298 65.902
17
65.902 70.615
18
70.615 73.649
19
73.649 77.670
20
77.670 82.610
21
82.610 86.964
22
86.964 88.800
23
88.800 92.280
24
92.280 94.130
25
94.130 94.929
26
94.929 96.083
27
96.083 100.890
28
100.890 101.940
29
101.940 103.514
30
103.514 104.388
31
104.388 108.213
32
108.213 112.970
33
112.970 116.907
34
116.907 117.570
35
117.570 122.084
36
122.084 124.590
37
124.590 127.621
38
127.621 132.403
39
132.403 133.075
40
133.075 137.784
41
137.784 139.466
42
139.466 144.127
43
144.127 148.102
44
148.102 151.827
45
151.827 155.990
46
155.990 157.630
47
157.630 160.550
48
160.550 165.070
49
165.070 168.330
50
168.330 172.640
51
172.640 176.950
52
176.950 181.350
53
181.350 185.750
54
185.750 188.802
55
188.802 191.240
56
191.240 196.790
57
196.790 200.700
58
200.700 203.322
59
203.322 207.395
60
207.395 209.085
61
209.085 213.643
62
213.643 218.475
63
218.475 222.860
64
222.860 227.475
65
227.475 232.090
66
232.090 239.670
67
239.670 245.015
68
245.015 250.360
69
250.360 255.237
70
255.237 258.431
71
258.431 262.570
72
262.570 267.027
73
267.027 271.615
74
271.615 276.307
75
276.307 281.220
76
281.220 285.462
77
285.462 289.060
78
289.060 291.244
79
291.244 295.285
80
295.285 300.810
81
300.810 305.781
82
305.781 309.420
83
309.420 313.061
84
313.061 316.780
85
316.780 321.552
86
321.552 324.900
87
324.900 329.146
88
329.146 333.660
89
333.660 337.194
90
337.194 341.623
91
341.623 343.890
