0
0.000 4.136
1
4.136 6.390
2
6.390 10.865
3
10.865 14.933
4
14.933 19.824
5
19.824 25.353
6
25.353 30.720
7
30.720 35.605
8
35.605 37.888
9
37.888 42.995
10
42.995 47.480
11
47.480 51.949
12
51.949 55.980
13
55.980 61.277
14
61.277 66.430
15
66.430 69.498
16
69.498 72.429
17
72.429 77.060
18
77.060 81.979
19
81.979 85.940
20
85.940 88.649
21
88.649 93.787
22
93.787 98.690
23
98.690 102.348
24
102.348 104.847
25
104.847 109.563
26
109.563 115.888
27
115.888 122.660
28
122.660 127.790
29
127.790 129.920
30
129.920 130.875
31
130.875 134.260
32
134.260 142.530
33
142.530 146.008
34
146.008 149.265
35
149.265 152.460
36
152.460 156.130
37
156.130 159.023
38
159.023 162.782
39
162.782 165.764
40
165.764 170.330
41
170.330 175.125
42
175.125 179.920
43
179.920 185.495
44
185.495 190.004
45
190.004 193.110
46
193.110 197.894
47
197.894 199.632
48
199.632 201.780
49
201.780 206.472
50
206.472 209.588
51
209.588 213.203
52
213.203 215.150
53
215.150 217.914
54
217.914 221.731
55
221.731 230.345
56
230.345 232.490
57
232.490 236.202
58
236.202 239.160
59
239.160 244.200
60
244.200 248.121
61
248.121 251.830
62
251.830 256.480
63
256.480 259.223
64
259.223 263.099
65
263.099 268.071
66
268.071 270.986
67
270.986 274.730
68
274.730 280.010
69
280.010 284.214
70
284.214 287.654
71
287.654 292.502
72
292.502 293.390
73
293.390 296.781
74
296.781 301.620
75
301.620 305.297
76
305.297 308.260
77
308.260 311.817
78
311.817 312.945
79
312.945 317.630
