0
0.000 5.660
1
5.660 11.320
2
11.320 17.790
3
17.790 26.496
4
26.496 31.558
5
31.558 34.070
6
34.070 37.832
7
37.832 41.165
8
41.165 45.445
9
45.445 47.980
10
47.980 51.952
11
51.952 56.362
12
56.362 59.200
13
59.200 61.799
14
61.799 65.230
15
65.230 69.282
16
69.282 71.260
17
71.260 75.710
18
75.710 77.870
19
77.870 81.285
20
81.285 85.331
21
85.331 89.719
22
89.719 93.240
23
93.240 96.816
24
96.816 100.994
25
100.994 103.820
26
103.820 107.808
27
107.808 109.708
28
109.708 114.171
29
114.171 118.530
30
118.530 122.552
31
122.552 126.440
32
126.440 130.892
33
130.892 134.320
34
134.320 139.110
35
139.110 142.246
36
142.246 146.500
37
146.500 150.187
38
150.187 153.300
39
153.300 157.608
40
157.608 162.063
41
162.063 166.120
42
166.120 170.215
43
170.215 172.170
44
172.170 176.522
45
176.522 180.190
46
180.190 183.476
47
183.476 185.570
48
185.570 190.162
49
190.162 192.420
50
192.420 196.429
51
196.429 200.394
52
200.394 201.643
53
201.643 205.448
54
205.448 208.185
55
208.185 210.311
56
210.311 212.935
57
212.935 217.443
58
217.443 221.833
59
221.833 225.754
60
225.754 229.330
61
229.330 231.364
62
231.364 236.465
63
236.465 240.643
64
240.643 243.382
65
243.382 247.245
66
247.245 251.546
67
251.546 253.103
68
253.103 257.955
69
257.955 261.720
70
261.720 266.630
