0
0.000 3.895
1
3.895 8.510
2
8.510 11.186
3
11.186 14.913
4
14.913 16.181
5
16.181 21.081
6
21.081 25.155
7
25.155 29.110
8
29.110 31.364
9
31.364 35.940
10
35.940 39.706
11
39.706 43.824
12
43.824 48.324
13
48.324 53.145
14
53.145 56.949
15
56.949 58.700
16
58.700 63.535
17
63.535 64.253
18
64.253 69.106
19
69.106 73.460
20
73.460 77.855
21
77.855 82.530
22
82.530 85.917
23
85.917 88.596
24
88.596 92.600
25
92.600 96.360
26
96.360 101.222
27
101.222 105.070
28
105.070 110.780
29
110.780 114.765
30
114.765 117.520
31
117.520 121.476
32
121.476 125.850
33
125.850 129.916
34
129.916 130.750
35
130.750 134.979
36
134.979 140.735
37
140.735 145.712
38
145.712 148.897
39
148.897 154.550
40
154.550 158.630
41
158.630 162.582
42
162.582 166.670
43
166.670 167.345
44
167.345 171.680
45
171.680 175.250
46
175.250 179.920
47
179.920 183.983
48
183.983 188.210
49
188.210 193.607
50
193.607 198.607
51
198.607 202.930
52
202.930 207.120
53
207.120 212.185
54
212.185 216.733
55
216.733 217.250
56
217.250 221.508
57
221.508 224.830
58
224.830 228.630
59
228.630 232.150
60
232.150 235.952
61
235.952 237.570
62
237.570 241.320
63
241.320 244.731
64
244.731 249.780
65
249.780 252.853
66
252.853 256.201
67
256.201 261.173
68
261.173 263.349
69
263.349 268.840
70
268.840 275.526
71
275.526 280.599
72
280.599 285.315
73
285.315 290.258
74
290.258 291.944
75
291.944 295.974
76
295.974 297.650
77
297.650 301.266
78
301.266 305.238
79
305.238 309.070
80
309.070 314.084
81
314.084 320.870
82
320.870 326.710
83
326.710 330.180
84
330.180 331.510
85
331.510 335.780
86
335.780 338.352
87
338.352 341.680
88
341.680 343.664
89
343.664 348.315
90
348.315 349.955
91
349.955 353.884
92
353.884 357.353
93
357.353 360.938
94
360.938 361.978
95
361.978 364.950
96
364.950 369.414
97
369.414 371.444
98
371.444 375.533
99
375.533 379.577
100
379.577 381.580
101
381.580 385.938
102
385.938 390.402
103
390.402 394.280
104
394.280 397.480
105
397.480 402.860
106
402.860 407.356
107
407.356 410.610
108
410.610 413.015
109
413.015 415.810
110
415.810 418.891
111
418.891 424.452
112
424.452 429.859
113
429.859 434.757
114
434.757 442.310
115
442.310 446.882
116
446.882 450.605
117
450.605 453.930
118
453.930 456.128
119
456.128 459.266
120
459.266 461.086
121
461.086 465.141
122
465.141 470.043
123
470.043 472.713
124
472.713 474.695
125
474.695 476.829
126
476.829 480.450
127
480.450 482.681
128
482.681 486.726
129
486.726 489.245
130
489.245 492.560
131
492.560 496.654
132
496.654 500.098
133
500.098 502.490
134
502.490 507.061
135
507.061 508.010
136
508.010 512.237
137
512.237 516.717
138
516.717 520.309
