0
0.000 2.963
1
2.963 7.420
2
7.420 11.723
3
11.723 15.800
4
15.800 20.160
5
20.160 23.958
6
23.958 24.965
7
24.965 27.986
8
27.986 29.700
9
29.700 34.730
10
34.730 35.658
11
35.658 38.183
12
38.183 41.418
13
41.418 44.920
14
44.920 45.841
15
45.841 47.760
16
47.760 51.378
17
51.378 55.605
18
55.605 59.289
19
59.289 63.524
20
63.524 66.977
21
66.977 69.470
22
69.470 73.890
23
73.890 76.512
24
76.512 78.655
25
78.655 82.021
26
82.021 83.420
27
83.420 87.435
28
87.435 89.737
29
89.737 94.340
30
94.340 98.038
31
98.038 102.134
32
102.134 106.425
33
106.425 108.465
34
108.465 111.830
35
111.830 115.551
36
115.551 117.995
37
117.995 121.994
38
121.994 124.160
39
124.160 128.600
40
128.600 132.258
41
132.258 136.736
42
136.736 140.500
43
140.500 144.449
44
144.449 148.745
45
148.745 151.899
46
151.899 154.995
47
154.995 159.930
48
159.930 163.630
49
163.630 166.742
50
166.742 170.500
51
170.500 174.964
52
174.964 177.080
53
177.080 181.179
54
181.179 183.660
55
183.660 186.810
56
186.810 189.746
57
189.746 194.181
58
194.181 198.513
59
198.513 202.084
60
202.084 207.066
61
207.066 212.620
62
212.620 218.076
63
218.076 223.370
64
223.370 228.240
65
228.240 232.915
66
232.915 237.393
67
237.393 243.530
68
243.530 249.610
69
249.610 253.106
70
253.106 255.690
71
255.690 259.810
72
259.810 262.029
73
262.029 266.480
74
266.480 271.792
75
271.792 276.070
76
276.070 282.816
77
282.816 288.550
78
288.550 291.910
79
291.910 293.840
80
293.840 297.382
81
297.382 300.710
82
300.710 305.682
83
305.682 308.197
84
308.197 313.110
85
313.110 317.230
86
317.230 319.745
87
319.745 323.705
88
323.705 326.380
