0
0.000 4.016
1
4.016 5.955
2
5.955 8.320
3
8.320 11.164
4
11.164 14.008
5
14.008 16.600
6
16.600 17.944
7
17.944 21.758
8
21.758 24.510
9
24.510 28.121
10
28.121 30.226
11
30.226 32.170
12
32.170 36.275
13
36.275 40.170
14
40.170 43.663
15
43.663 47.690
16
47.690 51.243
17
51.243 54.356
18
54.356 56.530
19
56.530 60.930
20
60.930 62.755
21
62.755 64.997
22
64.997 68.562
23
68.562 71.940
24
71.940 73.914
25
73.914 76.976
26
76.976 79.860
27
79.860 83.999
28
83.999 87.454
29
87.454 90.400
30
90.400 94.790
31
94.790 98.570
32
98.570 102.696
33
102.696 105.150
34
105.150 108.322
35
108.322 111.250
36
111.250 113.563
37
113.563 118.309
38
118.309 122.340
39
122.340 126.985
40
126.985 130.434
41
130.434 131.630
42
131.630 135.057
43
135.057 138.824
44
138.824 140.450
45
140.450 145.462
46
145.462 148.675
47
148.675 150.228
48
150.228 154.672
49
154.672 158.930
50
158.930 163.200
51
163.200 166.124
52
166.124 168.040
53
168.040 168.817
54
168.817 174.838
55
174.838 179.676
56
179.676 183.610
57
183.610 186.910
58
186.910 191.194
59
191.194 196.010
60
196.010 200.410
61
200.410 204.810
62
204.810 209.518
63
209.518 214.436
64
214.436 218.559
65
218.559 224.015
66
224.015 230.242
67
230.242 236.283
68
236.283 242.475
69
242.475 248.740
70
248.740 253.037
71
253.037 256.920
72
256.920 261.150
73
261.150 261.910
74
261.910 266.745
75
266.745 269.700
76
269.700 274.412
77
274.412 278.662
78
278.662 283.656
79
283.656 288.365
80
288.365 292.988
81
292.988 295.504
82
295.504 298.905
83
298.905 303.645
84
303.645 305.650
85
305.650 307.750
86
307.750 312.318
87
312.318 312.934
88
312.934 314.730
89
314.730 318.500
90
318.500 321.678
91
321.678 327.630
92
327.630 331.051
93
331.051 336.310
94
336.310 340.442
95
340.442 345.236
96
345.236 349.746
97
349.746 353.710
98
353.710 354.306
99
354.306 358.310
100
358.310 361.972
101
361.972 366.320
102
366.320 368.873
103
368.873 373.871
104
373.871 378.760
105
378.760 381.249
106
381.249 384.715
107
384.715 387.916
108
387.916 391.404
109
391.404 394.909
110
394.909 399.848
111
399.848 402.235
112
402.235 405.807
113
405.807 410.617
114
410.617 415.024
115
415.024 418.477
116
418.477 422.807
117
422.807 423.840
118
423.840 427.329
119
427.329 432.400
