0
0.000 2.302
1
2.302 6.615
2
6.615 10.238
3
10.238 14.645
4
14.645 15.866
5
15.866 20.424
6
20.424 24.830
7
24.830 28.488
8
28.488 31.600
9
31.600 35.714
10
35.714 38.730
11
38.730 42.127
12
42.127 45.835
13
45.835 49.390
14
49.390 53.227
15
53.227 56.690
16
56.690 60.601
17
60.601 64.749
18
64.749 68.385
19
68.385 71.241
20
71.241 75.865
21
75.865 79.581
22
79.581 83.591
23
83.591 87.758
24
87.758 89.450
25
89.450 93.672
26
93.672 94.969
27
94.969 98.760
28
98.760 102.350
29
102.350 105.892
30
105.892 108.711
31
108.711 111.440
32
111.440 115.319
33
115.319 119.507
34
119.507 122.800
35
122.800 124.226
36
124.226 127.734
37
127.734 128.340
38
128.340 133.181
39
133.181 135.351
40
135.351 139.226
41
139.226 142.890
42
142.890 146.258
43
146.258 149.976
44
149.976 153.580
45
153.580 158.020
46
158.020 161.844
47
161.844 165.002
48
165.002 168.970
49
168.970 170.798
50
170.798 174.615
51
174.615 178.281
52
178.281 180.260
53
180.260 182.793
54
182.793 184.970
55
184.970 189.258
56
189.258 191.350
57
191.350 194.437
58
194.437 197.730
59
197.730 201.523
60
201.523 204.430
61
204.430 207.558
62
207.558 211.045
63
211.045 215.326
64
215.326 219.707
65
219.707 223.626
66
223.626 226.256
67
226.256 230.100
68
230.100 234.319
69
234.319 238.013
70
238.013 241.270
71
241.270 244.787
72
244.787 246.975
73
246.975 250.675
74
250.675 254.536
75
254.536 259.030
76
259.030 263.672
77
263.672 267.680
78
267.680 272.337
79
272.337 273.706
80
273.706 278.157
81
278.157 282.821
82
282.821 286.907
83
286.907 290.620
84
290.620 295.098
85
295.098 299.696
86
299.696 300.734
87
300.734 304.600
88
304.600 308.620
89
308.620 313.108
90
313.108 317.760
91
317.760 320.895
92
320.895 325.320
93
325.320 329.813
94
329.813 331.890
95
331.890 335.460
96
335.460 338.803
97
338.803 342.530
98
342.530 343.739
99
343.739 347.044
100
347.044 347.931
101
347.931 351.022
102
351.022 355.335
103
355.335 358.870
104
358.870 361.580
105
361.580 365.095
106
365.095 367.670
107
367.670 369.456
108
369.456 373.434
109
373.434 377.625
110
377.625 381.200
111
381.200 386.990
112
386.990 391.858
113
391.858 394.670
114
394.670 397.554
115
397.554 402.850
116
402.850 406.412
117
406.412 408.830
118
408.830 412.860
119
412.860 417.945
120
417.945 423.050
121
423.050 428.165
122
428.165 431.511
123
431.511 436.620
124
436.620 442.200
125
442.200 448.520
