0
0.000 7.313
1
7.313 12.895
2
12.895 18.252
3
18.252 24.850
4
24.850 30.560
5
30.560 35.570
6
35.570 40.517
7
40.517 46.005
8
46.005 51.878
9
51.878 57.870
10
57.870 61.990
11
61.990 66.110
12
66.110 70.142
13
70.142 74.710
14
74.710 80.170
15
80.170 85.318
16
85.318 90.257
17
90.257 93.590
18
93.590 99.579
19
99.579 103.491
20
103.491 108.280
21
108.280 112.010
22
112.010 115.840
23
115.840 120.696
24
120.696 123.270
25
123.270 128.428
26
128.428 135.680
27
135.680 140.990
28
140.990 145.850
29
145.850 151.742
30
151.742 158.140
31
158.140 163.970
32
163.970 168.985
33
168.985 175.770
34
175.770 180.664
35
180.664 185.095
36
185.095 191.358
37
191.358 197.330
38
197.330 202.208
39
202.208 207.077
40
207.077 213.003
41
213.003 217.796
42
217.796 222.450
43
222.450 228.377
44
228.377 231.458
45
231.458 235.970
46
235.970 241.255
47
241.255 246.305
48
246.305 253.390
49
253.390 258.120
50
258.120 261.500
51
261.500 266.945
52
266.945 271.432
53
271.432 276.846
54
276.846 282.005
55
282.005 285.440
56
285.440 290.240
57
290.240 296.180
58
296.180 298.722
59
298.722 304.489
60
304.489 309.826
61
309.826 315.266
62
315.266 319.170
63
319.170 324.141
64
324.141 327.803
65
327.803 332.490
66
332.490 339.420
67
339.420 344.776
68
344.776 350.230
69
350.230 355.675
70
355.675 361.960
71
361.960 366.955
72
366.955 371.950
73
371.950 376.590
74
376.590 381.242
75
381.242 386.315
76
386.315 391.305
77
391.305 392.635
78
392.635 397.440
79
397.440 403.082
80
403.082 407.787
81
407.787 411.887
82
411.887 416.558
83
416.558 421.905
84
421.905 427.152
85
427.152 430.606
86
430.606 434.300
87
434.300 439.157
88
439.157 441.760
89
441.760 447.350
90
447.350 455.130
91
455.130 462.910
