0
0.000 6.710
1
6.710 11.510
2
11.510 16.090
3
16.090 20.212
4
20.212 24.223
5
24.223 25.060
6
25.060 28.949
7
28.949 33.258
8
33.258 35.130
9
35.130 39.484
10
39.484 43.658
11
43.658 48.175
12
48.175 53.220
13
53.220 57.338
14
57.338 63.410
15
63.410 68.016
16
68.016 70.830
17
70.830 75.430
18
75.430 76.403
19
76.403 81.941
20
81.941 86.648
21
86.648 91.545
22
91.545 93.230
23
93.230 98.299
24
98.299 103.445
25
103.445 107.940
26
107.940 111.710
27
111.710 116.625
28
116.625 121.540
29
121.540 125.110
30
125.110 130.120
31
130.120 135.502
32
135.502 141.622
33
141.622 145.824
34
145.824 150.038
35
150.038 153.830
36
153.830 157.025
37
157.025 160.849
38
160.849 162.638
39
162.638 168.390
40
168.390 172.862
41
172.862 177.972
42
177.972 185.456
43
185.456 187.389
44
187.389 189.490
45
189.490 192.198
46
192.198 195.037
47
195.037 197.490
48
197.490 201.550
49
201.550 205.610
