0
0.000 8.856
1
8.856 10.671
2
10.671 15.833
3
15.833 19.130
4
19.130 22.197
5
22.197 27.415
6
27.415 31.890
7
31.890 37.180
8
37.180 39.367
9
39.367 43.496
10
43.496 50.397
11
50.397 55.198
12
55.198 60.090
13
60.090 63.742
14
63.742 68.280
15
68.280 73.911
16
73.911 75.710
17
75.710 80.482
18
80.482 85.139
19
85.139 89.030
20
89.030 92.417
21
92.417 96.456
22
96.456 100.114
23
100.114 102.200
24
102.200 108.030
25
108.030 108.700
26
108.700 115.449
27
115.449 118.023
28
118.023 120.149
29
120.149 122.921
30
122.921 125.706
31
125.706 129.632
32
129.632 135.327
33
135.327 137.019
34
137.019 139.717
35
139.717 143.656
36
143.656 146.426
37
146.426 151.700
38
151.700 157.410
39
157.410 162.557
40
162.557 165.737
41
165.737 168.930
42
168.930 169.528
43
169.528 171.151
44
171.151 176.462
45
176.462 180.340
46
180.340 184.985
47
184.985 187.748
48
187.748 191.548
49
191.548 196.270
50
196.270 198.245
51
198.245 202.910
52
202.910 206.330
53
206.330 210.459
54
210.459 214.627
55
214.627 218.789
56
218.789 223.457
57
223.457 229.298
58
229.298 233.019
59
233.019 236.905
60
236.905 239.805
61
239.805 244.405
62
244.405 249.121
63
249.121 250.763
64
250.763 253.414
65
253.414 255.079
66
255.079 258.417
67
258.417 260.310
68
260.310 263.049
69
263.049 265.220
70
265.220 269.080
71
269.080 271.881
72
271.881 276.094
73
276.094 279.560
74
279.560 283.455
75
283.455 286.252
76
286.252 287.794
77
287.794 290.124
78
290.124 294.996
79
294.996 299.520
80
299.520 303.276
81
303.276 307.830
82
307.830 314.502
83
314.502 319.789
84
319.789 324.620
85
324.620 330.280
86
330.280 334.350
87
334.350 337.362
88
337.362 341.311
89
341.311 344.000
90
344.000 349.800
91
349.800 353.664
92
353.664 356.459
93
356.459 359.318
94
359.318 363.693
95
363.693 368.140
96
368.140 370.484
97
370.484 375.384
98
375.384 378.246
99
378.246 381.701
100
381.701 386.860
101
386.860 390.095
102
390.095 394.316
103
394.316 399.436
104
399.436 404.191
105
404.191 405.032
106
405.032 409.279
107
409.279 413.902
108
413.902 419.692
109
419.692 422.950
110
422.950 428.725
111
428.725 430.380
