0
0.000 8.814
1
8.814 13.710
2
13.710 20.470
3
20.470 23.191
4
23.191 28.178
5
28.178 32.688
6
32.688 37.310
7
37.310 42.420
8
42.420 44.191
9
44.191 48.355
10
48.355 51.500
11
51.500 54.011
12
54.011 55.539
13
55.539 59.630
14
59.630 62.682
15
62.682 67.744
16
67.744 73.395
17
73.395 78.153
18
78.153 83.310
19
83.310 83.959
20
83.959 89.060
21
89.060 91.098
22
91.098 95.795
23
95.795 100.299
24
100.299 103.910
25
103.910 106.840
26
106.840 109.683
27
109.683 117.575
28
117.575 122.618
29
122.618 127.611
30
127.611 131.122
31
131.122 133.664
32
133.664 137.830
33
137.830 142.662
34
142.662 145.581
35
145.581 150.310
36
150.310 155.580
37
155.580 160.787
38
160.787 165.709
39
165.709 171.043
40
171.043 176.027
41
176.027 181.378
42
181.378 186.175
43
186.175 189.941
44
189.941 192.025
45
192.025 196.620
46
196.620 200.820
47
200.820 205.020
48
205.020 209.851
49
209.851 214.540
50
214.540 220.223
51
220.223 225.137
52
225.137 229.729
53
229.729 234.153
54
234.153 238.496
55
238.496 244.068
56
244.068 250.169
57
250.169 251.418
58
251.418 256.746
59
256.746 258.033
60
258.033 262.633
61
262.633 265.751
62
265.751 270.446
63
270.446 275.667
64
275.667 279.393
65
279.393 283.588
66
283.588 286.170
67
286.170 290.943
68
290.943 297.728
69
297.728 298.348
70
298.348 302.905
71
302.905 307.572
72
307.572 309.950
73
309.950 313.453
74
313.453 318.750
75
318.750 324.847
76
324.847 329.531
77
329.531 333.870
78
333.870 338.550
79
338.550 342.816
80
342.816 345.704
81
345.704 350.725
82
350.725 356.042
83
356.042 356.906
84
356.906 361.705
85
361.705 364.990
86
364.990 368.567
87
368.567 373.457
88
373.457 377.467
89
377.467 380.074
90
380.074 384.934
91
384.934 389.467
92
389.467 393.035
93
393.035 395.350
94
395.350 397.261
95
397.261 402.817
96
402.817 407.010
97
407.010 410.773
98
410.773 416.420
99
416.420 418.640
100
418.640 424.440
101
424.440 427.543
102
427.543 432.194
103
432.194 435.533
104
435.533 438.689
105
438.689 443.092
106
443.092 448.851
107
448.851 455.041
108
455.041 459.870
109
459.870 464.697
110
464.697 466.390
111
466.390 471.570
112
471.570 475.707
113
475.707 480.555
114
480.555 484.705
115
484.705 489.891
116
489.891 494.657
117
494.657 498.869
118
498.869 500.737
119
500.737 506.810
120
506.810 511.468
121
511.468 516.463
122
516.463 520.583
123
520.583 525.416
124
525.416 526.961
125
526.961 530.868
126
530.868 535.415
127
535.415 541.777
128
541.777 545.456
129
545.456 550.275
130
550.275 555.566
131
555.566 561.700
132
561.700 568.376
133
568.376 573.113
134
573.113 577.806
135
577.806 586.079
136
586.079 590.640
137
590.640 595.755
138
595.755 600.172
139
600.172 603.500
140
603.500 607.030
141
607.030 613.160
142
613.160 617.490
143
617.490 620.757
144
620.757 622.531
145
622.531 627.540
146
627.540 632.243
147
632.243 636.948
148
636.948 641.230
149
641.230 645.709
150
645.709 651.837
151
651.837 656.823
152
656.823 658.830
153
658.830 661.866
154
661.866 667.223
155
667.223 670.380
156
670.380 673.745
157
673.745 678.417
158
678.417 683.430
159
683.430 689.670
160
689.670 694.780
161
694.780 699.890
162
699.890 702.384
163
702.384 706.220
164
706.220 712.135
165
712.135 716.143
166
716.143 718.050
167
718.050 724.050
168
724.050 729.312
169
729.312 734.210
170
734.210 736.321
171
736.321 738.280
172
738.280 740.978
173
740.978 743.364
174
743.364 751.993
175
751.993 756.743
176
756.743 758.860
177
758.860 761.902
178
761.902 765.940
179
765.940 769.995
180
769.995 773.607
181
773.607 778.472
182
778.472 779.110
183
779.110 785.000
184
785.000 790.533
185
790.533 793.615
186
793.615 797.520
187
797.520 801.177
188
801.177 805.991
189
805.991 810.424
190
810.424 815.317
191
815.317 819.346
192
819.346 824.373
193
824.373 829.710
194
829.710 834.358
195
834.358 838.590
196
838.590 841.559
197
841.559 846.590
198
846.590 851.258
199
851.258 856.890
200
856.890 861.587
201
861.587 866.041
202
866.041 869.776
203
869.776 870.485
204
870.485 875.252
205
875.252 881.550
206
881.550 889.630
207
889.630 891.563
208
891.563 894.784
209
894.784 899.019
210
899.019 901.630
