0
0.000 9.040
1
9.040 14.569
2
14.569 19.700
3
19.700 23.691
4
23.691 28.595
5
28.595 32.495
6
32.495 36.124
7
36.124 40.630
8
40.630 41.472
9
41.472 46.920
10
46.920 53.390
11
53.390 59.113
12
59.113 63.021
13
63.021 67.570
14
67.570 74.940
15
74.940 79.060
16
79.060 83.420
17
83.420 90.470
18
90.470 98.760
19
98.760 103.310
20
103.310 107.290
21
107.290 110.852
22
110.852 115.817
23
115.817 116.390
24
116.390 117.805
25
117.805 120.725
26
120.725 124.439
27
124.439 129.242
28
129.242 135.264
29
135.264 140.420
30
140.420 146.595
31
146.595 148.734
32
148.734 150.955
33
150.955 157.387
34
157.387 163.543
35
163.543 168.960
36
168.960 173.705
37
173.705 179.942
38
179.942 182.501
39
182.501 187.875
40
187.875 193.873
41
193.873 199.790
42
199.790 204.060
43
204.060 204.716
44
204.716 207.571
45
207.571 211.854
46
211.854 216.078
47
216.078 221.807
48
221.807 226.345
49
226.345 229.845
50
229.845 234.990
51
234.990 238.242
52
238.242 243.486
53
243.486 248.105
54
248.105 252.620
55
252.620 254.064
56
254.064 258.704
57
258.704 262.740
58
262.740 267.824
59
267.824 272.968
60
272.968 278.158
61
278.158 282.860
62
282.860 287.770
63
287.770 292.500
64
292.500 296.574
65
296.574 305.170
66
305.170 307.754
67
307.754 312.541
68
312.541 320.065
69
320.065 325.670
70
325.670 330.577
71
330.577 335.240
72
335.240 340.945
73
340.945 344.410
74
344.410 350.650
75
350.650 355.220
76
355.220 360.015
77
360.015 363.520
78
363.520 370.440
79
370.440 375.429
80
375.429 380.820
81
380.820 387.242
82
387.242 392.630
83
392.630 397.564
84
397.564 402.524
85
402.524 407.980
86
407.980 408.513
87
408.513 412.169
88
412.169 414.920
89
414.920 422.090
90
422.090 428.390
91
428.390 433.175
92
433.175 438.130
93
438.130 442.908
94
442.908 447.945
95
447.945 451.613
96
451.613 456.550
97
456.550 462.312
98
462.312 466.695
99
466.695 471.387
100
471.387 478.444
101
478.444 483.235
102
483.235 487.951
103
487.951 492.165
104
492.165 498.197
105
498.197 503.090
106
503.090 505.530
107
505.530 511.100
108
511.100 515.798
109
515.798 520.061
110
520.061 522.167
111
522.167 525.692
112
525.692 530.922
113
530.922 535.379
114
535.379 539.498
115
539.498 546.119
116
546.119 549.430
117
549.430 556.000
118
556.000 561.851
119
561.851 568.360
120
568.360 572.540
121
572.540 575.777
122
575.777 581.619
123
581.619 587.372
124
587.372 592.820
125
592.820 593.728
126
593.728 597.891
127
597.891 601.881
128
601.881 602.432
129
602.432 606.209
130
606.209 611.527
131
611.527 616.178
132
616.178 621.613
133
621.613 624.550
134
624.550 628.452
135
628.452 633.655
136
633.655 641.660
137
641.660 646.508
138
646.508 648.498
139
648.498 653.310
140
653.310 656.406
141
656.406 661.571
142
661.571 664.235
143
664.235 669.210
144
669.210 672.575
145
672.575 679.396
146
679.396 683.410
