0
0.000 7.672
1
7.672 13.210
2
13.210 16.687
3
16.687 20.080
4
20.080 25.265
5
25.265 28.991
6
28.991 30.450
7
30.450 38.360
8
38.360 43.210
9
43.210 48.070
10
48.070 51.646
11
51.646 58.670
12
58.670 63.850
13
63.850 70.221
14
70.221 74.120
15
74.120 78.860
16
78.860 82.770
17
82.770 84.930
18
84.930 89.070
19
89.070 93.855
20
93.855 97.653
21
97.653 100.836
22
100.836 104.170
23
104.170 107.341
24
107.341 114.840
25
114.840 122.780
26
122.780 128.081
27
128.081 130.860
28
130.860 133.930
29
133.930 139.864
30
139.864 143.100
31
143.100 148.430
32
148.430 155.520
33
155.520 160.370
34
160.370 164.450
35
164.450 169.320
36
169.320 174.062
37
174.062 177.100
38
177.100 184.590
39
184.590 190.620
40
190.620 193.720
41
193.720 198.160
42
198.160 204.990
43
204.990 211.770
44
211.770 215.980
45
215.980 216.849
46
216.849 220.830
47
220.830 222.393
48
222.393 227.670
49
227.670 234.544
50
234.544 240.525
51
240.525 245.412
52
245.412 251.904
53
251.904 254.990
54
254.990 261.429
55
261.429 265.790
56
265.790 270.533
57
270.533 274.790
58
274.790 278.360
59
278.360 284.120
60
284.120 289.698
61
289.698 295.362
62
295.362 299.046
63
299.046 304.000
64
304.000 307.405
65
307.405 309.319
66
309.319 314.732
67
314.732 319.090
68
319.090 324.573
69
324.573 331.470
70
331.470 334.783
71
334.783 335.520
72
335.520 344.150
73
344.150 349.020
74
349.020 353.360
75
353.360 361.050
76
361.050 364.580
77
364.580 368.440
78
368.440 376.300
79
376.300 381.430
80
381.430 387.510
81
387.510 392.900
82
392.900 400.275
83
400.275 402.840
84
402.840 410.076
85
410.076 415.656
86
415.656 420.850
87
420.850 426.604
88
426.604 431.234
89
431.234 434.560
90
434.560 437.700
91
437.700 444.425
92
444.425 447.040
93
447.040 454.783
94
454.783 456.954
95
456.954 463.374
96
463.374 466.895
97
466.895 471.690
98
471.690 477.440
99
477.440 480.562
100
480.562 482.130
101
482.130 486.905
102
486.905 491.924
103
491.924 496.865
104
496.865 500.910
105
500.910 506.500
106
506.500 511.362
107
511.362 516.670
108
516.670 520.530
109
520.530 526.897
110
526.897 530.560
111
530.560 536.675
112
536.675 541.184
113
541.184 545.318
114
545.318 549.610
115
549.610 556.240
116
556.240 561.888
117
561.888 567.496
118
567.496 572.370
119
572.370 576.744
120
576.744 577.263
121
577.263 580.240
122
580.240 585.540
