0
0.000 7.868
1
7.868 13.866
2
13.866 18.607
3
18.607 23.424
4
23.424 28.279
5
28.279 32.527
6
32.527 36.820
7
36.820 41.088
8
41.088 45.900
9
45.900 48.940
10
48.940 53.656
11
53.656 56.057
12
56.057 61.218
13
61.218 66.510
14
66.510 72.670
15
72.670 76.670
16
76.670 82.240
17
82.240 90.171
18
90.171 93.817
19
93.817 98.514
20
98.514 102.100
21
102.100 103.770
22
103.770 108.048
23
108.048 112.059
24
112.059 117.236
25
117.236 123.064
26
123.064 126.689
27
126.689 132.680
28
132.680 137.993
29
137.993 143.730
30
143.730 147.498
31
147.498 153.319
32
153.319 156.380
33
156.380 160.751
34
160.751 164.360
35
164.360 171.943
36
171.943 177.321
37
177.321 183.170
38
183.170 187.605
39
187.605 192.040
40
192.040 195.402
41
195.402 199.137
42
199.137 203.246
43
203.246 210.920
44
210.920 215.900
45
215.900 222.690
46
222.690 228.631
47
228.631 230.891
48
230.891 235.881
49
235.881 241.081
50
241.081 246.050
51
246.050 252.939
52
252.939 257.020
53
257.020 260.720
54
260.720 267.253
55
267.253 272.338
56
272.338 278.490
57
278.490 282.237
58
282.237 285.190
59
285.190 287.380
60
287.380 289.658
61
289.658 296.232
62
296.232 300.107
63
300.107 305.126
64
305.126 310.971
65
310.971 315.350
66
315.350 319.420
67
319.420 320.659
68
320.659 324.303
69
324.303 328.110
70
328.110 331.951
71
331.951 337.060
72
337.060 343.130
73
343.130 345.886
74
345.886 350.030
75
350.030 355.753
76
355.753 361.020
77
361.020 365.290
78
365.290 373.764
79
373.764 379.250
80
379.250 383.990
81
383.990 387.070
82
387.070 392.697
83
392.697 394.650
84
394.650 397.934
85
397.934 402.970
86
402.970 409.819
87
409.819 419.381
88
419.381 425.736
89
425.736 431.089
90
431.089 434.716
91
434.716 438.691
92
438.691 440.519
93
440.519 447.416
94
447.416 452.158
95
452.158 457.625
96
457.625 460.040
97
460.040 464.170
98
464.170 468.499
99
468.499 474.260
100
474.260 479.595
101
479.595 482.400
102
482.400 487.561
103
487.561 492.730
104
492.730 496.525
105
496.525 500.972
106
500.972 506.377
107
506.377 510.605
108
510.605 513.289
109
513.289 516.623
110
516.623 524.150
111
524.150 530.880
112
530.880 535.410
113
535.410 538.788
114
538.788 543.873
115
543.873 546.495
116
546.495 550.934
117
550.934 554.033
118
554.033 559.695
119
559.695 562.490
120
562.490 568.658
121
568.658 570.517
122
570.517 573.800
123
573.800 578.420
124
578.420 584.394
125
584.394 589.283
126
589.283 594.756
127
594.756 603.120
128
603.120 605.135
129
605.135 612.150
130
612.150 613.624
131
613.624 616.480
132
616.480 617.340
133
617.340 622.085
134
622.085 624.650
135
624.650 629.414
136
629.414 633.827
137
633.827 638.480
138
638.480 641.628
139
641.628 646.632
140
646.632 647.650
141
647.650 651.810
142
651.810 655.945
143
655.945 661.158
144
661.158 665.400
145
665.400 670.699
146
670.699 674.876
147
674.876 676.975
148
676.975 682.848
149
682.848 687.944
150
687.944 693.258
151
693.258 698.638
152
698.638 701.461
153
701.461 705.460
154
705.460 707.396
155
707.396 708.830
156
708.830 709.692
157
709.692 712.917
158
712.917 715.285
159
715.285 717.826
160
717.826 721.848
161
721.848 725.521
162
725.521 731.890
163
731.890 738.829
164
738.829 744.200
165
744.200 748.214
166
748.214 753.740
167
753.740 758.110
168
758.110 762.214
169
762.214 763.520
170
763.520 767.150
171
767.150 771.620
172
771.620 775.777
173
775.777 779.691
174
779.691 783.957
175
783.957 787.737
176
787.737 792.714
177
792.714 797.322
178
797.322 801.660
179
803.944 809.660
180
809.660 814.284
181
814.284 817.962
182
817.962 820.990
183
820.990 826.160
184
826.160 826.823
185
826.823 830.614
186
830.614 836.083
187
836.083 836.948
188
836.948 841.814
189
841.814 846.837
190
846.837 849.870
191
849.870 854.890
