0
0.000 8.532
1
8.532 11.170
2
11.170 16.270
3
16.270 22.986
4
22.986 28.145
5
28.145 30.890
6
30.890 35.730
7
35.730 40.709
8
40.709 43.760
9
43.760 48.410
10
48.410 53.553
11
53.553 61.010
12
61.010 61.937
13
61.937 64.297
14
64.297 69.983
15
69.983 78.620
16
78.620 84.528
17
84.528 88.540
18
88.540 89.277
19
89.277 93.676
20
93.676 95.180
21
95.180 96.653
22
96.653 100.736
23
100.736 106.750
24
106.750 109.630
25
109.630 110.647
26
110.647 113.885
27
113.885 121.315
28
121.315 126.504
29
126.504 131.603
30
131.603 135.178
31
135.178 137.180
32
137.180 142.510
33
142.510 148.910
34
148.910 153.417
35
153.417 157.786
36
157.786 163.986
37
163.986 169.190
38
169.190 172.579
39
172.579 175.700
40
175.700 180.581
41
180.581 185.057
42
185.057 190.157
43
190.157 194.630
44
194.630 199.080
45
199.080 203.624
46
203.624 207.860
47
207.860 212.740
48
212.740 217.392
49
217.392 221.253
50
221.253 223.041
51
223.041 228.411
52
228.411 233.415
53
233.415 240.010
54
240.010 245.280
55
245.280 248.480
56
248.480 253.376
57
253.376 257.398
58
257.398 261.704
59
261.704 266.724
60
266.724 271.571
61
271.571 273.834
62
273.834 279.772
63
279.772 281.817
64
281.817 283.010
65
283.010 285.830
66
285.830 290.876
67
290.876 297.200
68
297.200 301.717
69
301.717 303.570
70
303.570 308.412
71
308.412 313.008
72
313.008 315.620
73
315.620 320.294
74
320.294 326.240
75
326.240 333.155
76
333.155 338.399
77
338.399 343.610
78
343.610 347.330
79
347.330 351.720
80
351.720 356.110
81
356.110 361.410
82
361.410 364.591
83
364.591 365.690
84
365.690 371.333
85
371.333 374.830
86
374.830 378.300
87
378.300 383.430
88
383.430 388.408
89
388.408 393.472
90
393.472 398.365
91
398.365 403.741
92
403.741 409.118
93
409.118 413.980
94
413.980 417.771
95
417.771 422.835
96
422.835 426.410
97
426.410 431.320
98
431.320 436.860
99
436.860 442.090
100
442.090 449.126
101
449.126 453.566
102
453.566 458.552
103
458.552 463.280
104
463.280 469.839
105
469.839 470.700
106
470.700 475.548
107
475.548 478.680
108
478.680 481.850
109
481.850 485.020
