0
0.000 8.609
1
8.609 11.374
2
11.374 18.180
3
18.180 23.920
4
23.920 30.071
5
30.071 34.456
6
34.456 42.050
7
42.050 45.160
8
45.160 50.020
9
50.020 54.667
10
54.667 58.578
11
58.578 62.000
12
62.000 66.498
13
66.498 71.672
14
71.672 76.714
15
76.714 82.230
16
82.230 88.460
17
88.460 93.966
18
93.966 98.599
19
98.599 103.052
20
103.052 105.550
21
105.550 109.960
22
109.960 115.254
23
115.254 120.860
24
120.860 126.060
25
126.060 131.140
26
131.140 132.108
27
132.108 138.396
28
138.396 142.716
29
142.716 146.820
30
146.820 149.659
31
149.659 153.781
32
153.781 158.010
33
158.010 163.327
34
163.327 168.030
35
168.030 169.761
36
169.761 172.140
37
172.140 177.282
38
177.282 182.598
39
182.598 184.860
40
184.860 192.300
41
192.300 197.770
42
197.770 202.630
43
202.630 206.812
44
206.812 210.524
45
210.524 215.434
46
215.434 219.430
47
219.430 224.390
48
224.390 229.859
49
229.859 235.540
50
235.540 241.680
51
241.680 245.420
52
245.420 249.554
53
249.554 254.578
54
254.578 258.742
55
258.742 262.510
56
262.510 267.190
57
267.190 271.744
58
271.744 276.960
59
276.960 282.490
60
282.490 288.020
61
288.020 293.191
62
293.191 297.832
63
297.832 301.902
64
301.902 306.380
65
306.380 307.859
66
307.859 313.894
67
313.894 316.260
68
316.260 321.778
69
321.778 326.654
70
326.654 331.682
71
331.682 335.694
72
335.694 340.031
73
340.031 344.830
74
344.830 348.186
75
348.186 353.274
76
353.274 356.317
77
356.317 358.920
78
358.920 364.720
79
364.720 370.115
80
370.115 374.060
81
374.060 377.820
82
377.820 383.190
83
383.190 389.903
84
389.903 393.660
85
393.660 399.106
86
399.106 404.050
87
404.050 410.178
88
410.178 416.706
89
416.706 422.000
90
422.000 427.710
91
427.710 430.361
92
430.361 435.892
93
435.892 441.177
94
441.177 445.932
95
445.932 448.240
96
448.240 453.030
97
453.030 457.470
98
457.470 462.783
99
462.783 469.260
100
469.260 474.273
101
474.273 479.487
102
479.487 484.340
103
484.340 489.340
104
489.340 495.112
105
495.112 501.444
106
501.444 507.013
107
507.013 512.620
108
512.620 517.520
109
517.520 520.613
110
520.613 528.004
111
528.004 533.290
112
533.290 538.330
113
538.330 541.377
114
541.377 546.316
115
546.316 551.928
116
551.928 557.900
117
557.900 562.809
118
562.809 566.160
119
566.160 571.040
120
571.040 575.711
121
575.711 576.580
122
576.580 581.890
