0
0.000 8.327
1
8.327 10.620
2
10.620 17.921
3
17.921 22.025
4
22.025 26.930
5
26.930 29.118
6
29.118 32.500
7
32.500 36.249
8
36.249 41.346
9
41.346 44.630
10
44.630 48.910
11
48.910 51.502
12
51.502 54.690
13
54.690 59.616
14
59.616 63.470
15
63.470 68.990
16
68.990 75.349
17
75.349 81.634
18
81.634 86.973
19
86.973 91.769
20
91.769 95.862
21
95.862 98.040
22
98.040 102.554
23
102.554 107.437
24
107.437 112.290
25
112.290 117.220
26
117.220 120.649
27
120.649 126.343
28
126.343 131.478
29
131.478 136.569
30
136.569 142.141
31
142.141 147.819
32
147.819 152.928
33
152.928 157.666
34
157.666 163.320
35
163.320 167.940
36
167.940 172.205
37
172.205 173.203
38
173.203 178.308
39
178.308 182.368
40
182.368 186.422
41
186.422 192.989
42
192.989 197.890
43
197.890 204.176
44
204.176 209.024
45
209.024 214.010
46
214.010 218.800
47
218.800 223.587
48
223.587 228.192
49
228.192 233.028
50
233.028 238.030
51
238.030 242.061
52
242.061 247.960
53
247.960 254.873
54
254.873 256.980
55
256.980 261.048
56
261.048 265.083
57
265.083 270.530
58
270.530 275.950
59
275.950 280.743
60
280.743 285.420
61
285.420 290.480
62
290.480 295.470
63
295.470 300.170
64
300.170 304.837
65
304.837 306.161
66
306.161 307.751
67
307.751 310.460
68
310.460 314.850
69
314.850 320.420
70
320.420 323.390
71
323.390 328.448
72
328.448 332.768
73
332.768 338.230
74
338.230 343.367
75
343.367 348.206
76
348.206 356.405
77
356.405 361.936
78
361.936 366.896
79
366.896 370.885
80
370.885 374.037
81
374.037 379.051
82
379.051 382.880
83
382.880 387.620
84
387.620 391.805
85
391.805 397.403
86
397.403 401.911
87
401.911 406.261
88
406.261 410.994
89
410.994 413.340
90
413.340 415.962
91
415.962 421.970
92
421.970 426.070
93
426.070 432.741
94
432.741 437.240
95
437.240 441.591
96
441.591 446.489
97
446.489 450.826
98
450.826 456.060
99
456.060 461.870
100
461.870 466.425
101
466.425 472.860
102
472.860 478.460
103
478.460 483.135
104
483.135 489.056
105
489.056 492.897
106
492.897 497.369
107
497.369 498.180
108
498.180 502.938
109
502.938 507.063
110
507.063 510.980
111
510.980 514.262
112
514.262 519.007
113
519.007 523.004
114
523.004 527.420
115
527.420 531.044
116
531.044 535.318
117
535.318 541.368
118
541.368 546.175
119
546.175 551.402
120
551.402 558.152
121
558.152 563.820
122
563.820 566.609
123
566.609 570.418
124
570.418 575.228
125
575.228 580.773
126
580.773 584.016
127
584.016 588.906
128
588.906 593.790
129
593.790 597.880
130
597.880 605.136
131
605.136 610.260
132
610.260 615.021
133
615.021 621.913
134
621.913 627.077
135
627.077 631.990
136
631.990 635.911
137
635.911 640.366
138
640.366 641.744
139
641.744 647.750
140
647.750 652.310
141
652.310 654.979
142
654.979 659.160
143
659.160 664.112
144
664.112 669.020
145
669.020 673.620
146
673.620 676.809
147
676.809 677.895
148
677.895 683.413
149
683.413 688.370
150
688.370 693.122
151
693.122 697.269
152
697.269 701.728
153
701.728 705.260
154
705.260 710.261
155
710.261 715.790
156
715.790 721.260
157
721.260 726.558
158
726.558 731.922
159
731.922 736.745
160
736.745 740.635
161
740.635 746.108
162
746.108 750.830
163
750.830 753.923
164
753.923 758.830
165
758.830 762.275
166
762.275 763.941
167
763.941 766.450
168
766.450 769.748
169
769.748 775.980
170
775.980 780.790
171
780.790 784.984
172
784.984 788.632
173
788.632 790.650
174
790.650 793.839
175
793.839 798.220
176
798.220 802.768
177
802.768 808.490
178
808.490 813.230
179
813.230 817.543
180
817.543 821.168
181
821.168 826.340
182
826.340 827.990
183
827.990 833.460
