0
0.000 7.487
1
7.487 10.175
2
10.175 16.463
3
16.463 19.880
4
19.880 24.529
5
24.529 29.472
6
29.472 35.550
7
35.550 41.977
8
41.977 46.570
9
46.570 51.959
10
51.959 58.085
11
58.085 61.764
12
61.764 66.434
13
66.434 72.098
14
72.098 76.778
15
76.778 79.900
16
79.900 83.868
17
83.868 88.490
18
88.490 94.830
19
94.830 98.459
20
98.459 105.270
21
105.270 108.023
22
108.023 112.873
23
112.873 115.463
24
115.463 117.780
25
117.780 124.140
26
124.140 129.930
27
129.930 135.515
28
135.515 140.310
29
140.310 143.760
30
143.760 144.990
31
144.990 149.670
32
149.670 154.230
33
154.230 159.660
34
159.660 163.105
35
163.105 168.460
36
168.460 172.780
37
172.780 176.350
38
176.350 179.240
39
179.240 179.920
40
179.920 185.368
41
185.368 190.582
42
190.582 195.935
43
195.935 200.527
44
200.527 204.885
45
204.885 211.623
46
211.623 215.898
47
215.898 218.380
48
218.380 223.497
49
223.497 228.840
50
228.840 232.453
51
232.453 235.430
52
235.430 239.680
53
239.680 245.493
54
245.493 251.357
55
251.357 258.680
56
258.680 259.244
57
259.244 262.555
58
262.555 267.113
59
267.113 272.194
60
272.194 277.260
61
277.260 282.216
62
282.216 287.095
63
287.095 291.760
64
291.760 299.295
65
299.295 302.610
66
302.610 308.195
67
308.195 313.420
68
313.420 319.468
69
319.468 324.002
70
324.002 328.460
71
328.460 333.630
72
333.630 339.130
73
339.130 345.517
74
345.517 350.720
75
350.720 354.939
76
354.939 358.592
77
358.592 361.448
78
361.448 364.292
79
364.292 369.585
80
369.585 374.747
81
374.747 379.159
82
379.159 380.785
83
380.785 382.023
84
382.023 386.878
85
386.878 389.010
86
389.010 393.798
87
393.798 396.840
88
396.840 399.690
89
399.690 404.217
90
404.217 407.640
91
407.640 412.650
92
412.650 417.540
93
417.540 421.733
94
421.733 426.568
95
426.568 428.710
96
428.710 430.550
97
430.550 433.770
98
433.770 438.032
99
438.032 443.236
100
443.236 448.640
101
448.640 451.775
102
451.775 455.820
103
455.820 458.308
104
458.308 463.020
105
463.020 467.807
106
467.807 472.792
107
472.792 478.106
108
478.106 483.110
109
483.110 485.686
110
485.686 491.998
111
491.998 498.510
112
498.510 502.906
113
502.906 509.130
114
509.130 510.417
115
510.417 511.704
116
511.704 516.751
117
516.751 519.900
118
519.900 520.539
119
520.539 524.317
120
524.317 527.700
121
527.700 533.029
122
533.029 538.680
123
538.680 543.400
124
543.400 549.300
125
549.300 553.848
126
553.848 558.677
127
558.677 563.564
128
563.564 568.505
129
568.505 573.808
130
573.808 577.166
131
577.166 578.595
132
578.595 581.251
133
581.251 585.111
134
585.111 590.082
135
590.082 595.364
136
595.364 599.566
137
599.566 603.328
138
603.328 604.700
139
604.700 612.010
140
612.010 618.021
141
618.021 623.895
142
623.895 624.750
143
624.750 626.470
144
626.470 631.395
145
631.395 636.320
146
636.320 641.190
147
641.190 646.235
148
646.235 653.341
149
653.341 657.791
150
657.791 664.356
151
664.356 667.350
152
667.350 671.570
153
671.570 676.916
154
676.916 677.793
155
677.793 684.655
156
684.655 689.355
157
689.355 693.590
158
693.590 695.011
159
695.011 700.213
160
700.213 704.673
161
704.673 707.870
162
707.870 714.560
163
714.560 719.085
164
719.085 723.610
165
723.610 730.052
166
730.052 733.194
167
733.194 737.725
168
737.725 744.670
169
744.670 748.165
170
748.165 753.439
171
753.439 757.914
172
757.914 762.820
173
762.820 764.418
174
764.418 765.452
175
765.452 770.845
176
770.845 775.117
177
775.117 779.732
178
779.732 785.293
179
785.293 786.233
180
786.233 790.878
181
790.878 795.790
182
795.790 802.901
183
802.901 804.380
184
804.380 809.288
185
809.288 814.834
186
814.834 821.220
187
821.220 823.491
188
823.491 829.359
189
829.359 830.439
190
830.439 833.690
191
833.690 837.200
192
837.200 843.270
193
843.270 848.520
194
848.520 849.391
195
849.391 850.500
196
850.500 853.512
197
853.512 855.820
198
855.820 858.120
199
858.120 863.807
200
863.807 864.670
201
864.670 868.518
202
868.518 872.977
203
872.977 875.013
204
875.013 875.820
205
875.820 882.385
206
882.385 887.781
207
887.781 889.277
208
889.277 890.110
209
890.110 891.881
210
891.881 896.164
211
896.164 899.230
212
899.230 905.280
213
905.280 906.264
214
906.264 911.860
215
911.860 916.818
216
916.818 922.233
217
922.233 928.691
218
928.691 933.590
219
933.590 940.062
220
940.062 944.113
221
944.113 947.558
222
947.558 952.890
223
952.890 953.750
224
953.750 957.740
225
957.740 958.610
226
958.610 963.880
227
963.880 969.741
228
969.741 975.616
229
975.616 979.670
230
979.670 986.260
231
986.260 987.214
232
987.214 990.080
233
990.080 993.890
234
993.890 995.325
235
995.325 999.881
236
999.881 1005.652
237
1005.652 1011.579
238
1011.579 1015.120
239
1015.120 1020.155
240
1020.155 1024.435
241
1024.435 1029.060
242
1029.060 1034.695
243
1034.695 1035.720
244
1035.720 1038.690
245
1038.690 1041.280
246
1041.280 1044.482
247
1044.482 1048.220
248
1048.220 1051.920
249
1051.920 1056.372
250
1056.372 1059.477
251
1059.477 1062.375
252
1062.375 1064.455
253
1064.455 1067.550
254
1067.550 1069.869
255
1069.869 1070.597
256
1070.597 1073.938
257
1073.938 1076.240
258
1076.240 1080.995
259
1080.995 1085.391
260
1085.391 1086.361
261
1086.361 1091.247
262
1091.247 1096.034
263
1096.034 1100.480
264
1100.480 1103.520
265
1103.520 1109.757
266
1109.757 1115.519
267
1115.519 1120.389
268
1120.389 1125.498
269
1125.498 1129.580
270
1129.580 1133.444
271
1133.444 1138.010
272
1138.010 1140.265
273
1140.265 1145.771
274
1145.771 1151.190
275
1151.190 1155.811
276
1155.811 1163.535
277
1163.535 1168.060
278
1168.060 1172.550
279
1172.550 1176.960
280
1176.960 1181.167
281
1181.167 1185.883
282
1185.883 1186.984
283
1186.984 1192.720
