0
0.000 5.710
1
5.710 10.836
2
10.836 14.650
3
14.650 19.356
4
19.356 23.403
5
23.403 26.140
6
26.140 30.464
7
30.464 34.972
8
34.972 37.130
9
37.130 42.500
10
42.500 47.820
11
47.820 52.500
12
52.500 58.280
13
58.280 63.430
14
63.430 67.830
15
67.830 71.480
16
71.480 76.122
17
76.122 80.970
18
80.970 85.777
19
85.777 89.990
20
89.990 95.235
21
95.235 101.895
22
101.895 106.712
23
106.712 107.759
24
107.759 113.460
25
113.460 117.119
26
117.119 121.810
27
121.810 127.698
28
127.698 132.850
29
132.850 137.561
30
137.561 140.085
31
140.085 144.360
32
144.360 146.571
33
146.571 149.570
34
149.570 151.997
35
151.997 156.375
36
156.375 160.535
37
160.535 164.620
38
164.620 168.931
39
168.931 173.130
40
173.130 177.910
41
177.910 182.081
42
182.081 185.450
43
185.450 190.477
44
190.477 195.358
45
195.358 200.144
46
200.144 203.943
47
203.943 208.046
48
208.046 214.873
49
214.873 219.471
50
219.471 223.959
51
223.959 229.460
52
229.460 235.682
53
235.682 240.806
54
240.806 244.727
55
244.727 248.989
56
248.989 250.873
57
250.873 255.884
58
255.884 261.250
59
261.250 265.811
60
265.811 270.147
61
270.147 271.290
62
271.290 274.646
63
274.646 278.795
64
278.795 282.412
65
282.412 286.300
66
286.300 291.328
67
291.328 294.620
68
294.620 301.575
69
301.575 305.352
70
305.352 310.419
71
310.419 315.408
72
315.408 319.720
73
319.720 324.424
74
324.424 327.254
75
327.254 332.007
76
332.007 334.644
77
334.644 337.590
78
337.590 340.231
79
340.231 345.595
80
345.595 350.253
81
350.253 354.506
82
354.506 359.225
83
359.225 365.000
84
365.000 369.625
85
369.625 372.440
86
372.440 379.009
87
379.009 384.640
88
384.640 390.100
89
390.100 396.379
90
396.379 398.340
91
398.340 401.540
92
401.540 404.858
93
404.858 407.080
94
407.080 410.910
95
410.910 411.877
96
411.877 414.226
97
414.226 417.760
98
417.760 419.557
99
419.557 422.039
100
422.039 426.695
101
426.695 428.633
102
428.633 433.767
103
433.767 439.031
104
439.031 444.472
105
444.472 449.474
106
449.474 454.689
107
454.689 459.520
108
459.520 463.764
109
463.764 468.758
110
468.758 469.490
111
469.490 473.915
112
473.915 479.180
113
479.180 480.748
114
480.748 485.218
115
485.218 488.240
116
488.240 491.692
117
491.692 495.938
118
495.938 498.476
119
498.476 503.245
120
503.245 504.940
121
504.940 507.657
122
507.657 511.240
123
511.240 515.865
124
515.865 520.569
125
520.569 524.310
126
524.310 529.189
127
529.189 534.255
128
534.255 539.121
129
539.121 542.990
130
542.990 545.271
131
545.271 548.583
132
548.583 552.130
133
552.130 556.424
134
556.424 562.306
135
562.306 564.400
136
564.400 567.802
137
567.802 569.910
138
569.910 574.837
139
574.837 579.239
140
579.239 582.189
141
582.189 586.249
142
586.249 590.623
143
590.623 594.441
144
594.441 599.352
145
599.352 604.181
146
604.181 608.630
147
608.630 616.200
148
616.200 621.080
149
621.080 623.810
150
623.810 628.746
151
628.746 629.980
152
629.980 634.615
153
634.615 638.800
154
638.800 643.608
155
643.608 646.518
156
646.518 650.270
157
650.270 652.449
158
652.449 656.192
159
656.192 660.113
160
660.113 661.060
161
661.060 665.383
162
665.383 670.029
163
670.029 674.490
164
674.490 676.097
165
676.097 680.717
166
680.717 685.310
167
685.310 689.676
168
689.676 692.968
169
692.968 697.171
170
697.171 701.541
171
701.541 705.755
172
705.755 710.453
173
710.453 715.666
174
715.666 720.350
175
720.350 725.708
176
725.708 730.440
177
730.440 733.249
178
733.249 737.541
179
737.541 739.430
180
739.430 743.425
181
743.425 746.826
182
746.826 750.059
183
750.059 752.077
184
752.077 755.601
185
755.601 758.330
186
758.330 762.920
187
762.920 765.623
188
765.623 768.255
189
768.255 772.185
190
772.185 777.269
191
777.269 781.232
192
781.232 783.130
193
783.130 783.686
194
783.686 788.207
195
788.207 792.470
196
792.470 794.834
197
794.834 796.600
198
796.600 800.823
199
800.823 803.450
200
803.450 807.370
201
807.370 812.952
202
812.952 814.500
203
814.500 821.145
204
821.145 827.790
