0
0.000 8.537
1
8.537 14.732
2
14.732 16.300
3
16.300 20.090
4
20.090 23.340
5
23.340 27.425
6
27.425 33.882
7
33.882 41.319
8
41.319 48.637
9
48.637 51.460
10
51.460 55.175
11
55.175 56.530
12
56.530 61.340
13
61.340 66.540
14
66.540 70.069
15
70.069 74.480
16
74.480 77.631
17
77.631 80.240
18
80.240 86.414
19
86.414 94.104
20
94.104 99.110
21
99.110 104.838
22
104.838 111.196
23
111.196 116.054
24
116.054 119.529
25
119.529 124.618
26
124.618 129.840
27
129.840 133.590
28
133.590 140.058
29
140.058 141.505
30
141.505 144.320
31
144.320 150.872
32
150.872 156.793
33
156.793 161.828
34
161.828 167.260
35
167.260 171.610
36
171.610 175.910
37
175.910 178.592
38
178.592 183.099
39
183.099 184.383
40
184.383 188.940
41
188.940 194.860
42
194.860 200.490
43
200.490 203.540
44
203.540 208.178
45
208.178 209.274
46
209.274 212.370
47
212.370 214.935
48
214.935 217.229
49
217.229 222.086
50
222.086 226.725
51
226.725 230.620
52
230.620 236.440
53
236.440 241.220
54
241.220 244.920
55
244.920 248.429
56
248.429 253.730
57
253.730 258.971
58
258.971 265.780
59
265.780 268.250
60
268.250 274.956
61
274.956 279.900
62
279.900 283.930
63
283.930 288.027
64
288.027 291.033
65
291.033 294.540
66
294.540 298.519
67
298.519 301.795
68
301.795 307.409
69
307.409 311.089
70
311.089 317.160
71
317.160 318.001
72
318.001 319.166
73
319.166 324.525
74
324.525 330.750
75
330.750 335.604
76
335.604 340.270
77
340.270 341.750
78
341.750 344.450
79
344.450 348.140
80
348.140 354.250
81
354.250 356.769
82
356.769 361.951
83
361.951 367.290
84
367.290 372.750
85
372.750 374.826
86
374.826 378.120
87
378.120 379.750
88
379.750 386.798
89
386.798 390.410
90
390.410 393.920
91
393.920 398.597
92
398.597 402.301
93
402.301 404.425
94
404.425 406.770
95
406.770 412.030
96
412.030 412.841
97
412.841 420.430
98
420.430 425.434
99
425.434 426.970
100
426.970 429.794
101
429.794 433.977
102
433.977 439.255
103
439.255 445.040
104
445.040 448.400
105
448.400 449.050
106
449.050 451.650
107
451.650 455.543
108
455.543 458.330
109
458.330 460.982
110
460.982 465.883
111
465.883 470.806
112
470.806 474.440
113
474.440 480.397
114
480.397 485.440
115
485.440 491.584
116
491.584 497.630
117
497.630 499.624
118
499.624 503.492
119
503.492 506.634
120
506.634 508.490
121
508.490 513.981
122
513.981 517.782
123
517.782 524.240
124
524.240 525.794
125
525.794 528.902
126
528.902 530.160
127
530.160 534.185
128
534.185 537.327
129
537.327 538.210
130
538.210 542.776
131
542.776 545.926
132
545.926 552.848
133
552.848 558.289
134
558.289 562.980
135
562.980 565.453
136
565.453 568.496
137
568.496 569.220
138
569.220 572.380
139
572.380 573.082
140
573.082 575.200
141
575.200 575.906
142
575.906 578.740
143
578.740 579.645
144
579.645 582.033
145
582.033 587.089
146
587.089 593.279
147
593.279 597.980
148
597.980 602.370
149
602.370 607.120
150
607.120 612.456
151
612.456 616.575
152
616.575 622.070
153
622.070 627.930
154
627.930 632.350
155
632.350 638.048
156
638.048 640.320
157
640.320 642.173
158
642.173 647.090
159
647.090 652.580
160
652.580 656.797
161
656.797 661.241
162
661.241 666.193
163
666.193 669.590
164
669.590 673.415
165
673.415 676.490
166
676.490 681.651
167
681.651 686.960
168
686.960 689.857
169
689.857 693.899
170
693.899 696.033
171
696.033 701.720
172
701.720 706.410
173
706.410 712.520
174
712.520 717.005
175
717.005 722.922
176
722.922 728.358
177
728.358 733.001
178
733.001 737.160
179
737.160 743.945
180
743.945 748.539
181
748.539 749.649
182
749.649 753.416
183
753.416 757.627
184
757.627 760.110
185
760.110 763.740
186
763.740 769.114
187
769.114 773.800
188
773.800 774.468
189
774.468 778.120
190
778.120 784.897
191
784.897 790.000
192
790.000 796.369
193
796.369 801.464
194
801.464 806.175
195
806.175 810.712
196
810.712 816.138
197
816.138 822.409
198
822.409 827.498
199
827.498 830.694
200
830.694 833.970
201
833.970 839.375
202
839.375 843.791
203
843.791 848.058
204
848.058 852.672
205
852.672 857.810
206
857.810 861.880
207
861.880 865.550
208
865.550 869.990
209
869.990 875.620
210
875.620 880.900
211
880.900 885.864
212
885.864 887.950
213
887.950 893.801
214
893.801 898.370
215
898.370 903.230
216
903.230 910.130
