0
0.000 9.989
1
9.989 12.218
2
12.218 18.014
3
18.014 22.633
4
22.633 26.421
5
26.421 31.028
6
31.028 35.789
7
35.789 42.790
8
42.790 49.305
9
49.305 54.240
10
54.240 58.481
11
58.481 62.877
12
62.877 64.760
13
64.760 68.650
14
68.650 74.130
15
74.130 80.190
16
80.190 85.154
17
85.154 88.930
18
88.930 94.370
19
94.370 100.160
20
100.160 105.520
21
105.520 110.180
22
110.180 117.180
23
117.180 122.400
24
122.400 125.808
25
125.808 129.330
26
129.330 133.866
27
133.866 139.668
28
139.668 145.326
29
145.326 150.692
30
150.692 156.291
31
156.291 160.960
32
160.960 165.274
33
165.274 169.930
34
169.930 173.840
35
173.840 176.884
36
176.884 181.690
37
181.690 187.070
38
187.070 192.700
39
192.700 194.591
40
194.591 199.972
41
199.972 206.830
42
206.830 213.005
43
213.005 217.536
44
217.536 224.215
45
224.215 229.030
46
229.030 236.508
47
236.508 242.270
48
242.270 249.540
49
249.540 255.212
50
255.212 260.936
51
260.936 267.402
52
267.402 273.140
53
273.140 277.730
54
277.730 280.024
55
280.024 285.435
56
285.435 291.214
57
291.214 297.030
58
297.030 301.656
59
301.656 305.683
60
305.683 311.471
61
311.471 314.695
62
314.695 318.360
63
318.360 326.099
64
326.099 330.244
65
330.244 336.360
66
336.360 341.570
67
341.570 348.175
68
348.175 352.645
69
352.645 357.970
70
357.970 364.000
71
364.000 369.774
72
369.774 372.460
73
372.460 378.240
74
378.240 383.254
75
383.254 387.380
76
387.380 390.470
77
390.470 396.060
78
396.060 400.485
79
400.485 404.270
80
404.270 409.804
81
409.804 415.347
82
415.347 420.567
83
420.567 424.140
84
424.140 426.119
85
426.119 428.670
86
428.670 432.755
87
432.755 437.936
88
437.936 442.919
89
442.919 448.150
90
448.150 453.134
91
453.134 455.030
92
455.030 459.494
93
459.494 463.996
94
463.996 468.440
95
468.440 472.192
96
472.192 475.666
97
475.666 480.402
98
480.402 484.905
99
484.905 487.772
100
487.772 492.539
101
492.539 494.978
102
494.978 500.233
103
500.233 506.341
104
506.341 511.416
105
511.416 515.574
106
515.574 519.514
107
519.514 524.050
108
524.050 528.310
109
528.310 533.448
110
533.448 538.790
111
538.790 542.768
112
542.768 550.416
113
550.416 554.990
114
554.990 558.550
115
558.550 562.830
116
562.830 569.640
117
569.640 575.972
118
575.972 580.000
119
580.000 584.214
120
584.214 589.075
121
589.075 594.661
122
594.661 599.860
123
599.860 606.656
124
606.656 610.973
125
610.973 617.525
126
617.525 623.010
127
623.010 626.581
128
626.581 631.230
129
631.230 635.649
130
635.649 638.900
131
638.900 644.465
132
644.465 651.109
133
651.109 655.931
134
655.931 660.172
135
660.172 662.725
136
662.725 665.240
137
665.240 670.903
138
670.903 673.500
139
673.500 677.880
140
677.880 683.025
141
683.025 691.280
142
691.280 696.146
143
696.146 699.730
144
699.730 701.547
145
701.547 705.260
146
705.260 710.780
147
710.780 716.094
148
716.094 721.299
149
721.299 727.500
150
727.500 728.418
151
728.418 733.757
152
733.757 740.985
153
740.985 746.280
154
746.280 751.617
155
751.617 756.990
156
756.990 761.700
157
761.700 766.375
158
766.375 771.050
159
771.050 774.380
160
774.380 779.523
161
779.523 785.125
162
785.125 790.447
163
790.447 796.087
164
796.087 800.670
165
800.670 805.180
166
805.180 811.569
167
811.569 818.410
168
818.410 822.672
169
822.672 824.635
170
824.635 829.220
171
829.220 834.142
172
834.142 835.564
173
835.564 838.540
174
838.540 844.219
175
844.219 849.590
176
849.590 856.080
177
856.080 861.462
178
861.462 865.163
179
865.163 868.654
180
868.654 873.750
181
873.750 877.376
182
877.376 880.860
183
880.860 885.375
184
885.375 891.670
185
891.670 896.494
186
896.494 902.128
187
902.128 906.690
188
906.690 908.121
189
908.121 910.756
190
910.756 914.810
191
914.810 920.232
192
920.232 922.674
193
922.674 930.612
194
930.612 935.810
195
935.810 940.740
196
940.740 945.403
197
945.403 949.886
198
949.886 952.415
199
952.415 957.110
200
957.110 960.550
201
960.550 961.412
202
961.412 966.302
203
966.302 970.751
204
970.751 975.255
205
975.255 978.701
206
978.701 981.480
207
981.480 985.930
208
985.930 992.534
209
992.534 997.230
210
997.230 1000.892
211
1000.892 1005.287
212
1005.287 1008.400
213
1008.400 1011.650
214
1011.650 1014.900
