0
0.000 8.265
1
8.265 10.455
2
10.455 12.480
3
12.480 20.004
4
20.004 24.877
5
24.877 29.700
6
29.700 31.882
7
31.882 39.212
8
39.212 42.830
9
42.830 48.779
10
48.779 52.940
11
52.940 56.786
12
56.786 59.796
13
59.796 62.870
14
62.870 63.974
15
63.974 67.990
16
67.990 73.780
17
73.780 78.180
18
78.180 81.890
19
81.890 85.126
20
85.126 86.105
21
86.105 91.233
22
91.233 95.513
23
95.513 101.285
24
101.285 106.124
25
106.124 108.683
26
108.683 112.986
27
112.986 116.813
28
116.813 120.608
29
120.608 124.440
30
124.440 128.049
31
128.049 132.528
32
132.528 139.161
33
139.161 144.010
34
144.010 146.562
35
146.562 150.155
36
150.155 155.970
37
155.970 160.970
38
160.970 164.190
39
164.190 169.930
40
169.930 175.197
41
175.197 176.030
42
176.030 181.232
43
181.232 186.140
44
186.140 188.460
45
188.460 194.422
46
194.422 197.420
47
197.420 200.750
48
200.750 202.988
49
202.988 205.496
50
205.496 210.678
51
210.678 215.520
52
215.520 218.790
53
218.790 220.015
54
220.015 222.956
55
222.956 227.925
56
227.925 233.500
57
233.500 240.389
58
240.389 243.990
59
243.990 247.058
60
247.058 249.038
61
249.038 252.230
62
252.230 258.010
63
258.010 261.420
64
261.420 265.956
65
265.956 270.325
66
270.325 275.090
67
275.090 279.163
68
279.163 283.030
69
283.030 288.359
70
288.359 294.120
71
294.120 298.805
72
298.805 303.490
73
303.490 305.604
74
305.604 309.862
75
309.862 315.346
76
315.346 319.578
77
319.578 322.000
78
322.000 326.610
79
326.610 331.484
80
331.484 336.390
81
336.390 340.204
82
340.204 342.480
83
342.480 347.840
84
347.840 350.513
85
350.513 354.749
86
354.749 357.788
87
357.788 361.818
88
361.818 362.739
89
362.739 367.470
90
367.470 373.540
91
373.540 379.884
92
379.884 384.776
93
384.776 388.525
94
388.525 393.411
95
393.411 397.811
96
397.811 399.737
97
399.737 400.590
98
400.590 405.238
99
405.238 407.340
100
407.340 411.763
101
411.763 415.653
102
415.653 419.801
103
419.801 422.598
104
422.598 426.130
105
426.130 429.892
106
429.892 433.154
107
433.154 437.280
108
437.280 442.430
109
442.430 447.280
110
447.280 452.130
111
452.130 458.090
112
458.090 460.793
113
460.793 464.460
114
464.460 468.310
115
468.310 474.670
116
474.670 476.939
117
476.939 478.410
118
478.410 482.820
119
482.820 487.500
120
487.500 493.143
121
493.143 497.250
122
497.250 502.640
123
502.640 503.853
124
503.853 506.058
125
506.058 511.370
126
511.370 514.377
127
514.377 519.250
128
519.250 522.840
129
522.840 527.194
130
527.194 532.690
131
532.690 534.985
132
534.985 540.365
133
540.365 546.320
134
546.320 553.190
135
553.190 553.966
136
553.966 558.334
137
558.334 564.010
138
564.010 568.530
139
568.530 575.313
140
575.313 579.360
141
579.360 580.170
142
580.170 584.484
143
584.484 588.015
144
588.015 591.470
145
591.470 596.089
146
596.089 601.490
147
601.490 605.948
148
605.948 610.355
149
610.355 614.230
150
614.230 619.260
151
619.260 624.444
152
624.444 628.787
153
628.787 631.566
154
631.566 636.570
155
636.570 642.520
156
642.520 649.410
157
649.410 654.883
158
654.883 659.791
159
659.791 664.765
160
664.765 667.994
161
667.994 672.785
162
672.785 675.510
163
675.510 678.639
164
678.639 682.307
165
682.307 687.241
166
687.241 688.620
167
688.620 693.461
168
693.461 698.148
169
698.148 701.670
170
701.670 705.146
171
705.146 710.840
172
710.840 715.810
173
715.810 719.560
174
719.560 723.345
175
723.345 726.990
176
726.990 729.546
177
729.546 734.560
178
734.560 737.730
179
737.730 743.000
180
743.000 748.000
181
748.000 753.680
182
753.680 759.161
183
759.161 762.842
184
762.842 764.345
185
764.345 768.480
186
768.480 772.973
187
772.973 778.635
188
778.635 783.616
189
783.616 788.230
190
788.230 791.258
191
791.258 795.731
192
795.731 800.489
193
800.489 806.395
194
806.395 811.740
195
811.740 814.590
196
814.590 821.804
197
821.804 826.651
198
826.651 830.260
199
830.260 834.837
200
834.837 837.240
201
837.240 841.101
202
841.101 845.351
203
845.351 849.150
204
849.150 854.960
205
854.960 860.891
206
860.891 863.530
207
863.530 870.190
