0
0.000 9.051
1
9.051 11.355
2
11.355 15.760
3
15.760 20.320
4
20.320 20.956
5
20.956 22.228
6
22.228 23.818
7
23.818 26.150
8
26.150 29.231
9
29.231 35.540
10
35.540 36.260
11
36.260 40.130
12
40.130 45.460
13
45.460 46.401
14
46.401 48.538
15
48.538 52.140
16
52.140 52.672
17
52.672 54.976
18
54.976 59.908
19
59.908 63.380
20
63.380 66.431
21
66.431 71.655
22
71.655 75.860
23
75.860 80.220
24
80.220 84.580
25
84.580 87.191
26
87.191 91.360
27
91.360 92.252
28
92.252 95.220
29
95.220 100.230
30
100.230 105.573
31
105.573 111.740
32
111.740 112.375
33
112.375 116.004
34
116.004 120.870
35
120.870 125.310
36
125.310 130.958
37
130.958 131.472
38
131.472 132.158
39
132.158 137.179
40
137.179 140.758
41
140.758 145.386
42
145.386 147.410
43
147.410 151.970
44
151.970 158.730
45
158.730 162.684
46
162.684 167.118
47
167.118 171.290
48
171.290 174.287
49
174.287 177.300
50
177.300 183.646
51
183.646 190.740
52
190.740 196.500
53
196.500 198.729
54
198.729 203.330
55
203.330 204.180
56
204.180 209.231
57
209.231 214.827
58
214.827 220.061
59
220.061 224.100
60
224.100 229.375
61
229.375 234.919
62
234.919 237.436
63
237.436 240.920
64
240.920 246.170
65
246.170 248.933
66
248.933 251.420
67
251.420 255.280
68
255.280 259.674
69
259.674 263.933
70
263.933 269.299
71
269.299 273.195
72
273.195 274.776
73
274.776 278.266
74
278.266 283.004
75
283.004 287.410
76
287.410 288.335
77
288.335 294.584
78
294.584 298.344
79
298.344 302.507
80
302.507 306.760
81
306.760 309.267
82
309.267 314.080
83
314.080 316.480
84
316.480 319.730
85
319.730 323.336
86
323.336 327.290
87
327.290 330.692
88
330.692 336.060
89
336.060 336.915
90
336.915 342.277
91
342.277 347.190
92
347.190 351.830
93
351.830 356.295
94
356.295 359.790
95
359.790 360.495
96
360.495 363.893
97
363.893 365.229
98
365.229 367.226
99
367.226 371.150
100
371.150 374.995
101
374.995 377.560
