0
0.000 9.305
1
9.305 11.884
2
11.884 14.360
3
14.360 19.201
4
19.201 22.810
5
22.810 26.488
6
26.488 30.438
7
30.438 33.972
8
33.972 34.865
9
34.865 39.452
10
39.452 44.019
11
44.019 47.883
12
47.883 50.558
13
50.558 54.385
14
54.385 58.940
15
58.940 61.713
16
61.713 67.380
17
67.380 70.370
18
70.370 75.450
19
75.450 79.040
20
79.040 83.200
21
83.200 88.847
22
88.847 92.342
23
92.342 97.160
24
97.160 99.152
25
99.152 102.531
26
102.531 106.011
27
106.011 110.430
28
110.430 115.710
29
115.710 123.970
30
123.970 128.050
31
128.050 133.414
32
133.414 134.206
33
134.206 135.592
34
135.592 137.678
35
137.678 141.650
36
141.650 145.304
37
145.304 151.290
38
151.290 157.870
39
157.870 165.047
40
165.047 170.002
41
170.002 173.390
42
173.390 180.727
43
180.727 184.630
44
184.630 190.518
45
190.518 196.433
46
196.433 201.920
47
201.920 208.260
48
208.260 216.340
49
216.340 219.485
50
219.485 220.410
51
220.410 225.031
52
225.031 227.973
53
227.973 230.730
54
230.730 233.596
55
233.596 237.140
56
237.140 242.705
57
242.705 244.265
58
244.265 245.825
59
245.825 250.118
60
250.118 254.385
61
254.385 255.444
62
255.444 260.738
63
260.738 265.260
64
265.260 270.390
65
270.390 276.555
66
276.555 282.235
67
282.235 287.320
68
287.320 292.554
69
292.554 296.002
70
296.002 298.126
71
298.126 298.893
72
298.893 302.927
73
302.927 304.886
74
304.886 306.850
75
306.850 310.750
76
310.750 316.950
77
316.950 323.490
78
323.490 329.134
79
329.134 334.280
80
334.280 335.153
81
335.153 337.844
82
337.844 345.734
83
345.734 347.239
84
347.239 352.346
85
352.346 358.170
86
358.170 363.250
87
363.250 365.050
88
365.050 370.229
89
370.229 376.182
90
376.182 379.716
91
379.716 384.500
92
384.500 386.710
93
386.710 387.918
94
387.918 391.950
95
391.950 397.980
96
397.980 402.810
97
402.810 406.890
98
406.890 407.433
99
407.433 412.191
100
412.191 415.770
101
415.770 420.420
102
420.420 425.283
103
425.283 432.320
104
432.320 433.002
105
433.002 437.385
106
437.385 443.777
107
443.777 444.540
108
444.540 448.690
109
448.690 452.605
110
452.605 453.178
111
453.178 456.470
112
456.470 461.882
113
461.882 465.261
114
465.261 467.660
115
467.660 474.900
116
474.900 481.190
117
481.190 483.872
118
483.872 487.351
119
487.351 489.785
120
489.785 492.360
121
492.360 494.609
122
494.609 497.810
123
497.810 500.216
124
500.216 502.840
125
502.840 510.428
126
510.428 517.540
127
517.540 523.458
128
523.458 527.900
129
527.900 532.975
130
532.975 535.689
131
535.689 537.122
132
537.122 540.665
133
540.665 546.670
134
546.670 553.990
135
553.990 557.150
136
557.150 560.340
137
560.340 566.003
138
566.003 568.993
139
568.993 571.760
140
571.760 572.658
141
572.658 577.586
142
577.586 581.642
143
581.642 586.322
144
586.322 591.758
145
591.758 596.800
146
596.800 601.880
147
601.880 606.844
148
606.844 609.110
149
609.110 613.202
150
614.690 620.868
151
620.868 625.740
152
625.740 628.588
153
628.588 629.851
154
629.851 632.211
155
632.211 636.725
156
636.725 638.538
157
638.538 641.514
158
641.514 644.130
159
644.130 647.910
160
647.910 653.554
161
653.554 655.410
162
655.410 657.740
163
657.740 663.090
