0
0.000 8.756
1
8.756 12.024
2
12.024 15.503
3
15.503 20.006
4
20.006 24.413
5
24.413 29.098
6
29.098 34.056
7
34.056 39.794
8
39.794 45.754
9
45.754 50.476
10
50.476 55.820
11
55.820 61.560
12
61.560 70.068
13
70.068 74.917
14
74.917 79.873
15
79.873 84.303
16
84.303 88.010
17
88.010 93.520
18
93.520 99.085
19
99.085 104.754
20
104.754 109.175
21
109.175 111.464
22
111.464 116.433
23
116.433 121.440
24
121.440 122.430
25
122.430 127.878
26
127.878 132.940
27
132.940 139.129
28
139.129 143.324
29
143.324 150.656
30
150.656 154.787
31
154.787 157.865
32
157.865 162.440
33
162.440 168.190
34
168.190 173.470
35
173.470 178.464
36
178.464 183.455
37
183.455 190.480
38
190.480 193.797
39
193.797 197.771
40
197.771 204.850
41
204.850 211.380
42
211.380 218.790
43
218.790 223.903
44
223.903 229.260
45
229.260 233.599
46
233.599 238.430
47
238.430 243.640
48
243.640 249.664
49
249.664 255.020
50
255.020 261.690
51
261.690 268.690
52
268.690 273.982
53
273.982 277.798
54
277.798 282.385
55
282.385 287.012
56
287.012 287.870
57
287.870 291.170
58
291.170 295.910
59
295.910 301.038
60
301.038 306.998
61
306.998 312.000
62
312.000 316.100
63
316.100 319.204
64
319.204 325.530
65
325.530 329.483
66
329.483 334.126
67
334.126 339.586
68
339.586 344.194
69
344.194 348.360
70
348.360 356.010
71
356.010 361.830
72
361.830 366.060
73
366.060 371.130
74
371.130 377.459
75
377.459 381.354
76
381.354 386.234
77
386.234 391.328
78
391.328 393.878
79
393.878 398.625
80
398.625 403.904
81
403.904 410.400
82
410.400 417.199
83
417.199 422.621
84
422.621 428.889
85
428.889 431.870
86
431.870 437.350
