0
0.000 8.998
1
8.998 15.773
2
15.773 21.359
3
21.359 25.687
4
25.687 29.420
5
29.420 32.192
6
32.192 36.116
7
36.116 37.460
8
37.460 40.276
9
40.276 42.520
10
42.520 47.290
11
47.290 51.585
12
51.585 56.583
13
56.583 64.560
14
64.560 69.565
15
69.565 73.280
16
73.280 78.370
17
78.370 85.896
18
85.896 90.595
19
90.595 96.420
20
96.420 101.322
21
101.322 106.970
22
106.970 110.813
23
110.813 114.990
24
114.990 119.340
25
119.340 125.020
26
125.020 129.410
27
129.410 134.266
28
134.266 138.240
29
138.240 143.103
30
143.103 145.364
31
145.364 147.939
32
147.939 151.620
33
151.620 156.701
34
156.701 163.460
35
163.460 169.134
36
169.134 170.107
37
170.107 177.120
38
177.120 183.385
39
183.385 188.230
40
188.230 197.450
41
197.450 202.360
42
202.360 207.120
43
207.120 213.030
44
213.030 218.002
45
218.002 219.025
46
219.025 221.443
47
221.443 226.020
48
226.020 231.215
49
231.215 233.999
50
233.999 237.961
51
237.961 242.250
52
242.250 246.984
53
246.984 252.743
54
252.743 258.596
55
258.596 261.860
56
261.860 267.004
57
267.004 272.826
58
272.826 276.012
59
276.012 279.994
60
279.994 282.940
61
282.940 288.800
62
288.800 290.130
63
290.130 293.460
64
293.460 296.364
65
296.364 304.020
66
304.020 307.341
67
307.341 309.210
68
309.210 310.273
69
310.273 319.364
70
319.364 323.790
71
323.790 330.108
72
330.108 333.035
73
333.035 337.310
74
337.310 342.649
75
342.649 347.918
76
347.918 352.413
77
352.413 355.587
78
355.587 360.050
79
360.050 365.240
80
365.240 370.378
81
370.378 373.177
82
373.177 378.022
83
378.022 380.960
84
380.960 386.200
85
386.200 391.781
86
391.781 396.049
87
396.049 400.358
88
400.358 405.580
89
405.580 410.990
90
410.990 415.720
91
415.720 420.854
92
420.854 425.954
93
425.954 430.923
94
430.923 435.173
95
435.173 438.580
96
438.580 442.579
97
442.579 447.140
98
447.140 449.080
99
449.080 452.961
100
452.961 457.662
101
457.662 462.176
102
462.176 463.818
103
463.818 467.770
104
467.770 473.041
105
473.041 479.025
106
479.025 484.220
107
484.220 489.063
108
489.063 492.770
109
492.770 499.290
110
499.290 505.212
111
505.212 510.520
112
510.520 515.814
113
515.814 521.006
114
521.006 525.649
115
525.649 528.102
116
528.102 533.065
117
533.065 536.320
118
536.320 543.812
119
543.812 548.755
120
548.755 552.097
121
552.097 556.640
122
556.640 561.970
123
561.970 565.050
124
565.050 572.620
125
572.620 578.140
126
578.140 583.080
127
583.080 587.050
128
590.240 594.051
129
594.051 598.135
130
598.135 604.070
131
604.070 611.686
132
611.686 617.020
133
617.020 620.902
134
620.902 623.360
135
623.360 627.930
136
627.930 632.552
137
632.552 635.036
138
635.036 640.257
139
640.257 647.145
140
647.145 649.660
141
649.660 652.830
142
654.100 656.788
143
656.788 662.170
144
662.170 668.171
145
668.171 672.967
146
672.967 677.052
147
677.052 679.937
148
679.937 684.997
149
684.997 688.964
150
688.964 693.164
151
693.164 697.163
152
697.163 700.140
153
700.140 703.980
154
703.980 706.540
