0
0.000 8.258
1
8.258 13.227
2
13.227 17.072
3
17.072 21.303
4
21.303 25.901
5
25.901 29.776
6
29.776 32.997
7
32.997 35.880
8
35.880 39.800
9
39.800 44.881
10
44.881 50.040
11
50.040 54.680
12
54.680 59.519
13
59.519 63.649
14
63.649 66.540
15
66.540 71.400
16
71.400 74.515
17
74.515 81.384
18
81.384 86.191
19
86.191 92.990
20
92.990 98.482
21
98.482 105.545
22
105.545 110.662
23
110.662 116.880
24
116.880 125.326
25
125.326 130.672
26
130.672 135.885
27
135.885 141.616
28
141.616 148.900
29
148.900 153.890
30
153.890 158.195
31
158.195 164.370
32
164.370 168.490
33
168.490 171.494
34
171.494 174.745
35
174.745 177.737
36
177.737 179.098
37
179.098 184.571
38
184.571 189.153
39
189.153 194.592
40
194.592 199.797
41
199.797 205.881
42
205.881 211.570
43
211.570 217.253
44
217.253 223.216
45
223.216 229.570
46
229.570 233.740
47
233.740 238.550
48
238.550 243.015
49
243.015 244.317
50
244.317 247.480
51
247.480 250.280
52
250.280 255.290
53
255.290 255.990
54
255.990 259.019
55
259.019 263.482
56
263.482 268.170
57
268.170 273.832
58
273.832 276.960
59
276.960 283.262
60
283.262 289.010
61
289.010 291.035
62
291.035 292.574
63
292.574 295.180
64
295.180 298.170
65
298.170 301.820
66
301.820 304.267
67
304.267 310.043
68
310.043 316.070
69
316.070 321.110
70
321.110 329.038
71
329.038 333.540
72
333.540 338.932
73
338.932 342.990
74
342.990 348.011
75
348.011 352.393
76
352.393 355.230
77
355.230 360.600
78
360.600 366.258
79
366.258 368.310
80
368.310 370.908
81
370.908 376.906
82
376.906 381.340
83
381.340 383.366
84
383.366 386.964
85
386.964 392.320
86
392.320 398.120
87
398.120 401.228
88
401.228 404.210
89
404.210 408.045
90
408.045 409.713
91
409.713 414.282
92
414.282 419.042
93
419.042 420.220
94
420.220 425.572
95
425.572 427.250
