0
0.000 8.595
1
8.595 12.981
2
12.981 14.950
3
14.950 20.250
4
20.250 25.251
5
25.251 30.940
6
30.940 35.250
7
35.250 40.050
8
40.050 45.814
9
45.814 52.401
10
52.401 57.820
11
57.820 62.964
12
62.964 68.040
13
68.040 73.697
14
73.697 79.591
15
79.591 86.990
16
86.990 91.043
17
91.043 95.517
18
95.517 100.361
19
100.361 104.680
20
104.680 110.674
21
110.674 114.527
22
114.527 118.810
23
118.810 123.111
24
123.111 125.195
25
125.195 130.078
26
130.078 135.250
27
135.250 139.059
28
139.059 143.740
29
143.740 148.314
30
148.314 150.860
31
150.860 155.911
32
155.911 161.169
33
161.169 165.779
34
165.779 169.913
35
169.913 173.986
36
173.986 176.552
37
176.552 179.729
38
179.729 184.470
39
184.470 189.020
40
189.020 193.387
41
193.387 196.088
42
196.088 200.542
43
200.542 203.178
44
203.178 207.938
45
207.938 213.210
46
213.210 218.200
47
218.200 223.310
48
223.310 229.645
49
229.645 234.641
50
234.641 240.930
51
240.930 245.247
52
245.247 249.785
53
249.785 255.535
54
255.535 261.060
55
261.060 265.210
56
265.210 268.891
57
268.891 274.566
58
274.566 279.440
59
279.440 283.472
60
283.472 287.440
61
287.440 291.100
62
291.100 294.350
63
294.350 295.175
64
295.175 299.610
65
299.610 304.485
66
304.485 305.300
67
305.300 311.961
68
311.961 315.780
69
315.780 320.985
70
320.985 328.918
71
328.918 334.790
72
334.790 339.069
73
339.069 344.088
74
344.088 348.401
75
348.401 352.540
76
352.540 356.532
77
356.532 360.669
78
360.669 365.148
79
365.148 368.980
80
368.980 370.371
81
370.371 375.275
82
375.275 379.882
83
379.882 383.420
84
383.420 388.152
85
388.152 392.994
86
392.994 398.007
87
398.007 402.466
88
402.466 407.043
89
407.043 412.139
90
412.139 417.025
91
417.025 420.675
92
420.675 425.434
93
425.434 429.389
94
429.389 434.011
95
434.011 439.412
96
439.412 444.221
97
444.221 449.319
98
449.319 454.065
99
454.065 457.853
100
457.853 461.911
101
461.911 467.049
102
467.049 471.370
103
471.370 475.352
104
475.352 481.150
105
481.150 487.130
106
487.130 488.730
107
488.730 489.312
108
489.312 493.110
109
493.110 495.124
110
495.124 500.975
111
500.975 506.172
112
506.172 511.756
113
511.756 515.020
114
515.020 516.840
115
516.840 518.388
116
518.388 522.688
117
522.688 527.623
118
527.623 530.970
119
530.970 535.000
120
535.000 537.574
121
537.574 540.839
122
540.839 545.096
123
545.096 550.159
124
550.159 555.580
125
555.580 560.401
126
560.401 565.248
127
565.248 568.289
128
568.289 572.515
129
572.515 574.825
130
574.825 580.455
131
580.455 587.010
132
587.010 593.104
133
593.104 597.315
134
597.315 600.850
135
600.850 601.378
136
601.378 605.426
137
605.426 608.770
138
608.770 613.535
139
613.535 619.188
140
619.188 626.097
141
626.097 627.585
142
627.585 632.746
143
632.746 638.190
144
638.190 640.182
145
640.182 644.935
146
644.935 649.781
147
649.781 654.104
148
654.104 657.794
149
657.794 662.681
150
662.681 667.575
151
667.575 670.838
152
670.838 674.235
153
674.235 678.480
154
678.480 682.940
155
682.940 687.821
156
687.821 693.423
157
693.423 698.470
158
698.470 703.229
159
703.229 708.061
160
708.061 711.387
161
711.387 713.920
162
713.920 718.373
163
718.373 721.520
164
721.520 727.082
165
727.082 729.120
166
729.120 729.846
167
729.846 735.032
168
735.032 740.093
169
740.093 744.938
170
744.938 748.920
171
748.920 752.995
172
752.995 757.912
173
757.912 761.660
174
761.660 768.302
175
768.302 772.210
176
772.210 775.016
177
775.016 777.191
178
777.191 781.905
179
781.905 786.758
180
786.758 792.020
181
792.020 797.274
182
797.274 801.752
183
801.752 806.166
184
806.166 811.750
185
811.750 817.759
186
817.759 823.496
187
823.496 825.706
188
825.706 829.812
189
829.812 835.560
190
835.560 836.761
191
836.761 837.306
192
837.306 842.546
193
842.546 847.753
194
847.753 853.891
195
853.891 858.169
196
858.169 862.060
197
862.060 867.529
198
867.529 868.540
199
868.540 875.950
