0
0.000 8.717
1
8.717 10.651
2
10.651 15.836
3
15.836 20.994
4
20.994 28.115
5
28.115 33.338
6
33.338 40.360
7
40.360 45.444
8
45.444 50.678
9
50.678 53.885
10
53.885 59.026
11
59.026 62.680
12
62.680 69.520
13
69.520 74.840
14
74.840 76.042
15
76.042 81.890
16
81.890 87.118
17
87.118 94.610
18
94.610 101.895
19
101.895 106.734
20
106.734 108.897
21
108.897 112.010
22
112.010 117.532
23
117.532 124.543
24
124.543 129.725
25
129.725 133.775
26
133.775 135.800
27
135.800 141.081
28
141.081 146.845
29
146.845 149.965
30
149.965 154.748
31
154.748 159.123
32
159.123 163.167
33
163.167 168.572
34
168.572 174.780
35
174.780 180.357
36
180.357 184.992
37
184.992 186.217
38
186.217 190.734
39
190.734 194.670
40
194.670 199.926
41
199.926 205.059
42
205.059 211.420
43
211.420 215.609
44
215.609 220.397
45
220.397 224.698
46
224.698 228.470
47
228.470 233.320
48
233.320 236.940
49
236.940 239.766
50
239.766 244.947
51
244.947 249.438
52
249.438 251.538
53
251.538 254.830
54
254.830 257.850
55
257.850 258.726
56
258.726 263.323
57
263.323 268.471
58
268.471 273.574
59
273.574 276.930
60
276.930 278.542
61
278.542 283.454
62
283.454 285.387
63
285.387 290.260
64
290.260 295.108
65
295.108 298.752
66
298.752 303.278
67
303.278 307.815
68
307.815 312.428
69
312.428 317.593
70
317.593 321.413
71
321.413 325.680
72
325.680 328.820
73
328.820 333.813
74
333.813 338.350
75
338.350 341.310
76
341.310 344.728
77
344.728 346.281
78
346.281 349.090
79
349.090 354.050
80
354.050 354.990
81
354.990 358.323
82
358.323 360.544
83
360.544 362.295
84
362.295 366.546
85
366.546 371.611
86
371.611 376.437
87
376.437 381.365
88
381.365 382.558
89
382.558 386.300
90
386.300 389.749
91
389.749 394.687
92
394.687 399.415
93
399.415 402.623
94
402.623 404.530
95
404.530 408.520
96
408.520 413.791
97
413.791 418.070
98
418.070 422.921
99
422.921 428.231
100
428.231 432.947
101
432.947 438.167
102
438.167 443.817
103
443.817 448.670
104
448.670 453.657
105
453.657 459.510
106
459.510 465.082
107
465.082 468.249
108
468.249 472.537
109
472.537 477.311
110
477.311 481.880
111
481.880 483.595
112
483.595 488.445
113
488.445 491.568
114
491.568 495.140
115
495.140 498.937
116
498.937 502.848
117
502.848 508.914
118
508.914 512.469
119
512.469 516.790
120
516.790 521.842
121
521.842 526.727
122
526.727 530.660
123
530.660 533.341
124
533.341 537.019
125
537.019 540.051
126
540.051 545.394
127
545.394 550.624
128
550.624 555.810
129
555.810 560.150
130
560.150 564.053
131
564.053 567.257
132
567.257 571.880
133
571.880 576.809
134
576.809 581.401
135
581.401 584.214
136
584.214 589.620
137
589.620 590.693
138
590.693 595.602
139
595.602 599.880
140
599.880 603.858
141
603.858 611.330
142
611.330 614.700
143
614.700 618.641
144
618.641 622.960
145
622.960 627.860
146
627.860 630.005
147
630.005 635.307
148
635.307 640.817
149
640.817 646.219
150
646.219 648.470
151
648.470 653.325
152
653.325 657.824
153
657.824 662.671
154
662.671 663.230
155
663.230 667.745
156
667.745 669.562
157
669.562 672.260
158
672.260 674.122
159
674.122 676.250
160
676.250 680.177
161
680.177 685.237
162
685.237 685.771
163
685.771 692.219
164
692.219 694.134
165
694.134 698.929
166
698.929 702.461
167
702.461 704.783
168
704.783 706.019
169
706.019 708.185
170
708.185 711.849
171
711.849 719.126
172
719.126 723.708
173
723.708 728.093
174
728.093 731.620
175
731.620 733.060
176
733.060 737.140
177
737.140 739.523
178
739.523 744.124
179
744.124 749.062
180
749.062 753.630
181
753.630 756.268
182
756.268 759.155
183
759.155 762.409
184
762.409 767.468
185
767.468 769.251
186
769.251 773.105
187
773.105 774.095
188
774.095 778.940
189
778.940 783.020
190
783.020 787.457
191
787.457 790.766
192
790.766 795.457
193
795.457 800.050
194
800.050 801.077
195
801.077 805.529
196
805.529 810.558
197
810.558 814.605
198
814.605 818.021
199
818.021 821.488
200
821.488 826.480
201
826.480 831.045
202
831.045 835.610
203
835.610 838.938
204
838.938 843.890
205
843.890 846.861
206
846.861 848.430
207
848.430 850.481
208
850.481 852.137
209
852.137 853.222
210
853.222 857.991
211
857.991 861.907
212
861.907 866.252
213
866.252 871.739
214
871.739 876.031
215
876.031 879.757
216
879.757 884.620
217
884.620 888.683
218
888.683 892.477
219
892.477 896.984
220
896.984 902.225
221
902.225 907.858
222
907.858 910.650
223
910.650 916.152
224
916.152 916.766
225
916.766 921.370
226
921.370 925.225
227
925.225 927.136
228
927.136 931.714
229
931.714 936.437
230
936.437 940.769
231
940.769 943.380
232
943.380 948.350
