0
0.000 5.710
1
5.710 11.355
2
11.355 16.250
3
16.250 22.570
4
22.570 28.110
5
28.110 32.353
6
32.353 35.743
7
35.743 38.982
8
38.982 43.769
9
43.769 47.693
10
47.693 52.875
11
52.875 59.630
12
59.630 64.510
13
64.510 70.322
14
70.322 73.939
15
73.939 78.830
16
78.830 83.940
17
83.940 89.142
18
89.142 93.905
19
93.905 97.620
20
97.620 103.756
21
103.756 108.356
22
108.356 113.210
23
113.210 119.530
24
119.530 125.250
25
125.250 128.519
26
128.519 134.471
27
134.471 141.130
28
141.130 147.250
29
147.250 153.050
30
153.050 159.660
31
159.660 164.991
32
164.991 169.547
33
169.547 174.226
34
174.226 179.270
35
179.270 184.720
36
184.720 189.470
37
189.470 194.010
38
194.010 198.090
39
198.090 202.697
40
202.697 206.976
41
206.976 209.580
42
209.580 214.845
43
214.845 217.490
44
217.490 223.662
45
223.662 229.450
46
229.450 236.804
47
236.804 242.040
48
242.040 247.051
49
247.051 251.420
50
251.420 256.430
51
256.430 261.082
52
261.082 264.270
53
264.270 270.430
54
270.430 274.750
55
274.750 279.740
56
279.740 283.630
57
283.630 289.650
58
289.650 296.077
59
296.077 301.978
60
301.978 308.640
61
308.640 313.840
62
313.840 319.670
63
319.670 324.451
64
324.451 329.022
65
329.022 334.110
66
334.110 338.990
67
338.990 340.441
68
340.441 345.450
69
345.450 349.790
70
349.790 357.234
71
357.234 364.743
72
364.743 371.688
73
371.688 376.105
74
376.105 380.050
75
380.050 386.207
76
386.207 393.398
77
393.398 398.726
78
398.726 403.430
79
403.430 408.429
80
408.429 413.737
81
413.737 418.560
82
418.560 423.456
83
423.456 428.443
84
428.443 433.410
85
433.410 438.005
86
438.005 442.600
87
442.600 447.464
88
447.464 452.655
89
452.655 457.828
90
457.828 462.880
91
462.880 469.880
92
469.880 474.861
93
474.861 479.817
94
479.817 484.610
95
484.610 488.440
96
488.440 493.440
97
493.440 498.280
98
498.280 502.293
99
502.293 506.736
100
506.736 511.634
101
511.634 516.740
102
516.740 521.139
103
521.139 526.083
104
526.083 531.050
105
531.050 538.330
106
538.330 543.194
107
543.194 547.723
108
547.723 551.600
109
551.600 556.502
110
556.502 561.511
111
561.511 565.980
112
565.980 571.028
113
571.028 575.980
114
575.980 582.274
115
582.274 586.193
116
586.193 591.000
117
591.000 596.072
118
596.072 600.224
119
600.224 606.042
120
606.042 612.083
121
612.083 617.045
122
617.045 622.027
123
622.027 626.690
124
626.690 631.560
125
631.560 636.939
126
636.939 641.900
127
641.900 646.647
128
646.647 648.875
129
648.875 655.850
