0
0.000 8.670
1
8.670 11.540
2
11.540 17.349
3
17.349 23.769
4
23.769 29.074
5
29.074 33.620
6
33.620 40.580
7
40.580 45.552
8
45.552 50.669
9
50.669 56.480
10
56.480 59.512
11
59.512 64.124
12
64.124 68.812
13
68.812 73.495
14
73.495 78.690
15
78.690 86.013
16
86.013 90.000
17
90.000 95.225
18
95.225 98.510
19
98.510 103.985
20
103.985 107.990
21
107.990 109.914
22
109.914 114.269
23
114.269 120.811
24
120.811 124.545
25
124.545 128.950
26
128.950 134.222
27
134.222 139.177
28
139.177 144.781
29
144.781 149.450
30
149.450 154.163
31
154.163 159.096
32
159.096 162.640
33
162.640 167.420
34
167.420 171.830
35
171.830 178.839
36
178.839 184.523
37
184.523 189.464
38
189.464 194.284
39
194.284 198.725
40
198.725 203.460
41
203.460 208.554
42
208.554 214.020
43
214.020 219.946
44
219.946 224.110
45
224.110 228.558
46
228.558 232.456
47
232.456 237.581
48
237.581 241.518
49
241.518 243.940
50
243.940 248.111
51
248.111 252.851
52
252.851 257.638
53
257.638 262.400
54
262.400 264.894
55
264.894 270.281
56
270.281 275.360
57
275.360 281.350
58
281.350 286.920
59
286.920 291.440
60
291.440 295.960
61
295.960 301.040
62
301.040 306.240
63
306.240 311.547
64
311.547 316.226
65
316.226 320.730
66
320.730 325.913
67
325.913 330.814
68
330.814 334.553
69
334.553 339.845
70
339.845 343.585
71
343.585 349.584
72
349.584 355.790
73
355.790 360.713
74
360.713 366.117
75
366.117 369.870
76
369.870 376.964
77
376.964 382.448
78
382.448 387.705
79
387.705 390.558
80
390.558 394.213
81
394.213 399.124
82
399.124 404.141
83
404.141 409.657
84
409.657 416.064
85
416.064 420.108
86
420.108 424.458
87
424.458 426.768
88
426.768 431.722
89
431.722 436.605
90
436.605 441.964
91
441.964 446.251
92
446.251 451.560
93
451.560 456.833
94
456.833 461.440
95
461.440 466.042
96
466.042 470.806
97
470.806 475.890
98
475.890 480.649
99
480.649 485.258
100
485.258 490.316
101
490.316 495.243
102
495.243 499.688
103
499.688 503.424
104
503.424 507.243
105
507.243 511.920
106
511.920 519.526
107
519.526 524.690
108
524.690 531.082
109
531.082 536.990
110
536.990 542.100
111
542.100 547.896
112
547.896 553.733
113
553.733 558.223
114
558.223 563.101
115
563.101 566.660
116
566.660 572.010
117
572.010 575.901
118
575.901 578.430
119
578.430 582.010
120
582.010 586.901
121
586.901 589.680
122
589.680 594.363
123
594.363 599.177
124
599.177 602.751
125
602.751 607.742
126
607.742 614.215
127
614.215 618.759
128
618.759 623.468
129
623.468 627.545
130
627.545 631.955
131
631.955 636.288
132
636.288 641.730
133
641.730 645.047
134
645.047 647.130
135
647.130 653.660
136
653.660 657.584
137
657.584 658.522
138
658.522 660.650
139
660.650 664.340
140
664.340 668.730
141
668.730 673.037
142
673.037 677.560
143
677.560 678.940
144
678.940 682.698
145
682.698 685.010
146
685.010 687.499
147
687.499 690.000
148
690.000 697.003
149
697.003 701.466
150
701.466 705.806
151
705.806 709.030
152
709.030 712.649
153
712.649 716.662
154
716.662 719.648
155
719.648 722.042
156
722.042 725.190
157
725.190 729.690
158
729.690 735.400
159
735.400 739.784
160
739.784 745.096
161
745.096 751.220
162
751.220 757.162
163
757.162 764.533
164
764.533 768.682
165
768.682 773.681
166
773.681 778.690
167
778.690 783.901
168
783.901 789.210
169
789.210 795.992
170
795.992 800.970
171
800.970 805.752
172
805.752 812.590
173
812.590 815.255
174
815.255 820.056
175
820.056 825.290
176
825.290 830.740
177
830.740 834.400
178
834.400 837.788
179
837.788 839.282
180
839.282 840.390
181
840.390 845.350
182
845.350 851.781
183
851.781 857.490
184
857.490 860.414
185
860.414 866.150
186
866.150 872.383
187
872.383 877.184
188
877.184 880.480
189
880.480 889.176
190
889.176 893.580
191
893.580 897.727
192
897.727 900.508
193
900.508 903.320
194
903.320 906.269
195
906.269 909.460
196
909.460 911.499
197
911.499 913.810
198
913.810 919.590
199
919.590 925.821
200
925.821 928.893
201
928.893 932.005
202
932.005 932.870
203
932.870 938.238
204
938.238 942.825
205
942.825 945.391
206
945.391 949.272
207
949.272 955.705
208
955.705 960.560
209
960.560 967.000
