0
0.000 8.727
1
8.727 11.925
2
11.925 17.782
3
17.782 26.160
4
26.160 32.155
5
32.155 38.140
6
38.140 43.970
7
43.970 48.561
8
48.561 53.957
9
53.957 56.520
10
56.520 61.618
11
61.618 68.310
12
68.310 73.537
13
73.537 77.630
14
77.630 82.154
15
82.154 86.912
16
86.912 91.040
17
91.040 92.020
18
92.020 95.674
19
95.674 99.200
20
99.200 100.308
21
100.308 105.676
22
105.676 111.456
23
111.456 114.613
24
114.613 120.530
25
120.530 124.979
26
124.979 129.520
27
129.520 134.353
28
134.353 139.330
29
139.330 146.330
30
146.330 147.660
31
147.660 153.170
32
153.170 154.195
33
154.195 158.960
34
158.960 164.804
35
164.804 168.458
36
168.458 172.651
37
172.651 178.050
38
178.050 183.843
39
183.843 187.346
40
187.346 191.776
41
191.776 197.671
42
197.671 203.230
43
203.230 208.180
44
208.180 208.851
45
208.851 210.498
46
210.498 215.536
47
215.536 218.333
48
218.333 219.876
49
219.876 220.690
50
220.690 224.770
51
224.770 230.360
52
230.360 235.437
53
235.437 240.040
54
240.040 243.890
55
243.890 247.912
56
247.912 252.580
57
252.580 255.675
58
255.675 257.457
59
257.457 261.770
60
261.770 265.880
61
265.880 268.785
62
268.785 272.197
63
272.197 276.806
64
276.806 278.280
65
278.280 284.080
66
284.080 288.930
67
288.930 292.844
68
292.844 299.435
69
299.435 304.973
70
304.973 309.592
71
309.592 310.870
72
310.870 313.300
73
313.300 316.468
74
316.468 318.380
75
318.380 323.856
76
323.856 330.304
77
330.304 335.269
78
335.269 340.370
79
340.370 345.035
80
345.035 349.119
81
349.119 349.825
82
349.825 355.130
83
355.130 358.713
84
358.713 360.292
85
360.292 362.960
86
362.960 369.498
87
369.498 373.709
88
373.709 375.690
89
375.690 380.420
90
380.420 385.484
91
385.484 388.910
92
388.910 393.530
93
393.530 396.831
94
396.831 397.634
95
397.634 399.970
96
399.970 404.969
97
404.969 408.280
98
408.280 411.228
99
411.228 412.105
100
412.105 413.790
101
413.790 417.062
102
417.062 421.019
103
421.019 426.496
104
426.496 429.767
105
429.767 435.634
106
435.634 441.582
107
441.582 444.985
108
444.985 446.310
109
446.310 448.570
110
448.570 451.170
111
451.170 456.040
112
456.040 461.159
113
461.159 466.377
114
466.377 467.360
115
467.360 469.177
116
469.177 473.000
117
473.000 478.271
118
478.271 479.200
119
479.200 481.268
120
481.268 485.220
121
485.220 489.830
122
489.830 491.835
123
491.835 495.811
124
495.811 496.788
125
496.788 500.840
126
500.840 505.873
127
505.873 510.480
128
510.480 515.252
129
515.252 520.171
130
520.171 524.630
131
524.630 529.350
132
529.350 534.319
133
534.319 537.584
134
537.584 540.712
135
540.712 543.842
136
543.842 544.700
137
544.700 549.116
138
549.116 551.446
139
551.446 554.660
140
554.660 557.720
141
557.720 563.610
142
563.610 567.454
143
567.454 572.417
144
572.417 579.658
145
579.658 582.657
146
582.657 587.045
147
587.045 594.113
148
594.113 597.915
149
597.915 602.520
150
602.520 608.110
151
608.110 613.876
152
613.876 619.320
153
619.320 626.496
154
626.496 631.120
155
631.120 634.064
156
634.064 638.380
157
638.380 641.558
158
641.558 642.340
159
642.340 644.975
160
644.975 649.951
161
649.951 655.900
162
655.900 660.081
163
660.081 664.438
164
664.438 668.534
165
668.534 669.337
166
669.337 673.520
167
673.520 678.090
168
678.090 681.260
169
681.260 686.800
170
686.800 689.970
171
689.970 693.140
