0
0.000 7.548
1
7.548 12.940
2
12.940 19.459
3
19.459 24.790
4
24.790 29.797
5
29.797 35.130
6
35.130 40.175
7
40.175 44.011
8
44.011 47.467
9
47.467 51.813
10
51.813 54.220
11
54.220 59.071
12
59.071 63.700
13
63.700 68.430
14
68.430 73.530
15
73.530 78.452
16
78.452 82.310
17
82.310 87.250
18
87.250 90.976
19
90.976 92.890
20
92.890 96.753
21
96.753 100.813
22
100.813 104.611
23
104.611 108.776
24
108.776 113.290
25
113.290 117.450
26
117.450 123.830
27
123.830 128.940
28
128.940 133.645
29
133.645 137.505
30
137.505 139.398
31
139.398 145.087
32
145.087 149.374
33
149.374 151.930
34
151.930 158.569
35
158.569 162.060
36
162.060 167.740
37
167.740 172.862
38
172.862 178.124
39
178.124 183.290
40
183.290 185.489
41
185.489 190.192
42
190.192 197.020
43
197.020 202.360
44
202.360 207.492
45
207.492 215.289
46
215.289 219.500
47
219.500 223.790
48
223.790 228.080
49
228.080 229.529
50
229.529 232.720
51
232.720 237.360
52
237.360 240.650
53
240.650 247.360
54
247.360 250.623
55
250.623 255.731
56
255.731 261.630
57
261.630 265.960
58
265.960 273.486
59
273.486 274.947
60
274.947 280.472
61
280.472 284.238
62
284.238 292.453
63
292.453 294.528
64
294.528 297.848
65
297.848 302.115
66
302.115 307.420
67
307.420 312.197
68
312.197 315.382
69
315.382 323.125
70
323.125 328.930
71
328.930 332.513
72
332.513 338.370
73
338.370 341.351
74
341.351 343.820
75
343.820 348.000
76
348.000 353.590
77
353.590 357.102
78
357.102 358.460
79
358.460 363.920
80
363.920 367.920
81
367.920 372.090
82
372.090 377.794
83
377.794 383.857
84
383.857 389.127
85
389.127 389.960
86
389.960 393.586
87
393.586 397.795
88
397.795 400.750
89
400.750 404.930
90
404.930 408.978
91
408.978 414.836
92
414.836 417.102
93
417.102 422.103
94
422.103 428.135
95
428.135 432.929
96
432.929 437.191
97
437.191 442.080
98
442.080 448.945
99
448.945 452.751
100
452.751 458.386
101
458.386 463.200
102
463.200 468.172
103
468.172 472.040
104
472.040 478.070
105
478.070 482.938
106
482.938 487.650
107
487.650 492.158
108
492.158 496.310
109
496.310 500.165
110
500.165 502.570
111
502.570 505.990
112
505.990 510.310
113
510.310 516.505
114
516.505 521.541
115
521.541 524.910
116
524.910 529.860
117
529.860 534.718
118
534.718 540.437
119
540.437 545.367
120
545.367 549.420
121
549.420 553.090
122
553.090 558.837
123
558.837 564.494
124
564.494 567.050
125
567.050 574.300
