0
0.000 6.950
1
6.950 10.060
2
10.060 13.003
3
13.003 20.080
4
20.080 25.283
5
25.283 31.280
6
31.280 36.000
7
36.000 41.130
8
41.130 45.015
9
45.015 48.655
10
48.655 53.945
11
53.945 59.232
12
59.232 65.741
13
65.741 71.900
14
71.900 76.190
15
76.190 78.581
16
78.581 80.084
17
80.084 85.042
18
85.042 89.028
19
89.028 92.411
20
92.411 95.305
21
95.305 99.590
22
99.590 101.585
23
101.585 102.440
24
102.440 106.438
25
106.438 110.119
26
110.119 114.800
27
114.800 119.568
28
119.568 124.619
29
124.619 128.124
30
128.124 133.032
31
133.032 133.711
32
133.711 135.520
33
135.520 138.850
34
138.850 143.098
35
143.098 148.088
36
148.088 149.220
37
149.220 153.870
38
153.870 157.760
39
157.760 159.937
40
159.937 164.970
41
164.970 170.439
42
170.439 175.240
43
175.240 177.618
44
177.618 183.341
45
183.341 188.347
46
188.347 192.895
47
192.895 196.900
48
196.900 201.971
49
201.971 207.321
50
207.321 210.918
51
210.918 214.121
52
214.121 216.973
53
216.973 220.824
54
220.824 222.210
55
222.210 227.780
56
227.780 231.049
57
231.049 235.948
58
235.948 240.530
59
240.530 242.390
60
242.390 244.730
61
244.730 245.270
62
245.270 248.624
63
248.624 250.027
64
250.027 252.834
65
252.834 257.197
66
257.197 261.194
67
261.194 267.276
68
267.276 272.914
69
272.914 278.005
70
278.005 283.970
71
283.970 287.150
72
287.150 292.413
73
292.413 297.533
74
297.533 302.339
75
302.339 307.930
76
307.930 311.997
77
311.997 313.370
78
313.370 321.842
79
321.842 322.567
80
322.567 328.220
81
328.220 331.265
82
331.265 333.953
83
333.953 338.807
84
338.807 339.567
85
339.567 344.135
86
344.135 347.886
87
347.886 350.730
88
350.730 353.296
89
353.296 358.737
90
358.737 361.820
91
361.820 366.650
92
366.650 371.480
93
371.480 372.269
94
372.269 376.405
95
376.405 380.178
96
380.178 381.330
97
381.330 386.404
98
386.404 390.230
99
390.230 395.168
100
395.168 400.320
101
400.320 401.965
102
401.965 405.655
103
405.655 410.990
104
410.990 415.840
105
415.840 418.783
106
418.783 423.145
107
423.145 425.021
108
425.021 429.510
109
429.510 435.240
110
435.240 439.700
111
439.700 442.754
112
442.754 445.315
113
445.315 446.595
114
446.595 452.139
115
452.139 453.259
116
453.259 459.198
117
459.198 461.890
118
461.890 465.020
119
465.020 471.130
120
471.130 475.350
121
475.350 478.650
122
478.650 484.734
123
484.734 490.360
124
490.360 492.833
125
492.833 494.842
126
494.842 498.225
127
498.225 503.670
128
503.670 508.690
129
508.690 515.770
130
515.770 521.615
131
521.615 525.480
132
525.480 530.103
133
530.103 531.687
134
531.687 535.666
135
535.666 537.320
136
537.320 543.701
137
543.701 546.885
138
546.885 547.449
139
547.449 551.156
140
551.156 556.170
141
556.170 562.400
142
562.400 567.630
143
567.630 573.599
144
573.599 579.870
145
579.870 584.380
146
584.380 586.772
147
586.772 591.443
148
591.443 596.180
149
596.180 601.506
150
601.506 607.680
151
607.680 613.279
152
613.279 615.570
153
615.570 618.560
154
618.560 621.550
