0
0.000 7.905
1
7.905 13.080
2
13.080 18.180
3
18.180 23.018
4
23.018 26.263
5
26.263 30.515
6
30.515 35.931
7
35.931 41.447
8
41.447 46.223
9
46.223 54.453
10
54.453 60.930
11
60.930 66.534
12
66.534 71.630
13
71.630 74.703
14
74.703 79.539
15
79.539 85.110
16
85.110 88.370
17
88.370 93.220
18
93.220 98.002
19
98.002 103.257
20
103.257 107.650
21
107.650 112.630
22
112.630 116.798
23
116.798 121.808
24
121.808 125.270
25
125.270 130.930
26
130.930 135.727
27
135.727 141.640
28
141.640 145.647
29
145.647 150.920
30
150.920 153.830
31
153.830 156.981
32
156.981 160.621
33
160.621 165.348
34
165.348 168.710
35
168.710 173.691
36
173.691 178.012
37
178.012 181.470
38
181.470 186.350
39
186.350 191.578
40
191.578 196.484
41
196.484 201.272
42
201.272 205.510
43
205.510 208.451
44
208.451 213.360
45
213.360 217.737
46
217.737 220.056
47
220.056 222.520
48
222.520 226.070
49
226.070 230.436
50
230.436 235.100
51
235.100 238.067
52
238.067 242.690
53
242.690 246.304
54
246.304 252.250
55
252.250 257.435
56
257.435 263.682
57
263.682 268.560
58
268.560 272.934
59
272.934 276.305
60
276.305 278.790
61
278.790 283.480
62
283.480 286.862
63
286.862 287.637
64
287.637 290.040
65
290.040 294.904
66
294.904 297.537
67
297.537 302.932
68
302.932 307.638
69
307.638 308.720
70
308.720 312.539
71
312.539 316.690
72
316.690 320.489
73
320.489 326.330
74
326.330 331.020
75
331.020 335.941
76
335.941 340.703
77
340.703 345.050
78
345.050 348.960
79
348.960 350.713
80
350.713 351.485
81
351.485 352.050
82
352.050 357.170
83
357.170 358.674
84
358.674 364.370
85
364.370 368.165
86
368.165 373.950
87
373.950 379.365
88
379.365 384.554
89
384.554 389.611
90
389.611 394.472
91
394.472 397.557
92
397.557 402.636
93
402.636 404.370
94
404.370 406.815
95
406.815 409.390
96
409.390 412.653
97
412.653 418.380
98
418.380 423.980
99
423.980 427.599
100
427.599 429.993
101
429.993 435.070
102
435.070 439.876
103
439.876 443.021
104
443.021 447.746
105
447.746 453.820
106
453.820 458.626
107
458.626 461.868
108
461.868 467.093
109
467.093 472.770
110
472.770 479.518
111
479.518 480.490
112
480.490 484.380
113
484.380 489.210
114
489.210 494.475
115
494.475 500.260
116
500.260 506.241
117
506.241 511.470
118
511.470 515.860
119
515.860 520.055
120
520.055 522.890
121
522.890 525.051
122
525.051 527.644
123
527.644 531.011
124
531.011 535.037
125
535.037 540.007
126
540.007 545.710
127
545.710 551.080
