0
0.000 8.391
1
8.391 13.366
2
13.366 18.105
3
18.105 22.198
4
22.198 26.438
5
26.438 32.690
6
32.690 38.153
7
38.153 43.680
8
43.680 48.880
9
48.880 54.740
10
54.740 59.801
11
59.801 64.319
12
64.319 67.800
13
67.800 72.958
14
72.958 79.540
15
79.540 84.789
16
84.789 89.026
17
89.026 90.330
18
90.330 91.282
19
91.282 95.700
20
95.700 99.069
21
99.069 103.270
22
103.270 108.807
23
108.807 115.213
24
115.213 120.081
25
120.081 124.980
26
124.980 131.569
27
131.569 137.272
28
137.272 140.140
29
140.140 143.880
30
143.880 147.831
31
147.831 152.845
32
152.845 157.478
33
157.478 163.170
34
163.170 167.290
35
167.290 173.440
36
173.440 178.549
37
178.549 183.595
38
183.595 188.180
39
188.180 192.873
40
192.873 198.376
41
198.376 203.187
42
203.187 207.706
43
207.706 210.320
44
210.320 215.865
45
215.865 221.840
46
221.840 227.174
47
227.174 232.698
48
232.698 237.057
49
237.057 239.100
50
239.100 242.200
51
242.200 246.921
52
246.921 252.428
53
252.428 257.330
54
257.330 262.741
55
262.741 267.692
56
267.692 273.006
57
273.006 278.101
58
278.101 282.414
59
282.414 287.380
60
287.380 290.320
61
290.320 294.815
62
294.815 297.213
63
297.213 303.190
64
303.190 307.690
65
307.690 311.444
66
311.444 316.298
67
316.298 321.626
68
321.626 327.855
69
327.855 331.798
70
331.798 339.330
71
339.330 345.210
72
345.210 350.940
73
350.940 356.210
74
356.210 359.420
75
359.420 364.512
76
364.512 369.846
77
369.846 372.307
78
372.307 374.770
