0
0.000 9.297
1
9.297 11.978
2
11.978 16.615
3
16.615 21.508
4
21.508 26.361
5
26.361 30.900
6
30.900 34.240
7
34.240 37.560
8
37.560 38.173
9
38.173 43.691
10
43.691 48.810
11
48.810 53.914
12
53.914 58.916
13
58.916 63.320
14
63.320 63.882
15
63.882 65.756
16
65.756 70.640
17
70.640 77.960
18
77.960 82.047
19
82.047 85.520
20
85.520 87.408
21
87.408 92.391
22
92.391 93.157
23
93.157 96.620
24
96.620 103.495
25
103.495 107.184
26
107.184 110.054
27
110.054 114.221
28
114.221 118.809
29
118.809 123.820
30
123.820 129.644
31
129.644 136.485
32
136.485 138.320
33
138.320 141.880
34
141.880 143.555
35
143.555 144.360
36
144.360 148.790
37
148.790 150.551
38
150.551 155.695
39
155.695 160.074
40
160.074 163.674
41
163.674 168.865
42
168.865 175.595
43
175.595 180.249
44
180.249 185.194
45
185.194 187.870
46
187.870 193.012
47
193.012 196.027
48
196.027 201.252
49
201.252 206.439
50
206.439 211.382
51
211.382 215.424
52
215.424 218.086
53
218.086 222.884
54
222.884 224.734
55
224.734 228.438
56
228.438 233.417
57
233.417 238.558
58
238.558 242.346
59
242.346 244.356
60
244.356 248.898
61
248.898 252.270
62
252.270 257.129
63
257.129 259.788
64
259.788 263.208
65
263.208 267.030
66
267.030 272.859
67
272.859 275.771
68
275.771 279.655
69
279.655 282.141
70
282.141 287.086
71
287.086 290.259
72
290.259 294.444
73
294.444 297.541
74
297.541 301.488
75
301.488 305.796
76
305.796 311.160
77
311.160 314.228
78
314.228 317.487
79
317.487 321.430
80
321.430 323.294
81
323.294 326.359
82
326.359 332.385
83
332.385 337.270
84
337.270 337.787
85
337.787 341.233
86
341.233 345.661
87
345.661 349.403
88
349.403 353.545
89
353.545 358.809
90
358.809 363.986
91
363.986 369.110
92
369.110 373.233
93
373.233 378.314
94
378.314 381.524
95
381.524 385.881
96
385.881 388.757
97
388.757 394.013
98
394.013 396.810
99
396.810 401.553
100
401.553 406.193
101
406.193 411.020
102
411.020 415.695
103
415.695 419.342
104
419.342 423.551
105
423.551 426.610
106
426.610 431.420
107
431.420 435.426
108
435.426 441.328
109
441.328 447.587
110
447.587 450.712
111
450.712 455.006
112
455.006 458.207
113
458.207 463.216
114
463.216 466.413
115
466.413 468.863
116
468.863 470.980
117
470.980 475.601
118
475.601 479.495
119
479.495 481.728
120
481.728 484.490
121
484.490 487.878
122
487.878 489.458
123
489.458 495.101
124
495.101 499.551
125
499.551 501.303
126
501.303 505.225
127
505.225 505.759
128
505.759 508.028
129
508.028 512.450
130
512.450 517.110
131
517.110 520.472
132
520.472 525.158
133
525.158 530.149
134
530.149 535.298
135
535.298 536.770
136
536.770 542.239
137
542.239 545.741
138
545.741 548.873
139
548.873 550.147
140
550.147 551.847
141
551.847 557.810
142
557.810 562.419
143
562.419 567.633
144
567.633 572.512
145
572.512 576.605
146
576.605 580.881
147
580.881 584.885
148
584.885 586.343
149
586.343 588.720
150
588.720 589.570
151
589.570 591.541
152
591.541 593.359
153
593.359 598.680
