0
0.000 8.123
1
8.123 10.820
2
10.820 15.375
3
15.375 20.166
4
20.166 24.600
5
24.600 28.516
6
28.516 32.119
7
32.119 36.636
8
36.636 42.924
9
42.924 47.150
10
47.150 47.868
11
47.868 52.015
12
52.015 55.780
13
55.780 56.545
14
56.545 62.780
15
62.780 68.135
16
68.135 72.757
17
72.757 76.700
18
76.700 80.910
19
80.910 81.415
20
81.415 84.275
21
84.275 89.545
22
89.545 94.390
23
94.390 95.261
24
95.261 97.943
25
97.943 102.180
26
102.180 102.694
27
102.694 103.893
28
103.893 109.412
29
109.412 114.435
30
114.435 117.375
31
117.375 122.193
32
122.193 123.940
33
123.940 129.184
34
129.184 135.854
35
135.854 140.400
36
140.400 145.283
37
145.283 149.732
38
149.732 154.278
39
154.278 158.140
40
158.140 164.608
41
164.608 169.297
42
169.297 174.311
43
174.311 177.277
44
177.277 182.929
45
182.929 188.258
46
188.258 194.910
47
194.910 201.836
48
201.836 206.940
49
206.940 209.937
50
209.937 211.613
51
211.613 216.260
52
216.260 219.830
53
219.830 224.740
54
224.740 228.390
55
228.390 234.394
56
234.394 239.100
57
239.100 244.260
58
244.260 249.189
59
249.189 253.465
60
253.465 258.342
61
258.342 263.102
62
263.102 268.007
63
268.007 272.919
64
272.919 278.560
65
278.560 285.268
66
285.268 290.592
67
290.592 296.412
68
296.412 299.205
69
299.205 302.172
70
302.172 306.195
71
306.195 310.870
72
310.870 316.794
73
316.794 320.812
74
320.812 326.353
75
326.353 330.667
76
330.667 334.410
77
334.410 339.690
78
339.690 344.437
79
344.437 348.290
80
348.290 355.295
81
355.295 360.300
82
360.300 365.110
83
365.110 369.269
84
369.269 374.554
85
374.554 379.586
86
379.586 384.139
87
384.139 387.743
88
387.743 390.380
89
390.380 395.112
90
395.112 399.785
91
399.785 404.264
92
404.264 409.100
93
409.100 409.730
94
409.730 414.570
95
414.570 420.070
96
420.070 420.637
97
420.637 425.548
98
425.548 430.408
99
430.408 434.517
100
434.517 440.040
101
440.040 443.062
102
443.062 447.607
103
447.607 452.522
104
452.522 457.154
105
457.154 461.402
106
461.402 465.300
107
465.300 470.292
108
470.292 475.214
109
475.214 479.516
110
479.516 481.091
111
481.091 483.734
112
483.734 487.753
113
487.753 491.164
114
491.164 491.924
115
491.924 493.216
116
493.216 499.126
117
499.126 501.205
118
501.205 503.523
119
503.523 509.345
120
509.345 514.112
121
514.112 518.770
122
518.770 519.436
123
519.436 524.110
124
524.110 529.194
125
529.194 534.274
126
534.274 539.230
127
539.230 539.752
128
539.752 540.871
129
540.871 544.910
130
546.803 550.590
