0
0.000 7.970
1
7.970 11.235
2
11.235 15.520
3
15.520 20.604
4
20.604 24.030
5
24.030 28.830
6
28.830 31.613
7
31.613 33.966
8
33.966 36.990
9
36.990 42.136
10
42.136 47.095
11
47.095 53.137
12
53.137 57.280
13
57.280 62.300
14
62.300 66.967
15
66.967 71.142
16
71.142 75.710
17
75.710 79.446
18
79.446 83.925
19
83.925 88.283
20
88.283 94.400
21
94.400 99.678
22
99.678 102.900
23
102.900 107.168
24
107.168 110.860
25
110.860 115.935
26
115.935 121.371
27
121.371 126.516
28
126.516 131.060
29
131.060 137.507
30
137.507 142.194
31
142.194 146.380
32
146.380 151.465
33
151.465 156.305
34
156.305 161.723
35
161.723 167.397
36
167.397 174.470
37
174.470 179.953
38
179.953 188.279
39
188.279 193.170
40
193.170 196.260
41
196.260 201.150
42
201.150 203.967
43
203.967 208.941
44
208.941 212.660
45
212.660 217.312
46
217.312 220.360
47
220.360 225.881
48
225.881 231.170
49
231.170 234.978
50
234.978 239.150
51
239.150 244.438
52
244.438 249.605
53
249.605 251.855
54
251.855 256.580
55
256.580 261.375
56
261.375 266.018
57
266.018 270.608
58
270.608 275.291
59
275.291 280.719
60
280.719 286.350
61
286.350 290.484
62
290.484 294.461
63
294.461 300.735
64
300.735 306.095
65
306.095 311.133
66
311.133 316.403
67
316.403 321.687
68
321.687 326.876
69
326.876 332.017
70
332.017 337.148
71
337.148 343.626
72
343.626 347.660
73
347.660 350.610
74
350.610 354.556
75
354.556 358.110
76
358.110 362.263
77
362.263 367.394
78
367.394 373.050
79
373.050 376.936
80
376.936 381.505
81
381.505 383.806
82
383.806 389.490
83
389.490 392.163
84
392.163 397.838
85
397.838 403.824
86
403.824 408.735
87
408.735 412.574
88
412.574 418.456
89
418.456 424.370
90
424.370 429.550
91
429.550 434.855
92
434.855 440.410
93
440.410 445.242
94
445.242 450.045
95
450.045 455.710
96
455.710 461.580
97
461.580 466.740
98
466.740 472.683
99
472.683 474.750
100
474.750 478.300
101
478.300 480.667
102
480.667 485.772
103
485.772 491.043
104
491.043 495.910
105
495.910 500.473
106
500.473 504.763
107
504.763 506.952
108
506.952 511.420
109
511.420 517.141
110
517.141 521.063
111
521.063 526.000
112
526.000 532.120
113
532.120 537.798
114
537.798 544.840
115
544.840 547.492
116
547.492 552.851
117
552.851 556.815
118
556.815 561.418
119
561.418 563.873
120
563.873 568.475
121
568.475 573.474
122
573.474 578.211
123
578.211 582.501
124
582.501 585.224
125
585.224 585.862
126
585.862 590.524
127
590.524 595.514
128
595.514 598.448
129
598.448 601.571
130
601.571 605.287
131
605.287 612.070
132
612.070 616.135
133
616.135 621.332
134
621.332 626.692
135
626.692 633.057
136
633.057 636.910
137
636.910 641.955
138
641.955 647.975
139
647.975 652.377
140
652.377 657.812
141
657.812 663.464
142
663.464 669.930
143
669.930 675.926
144
675.926 680.496
145
680.496 684.660
146
684.660 689.254
147
689.254 690.926
148
690.926 695.971
149
695.971 700.967
150
700.967 704.700
151
704.700 708.863
152
708.863 713.073
153
713.073 718.393
154
718.393 724.213
155
724.213 729.883
156
729.883 736.990
157
736.990 741.114
158
741.114 747.204
159
747.204 751.468
160
751.468 756.036
161
756.036 761.766
162
761.766 768.158
163
768.158 773.760
164
773.760 779.427
165
779.427 784.096
166
784.096 788.865
167
788.865 795.050
168
795.050 799.955
169
799.955 804.860
170
804.860 810.925
171
810.925 819.230
172
819.230 823.256
173
823.256 828.241
174
828.241 833.344
175
833.344 836.620
176
836.620 837.187
177
837.187 840.670
178
840.670 846.720
