0
0.000 8.536
1
8.536 10.272
2
10.272 15.068
3
15.068 21.008
4
21.008 26.354
5
26.354 31.138
6
31.138 35.308
7
35.308 38.423
8
38.423 42.949
9
42.949 47.089
10
47.089 50.670
11
50.670 55.409
12
55.409 60.048
13
60.048 63.333
14
63.333 68.159
15
68.159 69.879
16
69.879 75.755
17
75.755 79.783
18
79.783 82.378
19
82.378 87.184
20
87.184 91.810
21
91.810 97.420
22
97.420 101.796
23
101.796 106.295
24
106.295 109.959
25
109.959 114.461
26
114.461 115.739
27
115.739 121.742
28
121.742 124.101
29
124.101 130.333
30
130.333 135.541
31
135.541 140.597
32
140.597 145.308
33
145.308 152.323
34
152.323 157.660
35
157.660 162.496
36
162.496 168.571
37
168.571 172.653
38
172.653 174.200
39
174.200 179.940
40
179.940 185.734
41
185.734 191.037
42
191.037 196.016
43
196.016 200.631
44
200.631 205.754
45
205.754 212.021
46
212.021 214.680
47
214.680 221.359
48
221.359 224.050
49
224.050 229.989
50
229.989 233.719
51
233.719 236.928
52
236.928 242.611
53
242.611 245.136
54
245.136 250.032
55
250.032 254.068
56
254.068 258.225
57
258.225 262.840
58
262.840 267.245
59
267.245 272.702
60
272.702 278.312
61
278.312 283.585
62
283.585 290.975
63
290.975 295.587
64
295.587 300.266
65
300.266 305.411
66
305.411 310.559
67
310.559 316.236
68
316.236 320.938
69
320.938 323.250
70
323.250 324.663
71
324.663 329.610
72
329.610 334.065
73
334.065 336.450
74
336.450 341.079
75
341.079 344.354
76
344.354 349.605
77
349.605 354.041
78
354.041 357.628
79
357.628 362.979
80
362.979 368.671
81
368.671 371.621
82
371.621 375.661
83
375.661 379.500
84
379.500 383.763
85
383.763 388.804
86
388.804 392.860
87
392.860 398.770
88
398.770 403.545
89
403.545 408.660
90
408.660 413.479
91
413.479 416.663
92
416.663 421.875
93
421.875 426.077
94
426.077 433.319
95
433.319 437.240
96
437.240 442.059
97
442.059 445.622
98
445.622 447.472
99
447.472 451.707
100
451.707 456.481
101
456.481 461.245
102
461.245 465.380
103
465.380 466.538
104
466.538 470.740
105
470.740 475.886
106
475.886 481.454
107
481.454 486.351
108
486.351 489.472
109
489.472 490.100
110
490.100 495.552
111
495.552 497.220
112
497.220 501.518
113
501.518 506.168
114
506.168 506.917
115
506.917 509.992
116
509.992 514.491
117
514.491 519.170
118
519.170 521.882
119
521.882 526.901
120
526.901 532.510
121
532.510 538.623
122
538.623 545.450
123
545.450 550.620
124
550.620 554.605
125
554.605 559.990
126
559.990 564.757
127
564.757 568.637
128
568.637 572.770
129
572.770 577.853
130
577.853 583.050
131
583.050 588.278
132
588.278 590.488
133
590.488 595.096
134
595.096 599.904
135
599.904 604.492
136
604.492 607.729
137
607.729 612.396
138
612.396 617.476
139
617.476 622.240
140
622.240 626.441
141
626.441 631.308
142
631.308 635.941
143
635.941 640.470
144
640.470 647.815
145
647.815 650.550
