0
0.000 8.630
1
8.630 10.550
2
10.550 14.950
3
14.950 19.564
4
19.564 23.225
5
23.225 26.250
6
26.250 29.290
7
29.290 32.296
8
32.296 35.537
9
35.537 39.054
10
39.054 43.072
11
43.072 47.880
12
47.880 52.809
13
52.809 58.251
14
58.251 61.421
15
61.421 65.324
16
65.324 68.581
17
68.581 74.181
18
74.181 76.280
19
76.280 82.888
20
82.888 88.497
21
88.497 90.721
22
90.721 95.902
23
95.902 101.663
24
101.663 107.310
25
107.310 112.263
26
112.263 118.048
27
118.048 122.300
28
122.300 127.556
29
127.556 133.609
30
133.609 138.523
31
138.523 139.828
32
139.828 140.980
33
140.980 143.449
34
143.449 150.437
35
151.710 154.073
36
154.073 159.340
37
159.340 160.838
38
160.838 165.802
39
165.802 170.259
40
170.259 174.230
41
174.230 176.498
42
176.498 181.160
43
181.160 187.496
44
187.496 193.393
45
193.393 198.910
46
198.910 204.694
47
204.694 209.713
48
209.713 215.396
49
215.396 222.024
50
222.024 228.290
51
228.290 233.560
52
233.560 239.580
53
239.580 245.456
54
245.456 249.970
55
249.970 252.610
56
252.610 259.140
57
259.140 262.949
58
262.949 266.568
59
266.568 270.360
60
270.360 272.359
61
272.359 278.823
62
278.823 282.645
63
282.645 286.210
64
286.210 291.639
65
291.639 295.093
66
295.093 297.607
67
297.607 299.596
68
299.596 304.170
69
304.170 308.590
70
308.590 313.470
71
313.470 322.070
72
322.070 326.660
73
326.660 331.548
74
331.548 334.559
75
334.559 341.430
76
341.430 346.851
77
346.851 351.906
78
351.906 356.753
79
356.753 361.945
80
361.945 367.228
81
367.228 370.635
82
370.635 374.180
83
374.180 378.645
84
378.645 385.280
85
385.280 389.006
86
389.006 391.622
87
391.622 394.452
88
394.452 398.320
89
398.320 403.292
90
403.292 406.170
91
406.170 414.880
92
414.880 417.493
93
417.493 418.090
94
418.090 422.118
95
422.118 426.467
96
426.467 429.922
97
429.922 435.129
98
435.129 438.161
99
438.161 441.686
100
441.686 447.287
101
447.287 452.556
102
452.556 458.950
103
458.950 464.329
104
464.329 469.760
105
469.760 474.958
106
474.958 482.539
107
482.539 486.795
108
486.795 489.672
109
489.672 495.380
110
495.380 500.320
111
500.320 505.650
112
505.650 513.631
113
513.631 517.623
114
517.623 521.964
115
521.964 526.651
116
526.651 531.547
117
531.547 534.920
118
534.920 539.250
119
539.250 544.982
120
544.982 550.795
121
550.795 556.653
122
556.653 563.980
123
563.980 567.889
124
567.889 573.246
125
573.246 577.623
126
577.623 581.970
127
581.970 587.458
128
587.458 592.730
129
592.730 598.808
130
598.808 600.439
131
600.439 603.380
132
603.380 607.455
133
607.455 611.888
134
611.888 615.771
135
615.771 618.234
136
618.234 622.990
137
622.990 628.771
138
628.771 634.320
139
634.320 637.729
140
637.729 642.524
141
642.524 644.253
142
644.253 650.668
143
650.668 652.640
