0
0.000 9.138
1
9.138 13.705
2
13.705 17.800
3
17.800 22.769
4
22.769 27.757
5
27.757 32.042
6
32.042 37.050
7
37.050 41.977
8
41.977 45.530
9
45.530 49.231
10
49.231 54.110
11
54.110 56.160
12
56.160 59.295
13
59.295 64.190
14
64.190 67.404
15
67.404 72.123
16
72.123 77.194
17
77.194 82.110
18
82.110 87.064
19
87.064 92.040
20
92.040 97.291
21
97.291 100.707
22
100.707 104.891
23
104.891 110.338
24
110.338 113.980
25
113.980 117.430
26
117.430 122.578
27
122.578 127.680
28
127.680 131.880
29
131.880 137.275
30
137.275 142.670
31
142.670 149.921
32
149.921 153.840
33
153.840 158.290
34
158.290 159.973
35
159.973 163.618
36
163.618 167.853
37
167.853 173.140
38
173.140 178.806
39
178.806 184.269
40
184.269 189.130
41
189.130 193.030
42
193.030 198.946
43
198.946 203.290
44
203.290 208.666
45
208.666 214.142
46
214.142 220.829
47
220.829 224.250
48
224.250 226.056
49
226.056 233.534
50
233.534 238.381
51
238.381 242.111
52
242.111 244.850
53
244.850 250.270
54
250.270 256.550
55
256.550 260.381
56
260.381 263.830
57
263.830 265.215
58
265.215 269.270
59
269.270 272.790
60
272.790 278.201
61
278.201 283.240
62
283.240 287.235
63
287.235 290.000
64
290.000 294.947
65
294.947 300.043
66
300.043 304.458
67
304.458 310.016
68
310.016 316.249
69
316.249 321.739
70
321.739 326.907
71
326.907 332.138
72
332.138 339.110
73
339.110 345.144
74
345.144 348.890
75
348.890 351.950
76
351.950 357.079
77
357.079 363.161
78
363.161 365.340
79
365.340 371.342
80
371.342 372.950
81
372.950 381.320
82
381.320 384.708
83
384.708 386.997
84
386.997 388.840
85
388.840 390.946
86
390.946 397.258
87
397.258 403.160
88
403.160 408.450
89
408.450 413.130
90
413.130 415.470
