0
0.000 8.064
1
8.064 12.745
2
12.745 18.065
3
18.065 23.913
4
23.913 28.330
5
28.330 32.841
6
32.841 36.565
7
36.565 41.410
8
41.410 45.170
9
45.170 51.380
10
51.380 56.800
11
56.800 61.590
12
61.590 65.253
13
65.253 70.445
14
70.445 72.497
15
72.497 78.610
16
78.610 81.680
17
81.680 86.555
18
86.555 91.675
19
91.675 96.900
20
96.900 102.580
21
102.580 108.300
22
108.300 112.476
23
112.476 116.080
24
116.080 118.782
25
118.782 122.404
26
122.404 127.377
27
127.377 131.960
28
131.960 138.650
29
138.650 143.716
30
143.716 148.940
31
148.940 154.790
32
154.790 159.570
33
159.570 167.029
34
167.029 172.280
35
172.280 177.944
36
177.944 183.630
37
183.630 188.470
38
188.470 193.550
39
193.550 200.410
40
200.410 205.143
41
205.143 211.080
42
211.080 212.044
43
212.044 217.023
44
217.023 221.104
45
221.104 227.030
46
227.030 230.323
47
230.323 234.936
48
234.936 241.097
49
241.097 245.896
50
245.896 250.660
51
250.660 255.450
52
255.450 259.590
53
259.590 263.730
54
263.730 266.658
55
266.658 272.721
56
272.721 277.121
57
277.121 282.317
58
282.317 287.953
59
287.953 292.500
60
292.500 293.457
61
293.457 296.770
62
296.770 301.619
63
301.619 306.219
64
306.219 310.298
65
310.298 316.258
66
316.258 321.303
67
321.303 325.394
68
325.394 330.370
69
330.370 334.746
70
334.746 336.600
71
336.600 339.332
72
339.332 344.600
73
344.600 349.745
74
349.745 354.390
75
354.390 359.295
76
359.295 363.440
77
363.440 370.406
78
370.406 378.444
79
378.444 382.414
80
382.414 386.460
81
386.460 391.227
82
391.227 397.053
83
397.053 402.225
84
402.225 407.068
85
407.068 413.317
86
413.317 419.630
87
419.630 420.166
88
420.166 426.086
89
426.086 430.790
90
430.790 435.110
91
435.110 439.660
92
439.660 444.830
93
444.830 450.028
94
450.028 457.330
95
457.330 458.553
96
458.553 461.770
97
461.770 464.812
98
464.812 467.330
99
467.330 474.392
100
474.392 477.884
101
477.884 486.415
102
486.415 491.906
103
491.906 496.025
104
496.025 500.740
105
500.740 504.160
106
504.160 510.695
107
510.695 512.120
