0
0.000 9.370
1
9.370 14.410
2
14.410 18.534
3
18.534 22.150
4
22.150 26.630
5
26.630 31.694
6
31.694 36.900
7
36.900 38.501
8
38.501 39.363
9
39.363 44.545
10
44.545 46.897
11
46.897 49.749
12
49.749 54.536
13
54.536 57.010
14
57.010 61.785
15
61.785 66.908
16
66.908 72.100
17
72.100 78.172
18
78.172 81.580
19
81.580 85.990
20
85.990 93.105
21
93.105 97.960
22
97.960 100.544
23
100.544 103.130
24
103.130 105.645
25
105.645 112.337
26
112.337 114.730
27
114.730 121.124
28
121.124 125.749
29
125.749 129.406
30
129.406 133.970
31
133.970 137.947
32
137.947 141.149
33
141.149 145.415
34
145.415 146.519
35
146.519 150.948
36
150.948 153.342
37
153.342 156.690
38
156.690 161.237
39
161.237 165.995
40
165.995 170.480
41
170.480 174.955
42
174.955 177.023
43
177.023 180.993
44
180.993 186.320
45
186.320 191.297
46
191.297 195.963
47
195.963 201.094
48
201.094 205.948
49
205.948 211.020
50
211.020 215.294
51
215.294 219.567
52
219.567 222.553
53
222.553 226.935
54
226.935 231.000
55
231.000 234.324
56
234.324 239.843
57
239.843 244.850
58
244.850 248.720
59
248.720 253.933
60
253.933 257.540
61
257.540 262.720
62
262.720 267.509
63
267.509 271.640
64
271.640 277.360
65
277.360 278.990
66
278.990 284.205
67
284.205 289.635
68
289.635 293.686
69
293.686 297.638
70
297.638 304.962
71
304.962 310.090
72
310.090 313.992
73
313.992 319.945
74
319.945 326.373
75
326.373 332.322
76
332.322 337.750
77
337.750 341.104
78
341.104 345.750
79
345.750 347.516
80
347.516 349.819
81
349.819 352.466
82
352.466 355.955
83
355.955 359.555
84
359.555 363.921
85
363.921 367.520
86
367.520 372.150
87
372.150 374.092
88
374.092 378.227
89
378.227 382.451
90
382.451 383.120
91
383.120 385.430
92
385.430 385.980
93
385.980 388.070
94
388.070 388.675
95
388.675 392.486
96
392.486 394.416
97
394.416 398.115
98
398.115 402.614
99
402.614 407.294
100
407.294 411.745
101
411.745 415.913
102
415.913 418.440
103
418.440 421.711
104
421.711 425.585
105
425.585 429.689
106
429.689 432.730
107
432.730 435.854
108
435.854 438.398
109
438.398 441.545
110
441.545 443.964
111
443.964 445.650
112
445.650 448.310
113
448.310 452.918
114
452.918 456.310
115
456.310 461.402
116
461.402 467.343
117
467.343 473.277
118
473.277 475.770
119
475.770 480.754
120
480.754 485.998
121
485.998 490.724
122
490.724 495.722
123
495.722 500.468
124
500.468 505.985
125
505.985 511.804
126
511.804 516.950
127
516.950 522.775
128
522.775 527.907
129
527.907 533.235
130
533.235 538.408
131
538.408 542.931
132
542.931 547.180
133
547.180 552.696
134
552.696 557.690
135
557.690 563.231
136
563.231 568.940
137
568.940 574.540
138
574.540 581.020
139
581.020 585.996
140
585.996 590.133
141
590.133 594.639
142
594.639 599.500
143
599.500 603.250
144
603.250 609.859
145
609.859 614.573
146
614.573 619.771
147
619.771 624.512
148
624.512 627.865
149
627.865 632.217
150
632.217 635.379
151
635.379 641.011
152
641.011 647.909
153
647.909 652.473
154
652.473 657.386
155
657.386 659.750
156
659.750 662.692
157
662.692 667.260
158
667.260 668.093
159
668.093 672.458
160
672.458 677.073
161
677.073 682.160
162
682.160 686.056
163
686.056 688.473
164
688.473 694.082
165
694.082 697.090
166
697.090 699.793
167
699.793 702.289
168
702.289 705.952
169
705.952 710.150
170
710.150 714.272
171
714.272 720.400
172
720.400 724.917
173
724.917 729.901
174
729.901 733.466
175
733.466 734.425
176
734.425 737.892
177
737.892 739.340
178
739.340 742.766
179
742.766 747.384
180
747.384 752.860
181
752.860 756.186
182
756.186 761.461
183
761.461 765.863
184
765.863 768.280
185
768.280 772.482
186
772.482 773.948
187
773.948 778.257
188
778.257 782.889
189
782.889 784.984
190
784.984 789.447
191
789.447 792.819
192
792.819 797.326
193
797.326 801.850
194
801.850 803.636
195
803.636 808.571
196
808.571 811.166
197
811.166 815.796
198
815.796 819.860
199
819.860 823.980
200
823.980 828.719
201
828.719 829.304
202
829.304 833.472
203
833.472 836.859
204
836.859 842.233
205
842.233 844.151
206
844.151 848.898
207
848.898 851.994
208
851.994 854.700
209
854.700 859.345
210
859.345 864.056
211
864.056 868.925
212
868.925 873.907
213
873.907 877.533
214
877.533 880.130
215
880.130 885.265
216
885.265 890.400
217
890.400 893.475
218
893.475 897.226
219
897.226 902.562
220
902.562 905.470
221
905.470 908.890
222
908.890 913.248
223
913.248 916.590
224
916.590 921.447
225
921.447 926.252
226
926.252 930.114
227
930.114 933.570
228
933.570 937.431
229
937.431 942.373
230
942.373 947.820
231
947.820 953.238
232
953.238 958.219
233
958.219 963.350
234
963.350 968.515
235
968.515 973.532
236
973.532 978.650
237
978.650 985.168
238
985.168 988.326
239
988.326 993.062
240
993.062 996.558
241
996.558 999.390
