0
0.000 8.435
1
8.435 10.910
2
10.910 13.090
3
13.090 17.860
4
17.860 23.192
5
23.192 27.726
6
27.726 32.240
7
32.240 37.367
8
37.367 42.750
9
42.750 49.163
10
49.163 53.753
11
53.753 58.888
12
58.888 64.135
13
64.135 68.830
14
68.830 73.940
15
73.940 79.754
16
79.754 83.084
17
83.084 87.844
18
87.844 92.542
19
92.542 97.950
20
97.950 105.739
21
105.739 110.031
22
110.031 112.420
23
112.420 116.380
24
116.380 122.220
25
122.220 127.208
26
127.208 131.330
27
131.330 136.410
28
136.410 142.300
29
142.300 147.500
30
147.500 152.219
31
152.219 157.628
32
157.628 162.647
33
162.647 169.528
34
169.528 174.550
35
174.550 181.798
36
181.798 185.610
37
185.610 190.028
38
190.028 195.672
39
195.672 200.641
40
200.641 205.360
41
205.360 208.480
42
208.480 213.580
43
213.580 220.299
44
220.299 224.508
45
224.508 228.660
46
228.660 233.855
47
233.855 238.535
48
238.535 242.044
49
242.044 247.039
50
247.039 251.905
51
251.905 255.968
52
255.968 260.840
53
260.840 265.776
54
265.776 272.029
55
272.029 277.130
56
277.130 281.505
57
281.505 286.316
58
286.316 287.934
59
287.934 293.379
60
293.379 297.880
61
297.880 302.725
62
302.725 304.714
63
304.714 310.993
64
310.993 313.580
65
313.580 317.753
66
317.753 320.370
67
320.370 324.043
68
324.043 328.080
69
328.080 332.480
70
332.480 336.110
71
336.110 342.026
72
342.026 347.060
73
347.060 353.951
74
353.951 358.460
75
358.460 363.350
76
363.350 368.155
77
368.155 373.858
78
373.858 378.869
79
378.869 383.764
80
383.764 388.750
81
388.750 392.900
82
392.900 398.901
83
398.901 402.230
84
402.230 406.344
85
406.344 414.694
86
414.694 419.112
87
419.112 420.870
88
420.870 425.520
89
425.520 430.410
90
430.410 436.500
91
436.500 441.450
92
441.450 444.193
93
444.193 448.234
94
448.234 451.188
95
451.188 456.434
96
456.434 460.038
97
460.038 463.290
98
463.290 468.506
99
468.506 473.740
100
473.740 480.480
101
480.480 487.336
102
487.336 491.901
103
491.901 497.017
104
497.017 499.640
105
499.640 503.220
106
503.220 507.535
107
507.535 510.559
108
510.559 513.228
109
513.228 516.940
110
516.940 521.420
111
521.420 525.852
112
525.852 530.504
113
530.504 534.530
114
534.530 541.438
115
541.438 543.794
116
543.794 548.877
117
548.877 552.850
118
552.850 556.445
119
556.445 561.022
120
561.022 565.608
121
565.608 569.827
122
569.827 573.572
123
573.572 574.099
124
574.099 575.502
125
575.502 578.988
126
578.988 579.679
127
579.679 581.778
128
581.778 586.327
129
586.327 590.952
130
590.952 593.846
131
593.846 598.830
132
598.830 603.712
133
603.712 606.560
134
606.560 611.685
135
611.685 616.810
136
616.810 622.589
137
622.589 626.980
138
626.980 628.345
139
628.345 636.548
140
636.548 641.165
141
641.165 645.911
142
645.911 647.990
143
647.990 653.300
144
653.300 657.695
145
657.695 662.512
146
662.512 663.710
147
663.710 664.552
148
664.552 667.390
149
667.390 671.714
150
671.714 676.275
151
676.275 679.206
152
679.206 683.376
153
683.376 687.640
154
687.640 689.020
155
689.020 690.838
156
690.838 695.950
157
695.950 698.247
158
698.247 701.120
159
701.120 707.171
160
707.171 712.737
161
712.737 715.710
162
715.710 717.711
163
717.711 722.712
164
722.712 726.880
165
726.880 731.248
166
731.248 732.710
167
732.710 733.884
168
733.884 738.846
169
738.846 741.340
170
741.340 746.850
171
746.850 752.970
172
752.970 759.433
173
759.433 761.570
174
761.570 764.291
175
764.291 768.142
176
768.142 770.972
177
770.972 772.532
178
772.532 776.407
179
776.407 781.581
180
781.581 785.379
181
785.379 789.420
182
789.420 794.440
183
794.440 800.150
184
800.150 803.890
185
803.890 808.409
186
808.409 813.500
187
813.500 820.488
188
820.488 824.965
189
824.965 829.475
190
829.475 831.158
191
831.158 834.296
192
834.296 836.286
193
836.286 838.470
194
838.470 841.015
195
841.015 845.794
196
845.794 849.440
197
849.440 852.670
198
852.670 855.757
199
855.757 859.820
200
859.820 861.070
201
861.070 866.848
202
866.848 872.851
203
872.851 874.827
204
874.827 879.056
205
879.056 880.410
206
880.410 884.574
207
884.574 889.032
208
889.032 891.615
209
891.615 895.922
210
895.922 898.560
211
898.560 902.840
212
902.840 904.803
213
904.803 911.639
214
911.639 916.254
215
916.254 920.940
216
920.940 924.953
217
924.953 931.180
218
931.180 932.277
219
932.277 939.042
220
939.042 944.059
221
944.059 949.990
222
949.990 954.126
223
954.126 954.820
224
954.820 959.103
225
959.103 963.528
226
963.528 969.000
227
969.000 973.018
228
973.018 974.910
229
974.910 977.775
230
977.775 982.228
231
982.228 986.662
232
986.662 992.357
233
992.357 997.788
234
997.788 1002.740
235
1002.740 1008.538
236
1008.538 1014.456
237
1014.456 1021.445
238
1021.445 1026.322
239
1026.322 1031.821
240
1031.821 1033.420
241
1033.420 1038.210
