0
0.000 7.521
1
7.521 10.608
2
10.608 16.320
3
16.320 23.420
4
23.420 26.337
5
26.337 31.340
6
31.340 35.270
7
35.270 41.030
8
41.030 48.006
9
48.006 50.122
10
50.122 54.481
11
54.481 59.708
12
59.708 64.838
13
64.838 69.080
14
69.080 74.790
15
74.790 80.090
16
80.090 86.615
17
86.615 93.004
18
93.004 97.638
19
97.638 100.280
20
100.280 104.615
21
104.615 110.340
22
110.340 117.844
23
117.844 121.211
24
121.211 126.344
25
126.344 130.660
26
130.660 135.520
27
135.520 141.170
28
141.170 146.378
29
146.378 151.710
30
151.710 156.659
31
156.659 161.972
32
161.972 166.910
33
166.910 169.838
34
169.838 173.725
35
173.725 174.700
36
174.700 179.793
37
179.793 187.575
38
187.575 192.744
39
192.744 197.696
40
197.696 202.293
41
202.293 207.749
42
207.749 212.990
43
212.990 218.416
44
218.416 224.100
45
224.100 231.220
46
231.220 234.540
47
234.540 238.280
48
238.280 242.998
49
242.998 247.310
50
247.310 252.345
51
252.345 257.380
52
257.380 261.210
53
261.210 266.530
54
266.530 271.729
55
271.729 275.490
56
275.490 279.078
57
279.078 284.390
58
284.390 289.220
59
289.220 293.546
60
293.546 300.163
61
300.163 305.208
62
305.208 308.180
63
308.180 314.512
64
314.512 318.330
65
318.330 323.510
66
323.510 330.250
67
330.250 334.630
68
334.630 339.640
69
339.640 346.460
70
346.460 352.129
71
352.129 357.630
72
357.630 363.490
73
363.490 368.422
74
368.422 372.920
75
372.920 378.140
76
378.140 382.864
77
382.864 387.876
78
387.876 392.817
79
392.817 397.801
80
397.801 402.686
81
402.686 406.603
82
406.603 411.485
83
411.485 415.840
84
415.840 420.641
85
420.641 424.680
86
424.680 426.168
87
426.168 428.160
88
428.160 432.682
89
432.682 437.670
90
437.670 442.350
91
442.350 445.710
92
445.710 450.640
93
450.640 452.497
94
452.497 456.420
95
456.420 458.130
96
458.130 464.900
97
464.900 468.455
98
468.455 472.668
99
472.668 478.822
100
478.822 487.470
101
487.470 492.880
102
492.880 497.941
103
497.941 502.904
104
502.904 507.503
105
507.503 510.603
106
510.603 514.420
107
514.420 518.883
108
518.883 525.280
109
525.280 529.916
110
529.916 533.120
111
533.120 537.769
112
537.769 538.550
113
538.550 543.892
114
543.892 549.463
115
549.463 554.221
116
554.221 560.310
117
560.310 564.540
118
564.540 566.924
119
566.924 569.010
120
569.010 573.782
121
573.782 578.800
122
578.800 584.098
123
584.098 590.188
124
590.188 595.520
125
595.520 602.417
126
602.417 609.450
127
609.450 614.240
128
614.240 618.657
129
618.657 623.280
130
623.280 629.570
131
629.570 633.620
132
633.620 637.670
133
637.670 640.501
134
640.501 646.091
135
646.091 651.610
136
651.610 655.760
137
655.760 662.750
138
662.750 668.630
139
668.630 673.663
140
673.663 676.850
141
676.850 679.597
142
679.597 685.495
143
685.495 689.004
144
689.004 694.257
145
694.257 699.833
146
699.833 704.710
147
704.710 710.930
148
710.930 716.078
149
716.078 720.321
150
720.321 722.553
151
722.553 729.530
152
729.530 733.859
153
733.859 738.714
154
738.714 742.110
