0
0.000 8.475
1
8.475 11.015
2
11.015 16.110
3
16.110 21.000
4
21.000 27.010
5
27.010 30.480
6
30.480 37.020
7
37.020 39.370
8
39.370 42.527
9
42.527 43.710
10
43.710 48.498
11
48.498 53.220
12
53.220 56.935
13
56.935 58.884
14
58.884 63.997
15
63.997 66.270
16
66.270 71.070
17
71.070 76.256
18
76.256 81.673
19
81.673 87.132
20
87.132 91.160
21
91.160 94.770
22
94.770 99.140
23
99.140 100.168
24
100.168 104.696
25
104.696 105.460
26
105.460 110.967
27
110.967 115.500
28
115.500 118.256
29
118.256 123.228
30
123.228 128.387
31
128.387 133.792
32
133.792 139.121
33
139.121 140.369
34
140.369 147.236
35
147.236 153.064
36
153.064 155.842
37
155.842 160.773
38
160.773 165.631
39
165.631 172.865
40
172.865 178.612
41
178.612 184.587
42
184.587 189.202
43
189.202 193.484
44
193.484 199.405
45
199.405 205.590
46
205.590 209.540
47
209.540 214.110
48
214.110 219.368
49
219.368 224.509
50
224.509 230.201
51
230.201 235.507
52
235.507 242.330
53
242.330 247.418
54
247.418 250.590
55
250.590 255.130
56
255.130 260.010
57
260.010 263.950
58
263.950 267.871
59
267.871 272.692
60
272.692 277.614
61
277.614 283.010
62
283.010 287.845
63
287.845 290.820
64
290.820 294.804
65
294.804 295.941
66
295.941 297.420
67
297.420 304.495
68
304.495 310.530
69
310.530 314.910
70
314.910 319.890
71
319.890 323.810
72
323.810 327.837
73
327.837 333.580
74
333.580 338.820
75
338.820 343.879
76
343.879 347.470
77
347.470 349.560
78
349.560 352.810
79
352.810 359.380
80
359.380 362.581
81
362.581 367.019
82
367.019 374.088
83
374.088 379.219
84
379.219 384.980
85
384.980 387.784
86
387.784 392.025
87
392.025 395.370
88
395.370 396.140
89
396.140 398.730
90
398.730 404.083
91
404.083 409.234
92
409.234 412.286
93
412.286 415.980
94
415.980 420.405
95
420.405 426.618
96
426.618 431.177
97
431.177 437.802
98
437.802 443.700
99
443.700 448.846
100
448.846 450.529
101
450.529 454.380
102
454.380 457.530
103
457.530 460.480
104
460.480 462.472
105
462.472 464.782
106
464.782 469.083
107
469.083 473.940
108
473.940 475.951
109
475.951 481.210
110
481.210 482.307
111
482.307 487.194
112
487.194 492.280
113
492.280 496.807
114
496.807 499.677
115
499.677 501.466
116
501.466 503.260
117
503.260 507.428
118
507.428 511.448
119
511.448 513.900
120
513.900 518.860
121
518.860 524.476
122
524.476 529.083
123
529.083 534.830
124
534.830 538.637
125
538.637 541.549
126
541.549 544.580
127
544.580 548.440
128
548.440 553.025
129
553.025 556.102
130
556.102 557.716
131
557.716 561.797
132
561.797 564.811
133
564.811 569.093
134
569.093 573.813
135
573.813 579.233
136
579.233 586.620
137
586.620 590.848
138
590.848 595.321
139
595.321 599.316
140
599.316 604.120
141
604.120 607.830
142
607.830 612.480
143
612.480 617.197
144
617.197 622.380
145
622.380 627.137
146
627.137 631.273
147
631.273 633.355
148
633.355 635.440
