0
0.000 7.478
1
7.478 10.333
2
10.333 14.903
3
14.903 19.830
4
19.830 24.980
5
24.980 27.028
6
27.028 30.836
7
30.836 34.709
8
34.709 40.365
9
40.365 45.315
10
45.315 49.530
11
49.530 54.610
12
54.610 59.275
13
59.275 63.230
14
63.230 69.486
15
69.486 75.401
16
75.401 80.394
17
80.394 81.230
18
81.230 83.628
19
83.628 88.836
20
88.836 94.340
21
94.340 100.019
22
100.019 105.390
23
105.390 109.768
24
109.768 112.918
25
112.918 117.361
26
117.361 121.800
27
121.800 125.652
28
125.652 128.590
29
128.590 133.690
30
133.690 139.721
31
139.721 144.131
32
144.131 146.551
33
146.551 150.766
34
150.766 156.008
35
156.008 161.536
36
161.536 166.090
37
166.090 171.085
38
171.085 177.440
39
177.440 179.214
40
179.214 182.720
41
182.720 187.247
42
187.247 192.064
43
192.064 195.420
44
195.420 198.056
45
198.056 201.070
46
201.070 206.275
47
206.275 211.159
48
211.159 215.732
49
215.732 220.560
50
220.560 224.014
51
224.014 229.670
52
229.670 234.920
53
234.920 240.050
54
240.050 243.354
55
243.354 244.250
56
244.250 250.905
57
250.905 255.645
58
255.645 259.620
59
259.620 263.131
60
263.131 267.390
61
267.390 272.320
62
272.320 277.147
63
277.147 282.032
64
282.032 285.710
65
285.710 290.861
66
290.861 295.765
67
295.765 300.565
68
300.565 305.562
69
305.562 308.880
70
308.880 315.404
71
315.404 322.222
72
322.222 325.010
73
325.010 330.782
74
330.782 336.027
75
336.027 341.000
76
341.000 345.110
77
345.110 352.600
78
352.600 357.250
79
357.250 360.071
80
360.071 365.972
81
365.972 370.740
82
370.740 376.380
83
376.380 382.070
84
382.070 386.080
85
386.080 391.349
86
391.349 396.460
87
396.460 401.957
88
401.957 406.345
89
406.345 409.240
90
409.240 415.290
