0
0.000 7.520
1
7.520 10.370
2
10.370 16.260
3
16.260 21.540
4
21.540 27.312
5
27.312 32.484
6
32.484 39.510
7
39.510 44.460
8
44.460 49.748
9
49.748 51.330
10
51.330 55.370
11
55.370 59.940
12
59.940 64.307
13
64.307 68.607
14
68.607 71.760
15
71.760 77.250
16
77.250 79.513
17
79.513 86.084
18
86.084 91.910
19
91.910 96.641
20
96.641 100.269
21
100.269 105.453
22
105.453 110.014
23
110.014 112.940
24
112.940 117.749
25
117.749 118.863
26
118.863 122.690
27
122.690 129.187
28
129.187 131.850
29
131.850 136.872
30
136.872 143.758
31
143.758 149.487
32
149.487 154.156
33
154.156 155.510
34
155.510 161.582
35
161.582 166.199
36
166.199 171.153
37
171.153 174.852
38
174.852 177.697
39
177.697 182.539
40
182.539 185.046
41
185.046 190.088
42
190.088 196.850
43
196.850 202.440
44
202.440 205.530
45
205.530 209.370
46
209.370 215.400
47
215.400 218.304
48
218.304 221.470
49
221.470 223.312
50
223.312 228.278
51
228.278 232.803
52
232.803 237.070
53
237.070 242.308
54
242.308 248.100
55
248.100 252.230
56
252.230 258.220
57
258.220 262.762
58
262.762 268.290
59
268.290 274.249
60
274.249 278.763
61
278.763 282.898
62
282.898 285.560
63
285.560 292.815
64
292.815 294.061
65
294.061 297.726
66
297.726 302.199
67
302.199 302.980
68
302.980 309.733
69
309.733 315.570
70
315.570 320.493
71
320.493 324.380
72
324.380 327.383
73
327.383 332.381
74
332.381 336.790
75
336.790 342.148
76
342.148 347.547
77
347.547 353.197
78
353.197 356.193
79
356.193 360.152
80
360.152 364.838
81
364.838 369.980
82
369.980 375.040
83
375.040 380.281
84
380.281 384.564
85
384.564 387.590
86
387.590 392.690
87
392.690 399.355
88
399.355 402.850
89
402.850 408.000
90
408.000 412.670
91
412.670 415.059
92
415.059 415.716
93
415.716 418.970
94
418.970 422.683
95
422.683 423.600
96
423.600 427.086
97
427.086 431.569
98
431.569 435.420
99
435.420 439.085
100
439.085 441.377
101
441.377 445.040
102
445.040 449.335
103
449.335 453.630
104
453.630 454.939
105
454.939 457.022
106
457.022 460.845
107
460.845 464.673
108
464.673 465.522
109
465.522 471.934
110
471.934 476.272
111
476.272 477.727
112
477.727 479.688
113
479.688 480.400
114
480.400 486.042
115
486.042 491.020
116
491.020 494.151
117
494.151 500.270
118
500.270 506.750
119
506.750 510.739
120
510.739 513.579
121
513.579 517.772
122
517.772 522.000
123
522.000 526.864
124
526.864 531.853
125
531.853 537.916
126
537.916 542.999
127
542.999 546.300
128
546.300 551.065
129
551.065 556.422
130
556.422 561.072
131
561.072 564.992
132
564.992 571.293
133
571.293 575.780
134
575.780 578.765
135
578.765 581.750
