0
0.000 8.857
1
8.857 12.040
2
12.040 17.550
3
17.550 20.868
4
20.868 24.787
5
24.787 27.360
6
27.360 32.320
7
32.320 36.218
8
36.218 39.800
9
39.800 46.050
10
46.050 52.270
11
52.270 57.218
12
57.218 62.070
13
62.070 67.632
14
67.632 72.533
15
72.533 74.198
16
74.198 76.030
17
76.030 81.330
18
81.330 85.455
19
85.455 90.897
20
90.897 91.930
21
91.930 96.400
22
96.400 100.380
23
100.380 105.035
24
105.035 109.690
25
109.690 114.520
26
114.520 120.051
27
120.051 124.321
28
124.321 129.540
29
129.540 134.490
30
134.490 137.484
31
137.484 142.390
32
142.390 148.010
33
148.010 151.990
34
151.990 157.380
35
157.380 163.170
36
163.170 170.572
37
170.572 176.170
38
176.170 182.029
39
182.029 188.130
40
188.130 193.050
41
193.050 199.262
42
199.262 204.100
43
204.100 209.634
44
209.634 214.720
45
214.720 219.813
46
219.813 224.609
47
224.609 229.437
48
229.437 234.120
49
234.120 237.410
50
237.410 239.893
51
239.893 244.000
52
244.000 248.160
53
248.160 252.347
54
252.347 255.152
55
255.152 259.270
56
259.270 265.797
57
265.797 269.638
58
269.638 275.481
59
275.481 281.104
60
281.104 286.210
61
286.210 291.300
62
291.300 295.246
63
295.246 300.090
64
300.090 304.361
65
304.361 309.490
66
309.490 314.880
67
314.880 319.305
68
319.305 324.457
69
324.457 327.580
70
327.580 330.165
71
330.165 333.798
72
333.798 338.351
73
338.351 342.500
74
342.500 346.996
75
346.996 351.425
76
351.425 356.240
77
356.240 360.170
78
360.170 363.789
79
363.789 365.304
80
365.304 370.503
81
370.503 376.391
82
376.391 379.755
83
379.755 384.182
84
384.182 388.810
85
388.810 393.150
86
393.150 398.830
87
398.830 400.953
88
400.953 405.340
89
405.340 409.603
90
409.603 413.426
91
413.426 417.540
92
417.540 419.998
93
419.998 426.510
94
426.510 428.283
95
428.283 434.957
96
434.957 439.844
97
439.844 445.480
98
445.480 450.609
99
450.609 457.652
100
457.652 461.827
101
461.827 465.770
102
465.770 472.371
103
472.371 477.840
104
477.840 479.785
105
479.785 483.760
106
483.760 487.234
107
487.234 490.410
108
490.410 494.390
109
494.390 499.220
110
499.220 505.210
111
505.210 510.546
112
510.546 513.292
113
513.292 518.420
114
518.420 521.625
115
521.625 527.917
116
527.917 533.188
117
533.188 538.280
118
538.280 541.840
119
541.840 547.090
120
547.090 552.020
121
552.020 557.055
122
557.055 562.339
123
562.339 566.340
124
566.340 568.498
125
568.498 573.765
126
573.765 579.544
127
579.544 585.048
128
585.048 591.163
129
591.163 593.413
130
593.413 597.840
131
597.840 602.820
132
602.820 607.600
133
607.600 612.455
134
612.455 614.420
135
614.420 620.015
136
620.015 625.570
137
625.570 631.016
138
631.016 636.040
139
636.040 640.796
140
640.796 647.050
141
647.050 652.669
142
652.669 657.803
143
657.803 659.511
144
659.511 663.681
145
663.681 667.986
146
667.986 674.057
147
674.057 675.120
148
675.120 678.144
149
678.144 683.206
150
683.206 688.715
151
688.715 694.020
152
694.020 694.815
153
694.815 697.780
154
697.780 702.295
155
702.295 706.034
156
706.034 711.701
157
711.701 716.262
158
716.262 720.501
159
720.501 721.250
160
721.250 724.480
161
724.480 729.097
162
729.097 734.370
163
734.370 739.381
164
739.381 744.802
165
744.802 747.345
166
747.345 749.443
167
749.443 752.420
168
752.420 758.030
169
758.030 762.800
170
762.800 768.478
171
768.478 770.606
172
770.606 772.740
