0
0.000 8.608
1
8.608 11.593
2
11.593 17.440
3
17.440 23.010
4
23.010 30.156
5
30.156 37.462
6
37.462 43.996
7
43.996 50.131
8
50.131 55.174
9
55.174 60.124
10
60.124 62.190
11
62.190 65.900
12
65.900 71.185
13
71.185 76.043
14
76.043 79.590
15
79.590 85.620
16
85.620 89.417
17
89.417 95.780
18
95.780 101.110
19
101.110 105.718
20
105.718 108.860
21
108.860 114.585
22
114.585 118.597
23
118.597 121.880
24
121.880 127.270
25
127.270 133.580
26
133.580 137.740
27
137.740 142.708
28
142.708 144.148
29
144.148 144.870
30
144.870 150.066
31
150.066 155.894
32
155.894 161.224
33
161.224 166.013
34
166.013 166.817
35
166.817 169.530
36
169.530 172.996
37
172.996 176.269
38
176.269 181.535
39
181.535 188.750
40
188.750 192.750
41
192.750 198.101
42
198.101 203.630
43
203.630 205.464
44
205.464 212.695
45
212.695 217.590
46
217.590 221.440
47
221.440 225.569
48
225.569 230.760
49
230.760 235.490
50
235.490 242.002
51
242.002 246.740
52
246.740 249.033
53
249.033 249.910
54
249.910 256.790
55
256.790 260.961
56
260.961 261.950
57
261.950 265.878
58
265.878 267.610
59
267.610 268.350
60
268.350 273.956
61
273.956 274.743
62
274.743 279.698
63
279.698 283.170
64
283.170 287.689
65
287.689 289.830
66
289.830 295.890
67
295.890 297.526
68
297.526 301.834
69
301.834 306.182
70
306.182 311.220
71
311.220 313.826
72
313.826 314.645
73
314.645 319.480
74
319.480 325.000
75
325.000 331.176
76
331.176 335.810
77
335.810 340.411
78
340.411 343.090
79
343.090 348.090
80
348.090 352.513
81
352.513 358.360
82
358.360 362.793
83
362.793 366.581
84
366.581 368.920
85
368.920 373.430
86
373.430 378.630
87
378.630 383.799
88
383.799 389.110
89
389.110 395.109
90
395.109 399.448
91
399.448 401.660
92
401.660 406.103
93
406.103 408.780
94
408.780 412.174
95
412.174 413.030
96
413.030 416.726
97
416.726 421.498
98
421.498 424.860
99
424.860 430.218
100
430.218 437.046
101
437.046 439.843
102
439.843 443.320
103
443.320 445.580
104
445.580 447.440
105
447.440 448.920
106
448.920 452.891
107
452.891 453.870
108
453.870 456.245
109
456.245 460.488
110
460.488 466.512
111
466.512 468.110
112
468.110 473.469
113
473.469 474.310
114
474.310 478.624
115
478.624 481.986
116
481.986 482.880
117
482.880 485.248
118
485.248 489.800
119
489.800 490.878
120
490.878 496.630
121
496.630 497.468
122
497.468 500.214
123
500.214 504.671
124
504.671 506.920
125
506.920 511.310
126
511.310 515.820
127
515.820 518.491
128
518.491 523.337
129
523.337 528.430
130
528.430 533.950
131
533.950 539.470
132
539.470 546.108
133
546.108 552.920
134
552.920 557.885
135
557.885 562.790
136
562.790 563.417
137
563.417 567.128
138
567.128 569.709
139
569.709 573.960
140
573.960 578.856
141
578.856 582.864
142
582.864 586.483
143
586.483 587.120
144
587.120 592.188
145
592.188 597.240
146
597.240 601.323
147
601.323 604.310
148
604.310 608.914
149
608.914 613.717
150
613.717 618.678
151
618.678 622.942
152
622.942 627.398
153
627.398 631.778
154
631.778 637.176
155
637.176 641.004
156
641.004 646.191
157
646.191 652.238
158
652.238 656.120
159
656.120 658.989
160
658.989 663.200
161
663.200 668.520
162
668.520 673.970
163
673.970 680.250
164
680.250 683.599
165
683.599 685.900
166
685.900 691.053
167
691.053 694.774
168
694.774 699.468
169
699.468 703.573
170
703.573 708.308
171
708.308 711.837
172
711.837 717.664
173
717.664 719.183
174
719.183 724.787
175
724.787 729.668
176
729.668 734.311
177
734.311 738.734
178
738.734 740.180
179
740.180 743.861
180
743.861 749.068
181
749.068 752.457
182
752.457 757.642
183
757.642 763.240
184
763.240 768.420
185
768.420 773.750
186
773.750 779.061
187
779.061 784.520
188
784.520 786.149
189
786.149 789.860
190
789.860 791.980
191
791.980 795.200
192
795.200 798.296
193
798.296 805.300
194
805.300 811.180
195
811.180 816.840
196
816.840 821.574
197
821.574 826.218
198
826.218 830.759
199
830.759 836.112
200
836.112 840.180
201
840.180 844.684
202
844.684 848.580
203
848.580 853.453
204
853.453 856.407
205
856.407 861.553
206
861.553 866.580
207
866.580 871.677
208
871.677 876.424
209
876.424 882.838
210
882.838 887.464
211
887.464 891.972
212
891.972 896.960
213
896.960 901.797
214
901.797 903.910
215
903.910 912.570
216
912.570 916.030
217
916.030 919.490
