0
0.000 6.980
1
6.980 10.520
2
10.520 14.630
3
14.630 16.458
4
16.458 21.619
5
21.619 27.591
6
27.591 33.250
7
33.250 36.997
8
36.997 42.267
9
42.267 46.414
10
46.414 50.855
11
50.855 53.940
12
53.940 54.974
13
54.974 60.332
14
60.332 66.592
15
66.592 70.470
16
70.470 71.000
17
71.000 74.088
18
74.088 79.235
19
79.235 84.820
20
84.820 88.318
21
88.318 92.820
22
92.820 98.746
23
98.746 103.732
24
103.732 108.682
25
108.682 113.864
26
113.864 120.220
27
120.220 124.990
28
124.990 130.530
29
130.530 134.127
30
134.127 138.907
31
138.907 143.988
32
143.988 146.976
33
146.976 151.460
34
151.460 154.215
35
154.215 158.245
36
158.245 160.585
37
160.585 166.085
38
166.085 170.947
39
170.947 174.817
40
174.817 181.062
41
181.062 187.604
42
187.604 191.190
43
191.190 195.865
44
195.865 199.288
45
199.288 201.294
46
201.294 203.435
47
203.435 208.020
48
208.020 213.877
49
213.877 220.477
50
220.477 224.605
51
224.605 229.735
52
229.735 234.050
53
234.050 238.102
54
238.102 243.100
55
243.100 248.992
56
248.992 254.055
57
254.055 259.146
58
259.146 265.200
59
265.200 271.790
60
271.790 278.125
61
278.125 282.500
62
282.500 287.115
63
287.115 292.575
64
292.575 298.014
65
298.014 303.450
66
303.450 306.318
67
306.318 308.824
68
308.824 312.299
69
312.299 316.026
70
316.026 320.947
71
320.947 326.090
72
326.090 329.410
73
329.410 329.924
74
329.924 336.579
75
336.579 342.470
76
342.470 344.965
77
344.965 347.610
78
347.610 350.611
79
350.611 354.207
80
354.207 357.970
81
357.970 364.178
82
364.178 366.994
83
366.994 368.915
84
368.915 369.697
85
369.697 374.671
86
374.671 376.913
87
376.913 382.791
88
382.791 386.961
89
386.961 391.810
90
391.810 394.435
91
394.435 400.210
92
400.210 406.443
93
406.443 408.920
94
408.920 416.637
95
416.637 421.596
96
421.596 424.157
97
424.157 429.849
98
429.849 434.638
99
434.638 438.690
100
438.690 446.093
101
446.093 450.277
102
450.277 455.393
103
455.393 460.400
104
460.400 462.951
105
462.951 466.993
106
466.993 471.901
107
471.901 474.350
108
474.350 479.352
109
479.352 485.096
110
485.096 487.799
111
487.799 492.091
112
492.091 497.740
113
497.740 502.596
114
502.596 507.380
115
507.380 509.675
116
509.675 513.590
117
513.590 517.064
118
517.064 521.948
119
521.948 526.980
120
526.980 532.769
121
532.769 537.611
122
537.611 542.650
123
542.650 543.324
124
543.324 548.043
125
548.043 552.900
126
552.900 557.778
127
557.778 559.844
128
559.844 561.090
129
561.090 566.380
