0
0.000 8.184
1
8.184 13.587
2
13.587 18.378
3
18.378 20.844
4
20.844 25.829
5
25.829 31.088
6
31.088 35.517
7
35.517 38.340
8
38.340 38.967
9
38.967 43.669
10
43.669 48.294
11
48.294 51.950
12
51.950 58.170
13
58.170 62.388
14
62.388 66.549
15
66.549 72.706
16
72.706 76.828
17
76.828 78.315
18
78.315 86.090
19
86.090 92.250
20
92.250 92.766
21
92.766 95.604
22
95.604 99.904
23
99.904 104.411
24
104.411 108.520
25
108.520 112.838
26
112.838 116.719
27
116.719 119.758
28
119.758 124.299
29
124.299 128.779
30
128.779 133.800
31
133.800 134.628
32
134.628 142.075
33
142.075 146.366
34
146.366 152.700
35
152.700 153.750
36
153.750 160.410
37
160.410 161.335
38
161.335 161.890
39
161.890 164.848
40
164.848 171.310
41
171.310 173.108
42
173.108 179.415
43
179.415 180.040
44
180.040 187.160
45
187.160 188.350
46
188.350 194.280
47
194.280 201.392
48
201.392 207.150
49
207.150 207.765
50
207.765 211.867
51
211.867 214.977
52
214.977 220.440
53
220.440 225.230
54
225.230 225.806
55
225.806 230.606
56
230.606 235.536
57
235.536 239.798
58
239.798 242.566
59
242.566 245.969
60
245.969 248.611
61
248.611 252.895
62
252.895 257.935
63
257.935 265.311
64
265.311 271.770
65
271.770 278.915
66
278.915 279.516
67
279.516 281.530
68
281.530 286.230
69
286.230 289.620
70
289.620 295.141
71
295.141 299.830
72
299.830 306.010
73
306.010 306.658
74
306.658 313.306
75
313.306 318.757
76
318.757 325.232
77
325.232 330.142
78
330.142 336.048
79
336.048 340.640
80
340.640 348.793
81
348.793 351.410
82
351.410 356.707
83
356.707 361.800
84
361.800 363.495
85
363.495 367.748
86
367.748 372.350
87
372.350 378.015
88
378.015 383.160
89
383.160 390.010
90
390.010 392.738
91
392.738 395.475
92
395.475 397.542
93
397.542 399.208
94
399.208 404.099
95
404.099 409.990
96
409.990 414.613
97
414.613 417.656
98
417.656 421.280
99
421.280 426.020
100
426.020 431.170
101
431.170 434.823
102
434.823 439.449
103
439.449 442.640
104
442.640 445.970
105
445.970 450.795
106
450.795 458.210
107
458.210 458.853
108
458.853 461.106
109
461.106 466.160
110
466.160 467.271
111
467.271 469.680
112
469.680 470.666
113
470.666 476.240
114
476.240 480.260
115
480.260 484.290
116
484.290 489.160
117
489.160 490.780
118
490.780 494.030
119
494.030 494.958
120
494.958 498.830
121
498.830 500.545
122
500.545 503.366
123
503.366 507.930
124
507.930 509.350
125
509.350 511.622
126
511.622 514.504
127
514.504 518.590
128
518.590 521.628
129
521.628 525.038
130
525.038 530.152
131
530.152 535.278
132
535.278 541.282
133
541.282 545.750
134
545.750 551.167
135
551.167 552.730
136
552.730 553.307
137
553.307 559.561
138
559.561 562.950
139
562.950 568.310
