0
0.000 8.329
1
8.329 13.620
2
13.620 18.954
3
18.954 23.819
4
23.819 27.179
5
27.179 32.350
6
32.350 35.910
7
35.910 41.723
8
41.723 45.472
9
45.472 50.456
10
50.456 55.720
11
55.720 58.370
12
58.370 61.996
13
61.996 66.466
14
66.466 69.340
15
69.340 72.825
16
72.825 77.557
17
77.557 79.974
18
79.974 81.972
19
81.972 86.050
20
86.050 87.052
21
87.052 95.571
22
95.571 96.238
23
96.238 99.035
24
99.035 102.266
25
102.266 107.985
26
107.985 115.370
27
115.370 119.868
28
119.868 123.606
29
123.606 128.346
30
128.346 130.933
31
130.933 133.800
32
133.800 134.632
33
134.632 142.118
34
142.118 148.460
35
148.460 151.452
36
151.452 154.070
37
154.070 156.602
38
156.602 160.811
39
160.811 162.275
40
162.275 165.210
41
165.210 172.331
42
172.331 178.672
43
178.672 184.800
44
184.800 190.614
45
190.614 199.261
46
199.261 201.680
47
201.680 206.670
48
206.670 211.159
49
211.159 215.645
50
215.645 219.794
51
219.794 225.580
52
225.580 231.460
53
231.460 235.640
54
235.640 239.820
55
239.820 248.042
56
248.042 252.831
57
252.831 257.806
58
257.806 262.797
59
262.797 267.882
60
267.882 273.491
61
273.491 276.730
62
276.730 281.090
63
281.090 287.261
64
287.261 294.203
65
294.203 299.287
66
299.287 300.936
67
300.936 304.227
68
304.227 310.054
69
310.054 312.910
70
312.910 317.334
71
317.334 320.530
72
320.530 323.480
73
323.480 328.150
74
328.150 331.430
75
331.430 334.210
76
334.210 338.020
77
338.020 343.500
78
343.500 348.060
79
348.060 351.166
80
351.166 352.620
81
352.620 357.802
82
357.802 362.755
83
362.755 366.418
84
366.418 371.480
85
371.480 376.486
86
376.486 381.820
87
381.820 386.372
88
386.372 390.152
89
390.152 394.560
90
394.560 400.914
91
400.914 403.760
92
403.760 408.035
93
408.035 413.010
94
413.010 418.721
95
418.721 421.759
96
421.759 424.680
97
424.680 431.136
98
431.136 437.780
99
437.780 439.427
100
439.427 444.060
101
444.060 447.120
102
447.120 451.979
103
451.979 454.960
104
454.960 460.439
105
460.439 465.200
106
465.200 471.704
107
471.704 477.942
108
477.942 482.352
109
482.352 485.300
110
485.300 488.650
111
488.650 493.321
112
493.321 496.030
113
496.030 500.130
114
500.130 504.134
115
504.134 507.394
116
507.394 512.680
117
512.680 519.034
118
519.034 524.401
119
524.401 527.466
120
527.466 532.709
121
532.709 537.708
122
537.708 538.958
123
538.958 544.960
124
544.960 550.390
125
550.390 552.728
126
552.728 558.694
127
558.694 563.705
128
563.705 564.860
129
564.860 567.404
130
567.404 569.666
131
569.666 575.146
132
575.146 580.700
133
580.700 586.597
134
586.597 591.552
135
591.552 594.273
136
594.273 596.780
137
596.780 601.200
138
601.200 601.789
139
601.789 606.220
140
606.220 610.392
141
610.392 613.106
142
613.106 617.678
143
617.678 619.160
144
619.160 624.920
