0
0.000 9.417
1
9.417 14.623
2
14.623 17.454
3
17.454 22.511
4
22.511 28.442
5
28.442 34.048
6
34.048 39.052
7
39.052 43.235
8
43.235 47.338
9
47.338 51.302
10
51.302 53.344
11
53.344 56.766
12
56.766 62.026
13
62.026 66.088
14
66.088 72.221
15
72.221 77.893
16
77.893 81.900
17
81.900 83.405
18
83.405 84.657
19
84.657 86.990
20
86.990 90.292
21
90.292 92.080
22
92.080 96.086
23
96.086 98.687
24
98.687 103.312
25
103.312 108.115
26
108.115 112.660
27
112.660 117.400
28
117.400 123.477
29
123.477 128.675
30
128.675 131.030
31
131.030 133.463
32
133.463 138.928
33
138.928 140.230
34
140.230 140.927
35
140.927 145.470
36
145.470 149.620
37
149.620 150.199
38
150.199 154.650
39
154.650 155.304
40
155.304 160.429
41
160.429 166.790
42
166.790 167.375
43
167.375 173.430
44
173.430 174.084
45
174.084 179.320
46
179.320 181.168
47
181.168 184.940
48
184.940 188.600
49
188.600 193.751
50
193.751 194.382
51
194.382 199.375
52
199.375 203.320
53
203.320 205.504
54
205.504 210.040
55
210.040 210.578
56
210.578 214.795
57
214.795 219.100
58
219.100 223.958
59
223.958 224.833
60
224.833 228.807
61
228.807 233.974
62
233.974 239.400
63
239.400 244.375
64
244.375 248.410
65
248.410 249.244
66
249.244 254.250
67
254.250 254.870
68
254.870 257.123
69
257.123 259.930
70
259.930 264.970
71
264.970 269.480
72
269.480 272.505
73
272.505 274.660
74
274.660 275.459
75
275.459 283.197
76
283.197 285.310
77
285.310 289.790
78
289.790 290.960
79
290.960 291.837
80
291.837 294.330
81
294.330 298.880
82
298.880 299.502
83
299.502 304.630
84
304.630 307.246
85
307.246 312.998
86
312.998 315.980
87
315.980 321.550
88
321.550 326.640
89
326.640 331.797
90
331.797 338.030
91
338.030 343.331
92
343.331 348.589
93
348.589 351.940
94
351.940 358.170
95
358.170 358.774
96
358.774 360.083
97
360.083 363.578
98
363.578 367.933
99
367.933 372.230
100
372.230 372.845
101
372.845 376.440
102
376.440 379.748
103
379.748 383.191
104
383.191 389.140
105
389.140 392.383
106
392.383 395.318
107
395.318 400.220
108
400.220 402.972
109
402.972 406.106
110
406.106 408.180
111
408.180 412.460
112
412.460 413.831
113
413.831 419.035
114
419.035 426.150
115
426.150 430.732
116
430.732 435.928
117
435.928 440.636
118
440.636 442.740
119
442.740 445.320
120
445.320 448.664
121
448.664 449.304
122
449.304 451.870
123
451.870 457.200
124
457.200 461.149
125
461.149 466.180
126
466.180 466.682
127
466.682 474.110
128
474.110 474.761
129
474.761 480.630
130
480.630 484.110
131
484.110 485.958
132
485.958 490.625
133
490.625 494.290
134
494.290 499.700
135
499.700 501.068
136
501.068 502.740
137
502.740 503.582
138
503.582 507.941
139
507.941 510.020
140
510.020 510.764
141
510.764 517.460
142
517.460 518.162
143
518.162 523.892
144
523.892 528.533
145
528.533 532.993
146
532.993 537.730
147
537.730 544.350
148
544.350 545.949
149
545.949 550.888
150
550.888 554.996
151
554.996 559.871
152
559.871 563.652
153
563.652 568.160
154
568.160 574.014
155
574.014 576.444
156
576.444 582.510
157
582.510 587.513
158
587.513 591.750
159
591.750 596.910
160
596.910 602.200
161
602.200 609.390
162
609.390 610.165
163
610.165 615.070
164
615.070 620.044
165
620.044 623.710
166
623.710 627.640
167
627.640 633.080
168
633.080 634.170
169
634.170 640.030
170
640.030 645.203
171
645.203 650.021
172
650.021 655.310
173
655.310 658.173
174
658.173 662.470
175
662.470 666.719
176
666.719 671.529
177
671.529 676.237
178
676.237 681.320
179
681.320 684.920
180
684.920 689.813
181
689.813 693.550
182
693.550 703.120
183
703.120 707.041
184
707.041 713.485
185
713.485 718.981
186
718.981 720.030
187
720.030 724.750
188
724.750 729.177
189
729.177 734.060
190
734.060 739.803
191
739.803 743.393
192
743.393 747.386
193
747.386 751.921
194
751.921 756.730
195
756.730 761.286
196
761.286 763.813
197
763.813 768.990
198
768.990 772.940
199
772.940 777.910
200
777.910 781.620
201
781.620 790.570
202
790.570 798.790
203
798.790 802.783
204
802.783 807.198
205
807.198 811.980
206
811.980 817.840
207
817.840 822.860
208
822.860 829.730
209
829.730 836.290
210
836.290 839.490
211
839.490 845.371
212
845.371 852.154
213
852.154 858.410
214
858.410 862.630
215
862.630 868.773
216
868.773 874.240
217
874.240 878.960
218
878.960 884.548
219
884.548 889.060
220
889.060 895.750
221
895.750 901.080
222
901.080 904.194
223
904.194 908.323
224
908.323 913.353
225
913.353 918.480
226
918.480 923.245
227
923.245 928.228
228
928.228 933.267
229
933.267 937.917
230
937.917 944.194
231
944.194 948.040
232
948.040 953.347
233
953.347 958.320
234
958.320 961.275
235
961.275 965.610
236
965.610 970.389
237
970.389 976.637
238
976.637 981.577
239
981.577 984.065
240
984.065 987.812
241
987.812 994.030
242
994.030 998.286
243
998.286 1003.600
244
1003.600 1008.850
245
1008.850 1014.112
246
1014.112 1019.472
247
1019.472 1024.188
248
1024.188 1027.937
249
1027.937 1033.013
250
1033.013 1037.790
251
1037.790 1040.896
252
1040.896 1046.526
253
1046.526 1051.427
254
1051.427 1057.458
255
1057.458 1063.600
256
1063.600 1069.281
257
1069.281 1075.077
258
1075.077 1081.033
259
1081.033 1086.546
260
1086.546 1090.914
261
1090.914 1095.549
262
1095.549 1096.909
263
1096.909 1103.547
264
1103.547 1108.132
265
1108.132 1112.480
266
1112.480 1117.192
267
1117.192 1121.435
268
1121.435 1126.852
269
1126.852 1132.266
270
1132.266 1138.370
271
1138.370 1142.014
272
1142.014 1146.181
273
1146.181 1150.762
274
1150.762 1155.331
275
1155.331 1157.455
276
1157.455 1162.920
