0
0.000 9.543
1
9.543 10.885
2
10.885 17.374
3
17.374 23.261
4
23.261 28.843
5
28.843 34.756
6
34.756 38.329
7
38.329 40.084
8
40.084 40.999
9
40.999 42.578
10
42.578 47.785
11
47.785 50.730
12
50.730 56.219
13
56.219 59.290
14
59.290 61.256
15
61.256 68.032
16
68.032 71.249
17
71.249 76.022
18
76.022 80.365
19
80.365 85.410
20
85.410 87.556
21
87.556 89.950
22
89.950 92.568
23
92.568 97.140
24
97.140 99.692
25
99.692 106.202
26
106.202 111.137
27
111.137 115.835
28
115.835 119.293
29
119.293 122.410
30
122.410 123.482
31
123.482 129.592
32
129.592 134.250
33
134.250 139.410
34
139.410 144.451
35
144.451 149.480
36
149.480 154.992
37
154.992 157.190
38
157.190 162.337
39
162.337 166.570
40
166.570 170.248
41
170.248 174.112
42
174.112 177.649
43
177.649 185.090
44
185.090 188.130
45
188.130 191.650
46
191.650 198.861
47
198.861 202.550
48
202.550 208.988
49
208.988 214.405
50
214.405 215.443
51
215.443 221.125
52
221.125 222.457
53
222.457 223.710
54
223.710 228.963
55
228.963 235.047
56
235.047 237.961
57
237.961 240.730
58
240.730 247.999
59
247.999 254.343
60
254.343 260.410
61
260.410 265.457
62
265.457 270.149
63
270.149 273.037
64
273.037 278.472
65
278.472 285.100
66
285.100 289.220
67
289.220 293.150
68
293.150 295.660
69
295.660 298.325
70
298.325 301.836
71
301.836 306.700
72
306.700 311.840
73
311.840 314.776
74
314.776 319.865
75
319.865 321.996
76
321.996 325.870
77
325.870 328.561
78
328.561 334.426
79
334.426 339.904
80
339.904 345.764
81
345.764 351.398
82
351.398 356.532
83
356.532 362.530
84
362.530 365.630
85
365.630 367.519
86
367.519 375.904
87
375.904 379.087
88
379.087 382.924
89
382.924 388.650
90
388.650 393.292
91
393.292 396.139
92
396.139 399.767
93
399.767 402.621
94
402.621 405.356
95
405.356 409.390
96
409.390 413.420
97
413.420 418.509
98
418.509 424.095
99
424.095 429.260
100
429.260 433.632
101
433.632 438.230
102
438.230 442.522
103
442.522 446.858
104
446.858 449.549
105
449.549 451.067
106
451.067 454.334
107
454.334 459.081
108
459.081 463.927
109
463.927 469.561
110
469.561 477.500
111
477.500 480.721
112
480.721 487.209
113
487.209 492.148
114
492.148 496.206
115
496.206 499.967
116
499.967 503.135
117
503.135 509.550
118
509.550 514.110
119
514.110 516.931
120
516.931 521.571
121
521.571 525.030
122
525.030 528.262
123
528.262 530.880
124
530.880 534.040
125
534.040 539.480
126
539.480 542.750
127
542.750 546.248
128
546.248 551.410
129
551.410 558.390
130
558.390 563.440
131
563.440 565.718
132
565.718 569.184
133
569.184 572.474
134
572.474 577.119
135
577.119 580.451
136
580.451 585.383
137
585.383 588.153
138
588.153 590.925
139
590.925 595.578
140
595.578 600.830
141
600.830 604.836
142
604.836 608.687
143
608.687 610.996
144
610.996 614.298
145
614.298 621.443
146
621.443 628.143
147
628.143 633.026
148
633.026 634.366
149
634.366 637.477
150
637.477 638.749
151
638.749 644.270
152
644.270 646.854
153
646.854 650.635
154
650.635 656.871
155
656.871 662.104
156
662.104 667.804
157
667.804 673.070
158
673.070 678.035
159
678.035 681.385
160
681.385 685.157
161
685.157 689.816
162
689.816 695.058
163
695.058 698.948
164
698.948 702.519
165
702.519 705.313
166
705.313 709.877
167
709.877 715.342
168
715.342 721.310
169
721.310 725.881
170
725.881 730.336
171
730.336 732.184
172
732.184 737.204
173
737.204 738.520
174
738.520 744.150
