0
0.000 8.308
1
8.308 14.225
2
14.225 17.852
3
17.852 20.880
4
20.880 26.823
5
26.823 32.130
6
32.130 37.350
7
37.350 43.160
8
43.160 48.789
9
48.789 53.935
10
53.935 58.940
11
58.940 63.715
12
63.715 65.810
13
65.810 69.224
14
69.224 72.470
15
72.470 77.881
16
77.881 82.823
17
82.823 87.690
18
87.690 92.970
19
92.970 98.841
20
98.841 107.531
21
107.531 112.240
22
112.240 118.345
23
118.345 123.940
24
123.940 128.625
25
128.625 133.225
26
133.225 137.837
27
137.837 143.920
28
143.920 147.301
29
147.301 148.660
30
148.660 156.060
