0
0.000 7.893
1
7.893 10.316
2
10.316 15.170
3
15.170 20.520
4
20.520 25.426
5
25.426 28.350
6
28.350 32.586
7
32.586 37.168
8
37.168 39.725
9
39.725 44.014
10
44.014 49.770
11
49.770 54.260
12
54.260 59.260
13
59.260 63.970
14
63.970 70.040
15
70.040 75.692
16
75.692 81.810
17
81.810 82.813
18
82.813 84.890
19
84.890 89.568
20
89.568 91.838
21
91.838 97.439
22
97.439 101.645
23
101.645 106.720
24
106.720 110.200
25
110.200 116.103
26
116.103 117.900
27
117.900 121.971
28
121.971 125.100
29
125.100 128.540
30
128.540 129.055
31
129.055 130.749
32
130.749 134.960
33
134.960 139.362
34
139.362 144.054
35
144.054 150.334
36
150.334 154.532
37
154.532 160.370
38
160.370 165.982
39
165.982 170.301
40
170.301 176.170
41
176.170 181.743
42
181.743 185.890
43
185.890 187.385
44
187.385 192.020
45
192.020 197.015
46
197.015 200.323
47
200.323 205.713
48
205.713 209.520
49
209.520 213.440
50
213.440 218.146
51
218.146 224.790
52
224.790 225.409
53
225.409 229.623
54
229.623 231.790
55
231.790 235.440
56
235.440 237.535
57
237.535 240.856
58
240.856 243.280
59
243.280 248.370
60
248.370 253.980
61
253.980 256.781
62
256.781 259.480
63
259.480 263.580
64
263.580 270.425
65
270.425 274.400
66
274.400 278.709
67
278.709 283.599
68
283.599 288.032
69
288.032 291.470
70
291.470 294.339
71
294.339 299.210
72
299.210 301.189
73
301.189 306.790
74
306.790 313.820
75
313.820 317.530
76
317.530 323.293
77
323.293 327.360
78
327.360 332.542
79
332.542 338.360
80
338.360 344.580
81
344.580 349.409
82
349.409 353.880
83
353.880 354.440
84
354.440 359.061
85
359.061 361.972
86
361.972 366.700
87
366.700 370.639
88
370.639 373.980
89
373.980 377.500
90
377.500 385.500
91
385.500 391.840
92
391.840 398.180
