0
0.000 5.710
1
5.710 12.992
2
12.992 18.329
3
18.329 23.676
4
23.676 28.480
5
28.480 33.852
6
33.852 37.454
7
37.454 41.680
8
41.680 46.433
9
46.433 49.390
10
49.390 55.465
11
55.465 61.180
12
61.180 66.492
13
66.492 71.731
14
71.731 74.313
15
74.313 79.175
16
79.175 82.470
17
82.470 87.071
18
87.071 90.768
19
90.768 96.613
20
96.613 101.440
21
101.440 107.313
22
107.313 112.280
23
112.280 117.080
24
117.080 120.248
25
120.248 125.785
26
125.785 132.019
27
132.019 137.586
28
137.586 142.440
29
142.440 148.160
30
148.160 153.022
31
153.022 158.751
32
158.751 163.513
33
163.513 168.244
34
168.244 171.200
35
171.200 174.592
36
174.592 178.510
37
178.510 184.210
38
184.210 191.417
39
191.417 195.587
40
195.587 200.610
41
200.610 204.325
42
204.325 208.240
43
208.240 213.530
44
213.530 218.533
45
218.533 225.181
46
225.181 231.290
47
231.290 237.598
48
237.598 243.125
49
243.125 248.600
50
248.600 253.409
51
253.409 258.410
52
258.410 263.095
53
263.095 267.780
54
267.780 272.471
55
272.471 277.452
56
277.452 281.740
57
281.740 286.124
58
286.124 291.120
59
291.120 295.489
60
295.489 298.740
61
298.740 303.808
62
303.808 308.801
63
308.801 313.020
64
313.020 317.721
65
317.721 321.665
66
321.665 325.520
67
325.520 328.640
68
328.640 333.073
69
333.073 337.530
70
337.530 339.944
71
339.944 345.486
72
345.486 351.139
73
351.139 357.422
74
357.422 362.915
75
362.915 369.060
76
369.060 374.700
77
374.700 381.330
78
381.330 386.176
79
386.176 389.549
80
389.549 395.263
81
395.263 399.132
82
399.132 405.438
83
405.438 410.697
84
410.697 416.370
85
416.370 420.841
86
420.841 426.267
87
426.267 432.313
88
432.313 437.438
89
437.438 442.721
90
442.721 447.793
91
447.793 453.986
92
453.986 459.200
93
459.200 464.452
94
464.452 469.079
95
469.079 474.461
96
474.461 480.332
97
480.332 484.976
98
484.976 486.960
99
486.960 491.750
100
491.750 496.540
101
496.540 501.167
102
501.167 506.265
103
506.265 511.369
104
511.369 516.267
105
516.267 520.622
106
520.622 525.263
107
525.263 529.735
108
529.735 533.407
109
533.407 537.040
110
537.040 541.202
111
541.202 545.755
112
545.755 550.620
113
550.620 554.703
114
554.703 560.250
115
560.250 563.201
116
563.201 566.308
117
566.308 570.931
118
570.931 574.391
119
574.391 577.400
120
577.400 581.646
121
581.646 586.987
122
586.987 591.380
123
591.380 596.500
124
596.500 601.768
125
601.768 605.430
126
605.430 611.353
127
611.353 614.570
128
614.570 618.911
129
618.911 623.926
130
623.926 628.770
131
628.770 634.160
132
634.160 639.550
133
639.550 644.893
134
644.893 649.958
135
649.958 655.244
136
655.244 660.493
137
660.493 665.838
138
665.838 669.428
139
669.428 674.686
140
674.686 679.108
141
679.108 684.426
142
684.426 688.980
143
688.980 695.115
144
695.115 696.694
145
696.694 701.250
146
701.250 704.848
147
704.848 708.520
148
708.520 714.035
149
714.035 718.913
150
718.913 723.714
151
723.714 728.653
152
728.653 733.498
153
733.498 738.522
154
738.522 742.052
155
742.052 746.249
156
746.249 750.173
157
750.173 753.706
158
753.706 756.950
159
756.950 762.404
160
762.404 767.362
161
767.362 772.206
162
772.206 777.590
163
777.590 783.720
164
783.720 789.850
