0
0.000 8.952
1
8.952 15.570
2
15.570 19.630
3
19.630 20.375
4
20.375 23.690
5
23.690 27.967
6
27.967 32.100
7
32.100 36.430
8
36.430 40.759
9
40.759 43.062
10
43.062 44.178
11
44.178 47.493
12
47.493 50.503
13
50.503 53.728
14
53.728 57.538
15
57.538 61.176
16
61.176 65.639
17
65.639 70.064
18
70.064 75.956
19
75.956 80.125
20
80.125 84.601
21
84.601 89.568
22
89.568 94.240
23
94.240 98.586
24
98.586 102.162
25
102.162 104.918
26
104.918 110.682
27
110.682 116.020
28
116.020 121.873
29
121.873 127.433
30
127.433 133.355
31
133.355 137.848
32
137.848 143.418
33
143.418 145.430
34
145.430 151.830
35
151.830 156.459
36
156.459 158.784
37
158.784 162.090
38
162.090 164.323
39
164.323 167.251
40
167.251 172.099
41
172.099 176.287
42
176.287 179.514
43
179.514 186.150
44
186.150 191.203
45
191.203 196.735
46
196.735 200.499
47
200.499 204.500
48
204.500 208.180
49
208.180 212.260
50
212.260 214.251
51
214.251 217.379
52
217.379 221.799
53
221.799 227.009
54
227.009 230.626
55
230.626 235.536
56
235.536 240.168
57
240.168 241.264
58
241.264 245.579
59
245.579 246.620
60
246.620 254.300
