0
0.000 7.991
1
7.991 11.776
2
11.776 18.167
3
18.167 23.051
4
23.051 27.083
5
27.083 32.356
6
32.356 36.932
7
36.932 41.457
8
41.457 44.560
9
44.560 49.765
10
49.765 55.299
11
55.299 61.842
12
61.842 65.937
13
65.937 72.634
14
72.634 78.237
15
78.237 83.615
16
83.615 88.303
17
88.303 92.498
18
92.498 96.672
19
96.672 99.869
20
99.869 104.483
21
104.483 109.309
22
109.309 116.240
23
116.240 122.378
24
122.378 126.819
25
126.819 131.614
26
131.614 136.524
27
136.524 141.522
28
141.522 146.280
29
146.280 150.778
30
150.778 156.040
31
156.040 156.766
32
156.766 160.914
33
160.914 165.466
34
165.466 170.725
35
170.725 174.654
36
174.654 177.468
37
177.468 182.467
38
182.467 187.309
39
187.309 192.252
40
192.252 196.464
41
196.464 200.375
42
200.375 204.583
43
204.583 207.350
44
207.350 211.090
45
211.090 215.570
46
215.570 219.791
47
219.791 225.047
48
225.047 230.471
49
230.471 236.590
50
236.590 241.968
51
241.968 246.330
52
246.330 251.529
53
251.529 256.510
54
256.510 260.290
55
260.290 263.957
56
263.957 268.551
57
268.551 273.227
58
273.227 277.588
59
277.588 281.660
60
281.660 286.691
61
286.691 290.639
62
290.639 296.514
63
296.514 302.679
64
302.679 307.960
65
307.960 315.045
66
315.045 319.229
67
319.229 324.573
68
324.573 329.992
69
329.992 333.991
70
333.991 338.932
71
338.932 342.824
72
342.824 347.986
73
347.986 352.819
74
352.819 357.509
75
357.509 360.960
76
360.960 363.898
77
363.898 365.135
78
365.135 369.310
