0
0.000 8.813
1
8.813 12.664
2
12.664 18.500
3
18.500 23.421
4
23.421 28.109
5
28.109 31.740
6
31.740 37.594
7
37.594 42.655
8
42.655 48.380
9
48.380 54.286
10
54.286 57.435
11
57.435 64.033
12
64.033 67.490
13
67.490 71.780
14
71.780 77.172
15
77.172 83.113
16
83.113 88.195
17
88.195 93.626
18
93.626 98.860
19
98.860 104.280
20
104.280 109.605
21
109.605 114.930
22
114.930 120.413
23
120.413 124.490
24
124.490 129.408
25
129.408 132.964
26
132.964 137.805
27
137.805 142.591
28
142.591 147.491
29
147.491 152.844
30
152.844 158.390
31
158.390 164.320
32
164.320 171.230
33
171.230 175.582
34
175.582 179.992
35
179.992 184.951
36
184.951 190.090
37
190.090 194.400
38
194.400 200.125
39
200.125 207.400
40
207.400 213.220
41
213.220 217.910
42
217.910 224.128
43
224.128 232.600
44
232.600 237.163
45
237.163 239.988
46
239.988 245.198
47
245.198 250.927
48
250.927 256.050
49
256.050 263.670
50
263.670 268.570
51
268.570 274.048
52
274.048 278.960
53
278.960 282.980
54
282.980 287.112
55
287.112 290.966
56
290.966 296.096
57
296.096 299.154
58
299.154 302.670
59
302.670 307.920
60
307.920 314.932
61
314.932 319.264
62
319.264 324.154
63
324.154 330.243
64
330.243 334.202
65
334.202 339.994
66
339.994 344.790
67
344.790 348.717
68
348.717 353.095
69
353.095 358.669
70
358.669 365.693
71
365.693 371.150
72
371.150 377.320
73
377.320 382.750
74
382.750 386.272
75
386.272 390.877
76
390.877 395.042
77
395.042 401.102
78
401.102 405.569
79
405.569 409.906
80
409.906 413.280
81
413.280 418.580
82
418.580 425.251
83
425.251 431.336
84
431.336 432.242
85
432.242 434.960
86
434.960 439.771
87
439.771 445.761
88
445.761 450.209
89
450.209 455.384
90
455.384 460.594
91
460.594 465.235
92
465.235 471.182
93
471.182 479.585
94
479.585 484.230
95
484.230 488.775
96
488.775 493.958
97
493.958 499.016
98
499.016 503.590
99
503.590 508.514
100
508.514 511.440
101
511.440 517.258
102
517.258 521.743
103
521.743 526.574
104
526.574 530.756
105
530.756 534.720
106
534.720 538.409
107
538.409 541.230
108
541.230 545.481
109
545.481 548.380
110
548.380 553.660
111
553.660 557.315
112
557.315 562.670
