0
0.000 8.853
1
8.853 14.672
2
14.672 18.418
3
18.418 23.073
4
23.073 27.673
5
27.673 30.751
6
30.751 36.180
7
36.180 40.387
8
40.387 44.250
9
44.250 47.470
10
47.470 50.053
11
50.053 54.050
12
54.050 60.366
13
60.366 64.601
14
64.601 68.005
15
68.005 72.314
16
72.314 77.156
17
77.156 81.993
18
81.993 87.449
19
87.449 92.030
20
92.030 96.130
21
96.130 99.694
22
99.694 103.828
23
103.828 108.160
24
108.160 112.500
25
112.500 115.984
26
115.984 119.348
27
119.348 122.265
28
122.265 126.345
29
126.345 131.290
30
131.290 136.054
31
136.054 141.030
32
141.030 145.520
33
145.520 151.057
34
151.057 153.885
35
153.885 159.235
36
159.235 164.093
37
164.093 169.638
38
169.638 174.668
39
174.668 181.207
40
181.207 185.920
41
185.920 188.510
42
188.510 191.498
43
191.498 196.678
44
196.678 201.743
45
201.743 206.924
46
206.924 212.086
47
212.086 217.203
48
217.203 222.420
49
222.420 226.892
50
226.892 230.320
51
230.320 235.148
52
235.148 238.770
53
238.770 243.200
54
243.200 247.187
55
247.187 252.186
56
252.186 258.240
57
258.240 263.050
58
263.050 266.555
59
266.555 271.560
60
271.560 276.599
61
276.599 281.953
62
281.953 287.160
63
287.160 292.032
64
292.032 296.614
65
296.614 301.562
66
301.562 307.019
67
307.019 312.284
68
312.284 315.747
69
315.747 320.008
70
320.008 324.541
71
324.541 328.545
72
328.545 331.252
73
331.252 334.320
74
334.320 336.130
