0
0.000 8.808
1
8.808 15.570
2
15.570 20.025
3
20.025 24.480
4
24.480 27.442
5
27.442 30.724
6
30.724 35.572
7
35.572 40.415
8
40.415 45.285
9
45.285 48.520
10
48.520 53.400
11
53.400 59.170
12
59.170 63.473
13
63.473 69.625
14
69.625 77.662
15
77.662 82.138
16
82.138 88.710
17
88.710 93.308
18
93.308 98.172
19
98.172 102.736
20
102.736 108.119
21
108.119 113.890
22
113.890 121.250
23
121.250 127.869
24
127.869 132.660
25
132.660 136.070
26
136.070 140.790
27
140.790 145.335
28
145.335 150.959
29
150.959 155.996
30
155.996 162.320
31
162.320 167.660
32
167.660 175.710
33
175.710 181.176
34
181.176 186.183
35
186.183 192.090
36
192.090 198.203
37
198.203 204.139
38
204.139 209.435
39
209.435 214.985
40
214.985 219.653
41
219.653 223.184
42
223.184 229.811
43
229.811 235.260
44
235.260 241.330
45
241.330 245.666
46
245.666 247.960
47
247.960 251.167
48
251.167 253.550
49
253.550 257.178
50
257.178 260.010
51
260.010 263.910
52
263.910 269.420
53
269.420 274.170
54
274.170 279.795
55
279.795 284.531
56
284.531 293.167
57
293.167 298.400
58
298.400 303.288
59
303.288 307.900
60
307.900 313.460
61
313.460 319.370
62
319.370 327.430
63
327.430 332.260
64
332.260 337.285
65
337.285 342.310
66
342.310 346.050
67
346.050 351.340
68
351.340 355.090
69
355.090 360.990
70
360.990 366.489
71
366.489 368.860
72
368.860 371.597
73
371.597 376.750
74
376.750 382.490
75
382.490 387.701
76
387.701 395.000
77
395.000 396.710
78
396.710 401.868
79
401.868 407.156
80
407.156 413.760
81
413.760 418.701
82
418.701 423.210
83
423.210 427.360
84
428.608 431.730
85
431.730 434.759
86
434.759 436.100
87
436.100 439.240
88
439.240 445.982
89
445.982 452.542
90
452.542 457.070
91
457.070 461.575
92
461.575 467.131
93
467.131 470.482
94
470.482 475.446
95
475.446 479.093
96
479.093 481.460
97
481.460 488.760
