0
0.000 8.018
1
8.018 11.787
2
11.787 14.030
3
14.030 17.816
4
17.816 21.845
5
21.845 22.373
6
22.373 27.139
7
27.139 31.920
8
31.920 32.500
9
32.500 33.740
10
33.740 36.534
11
36.534 38.707
12
38.707 44.162
13
44.162 48.988
14
48.988 53.616
15
53.616 57.738
16
57.738 60.135
17
60.135 65.458
18
65.458 70.540
19
70.540 74.166
20
74.166 76.675
21
76.675 80.547
22
80.547 82.918
23
82.918 86.493
24
86.493 91.023
25
91.023 95.550
26
95.550 96.670
27
96.670 99.470
28
99.470 100.731
29
100.731 103.385
30
103.385 105.270
31
105.270 107.675
32
107.675 111.978
33
111.978 112.864
34
112.864 118.228
35
118.228 121.135
36
121.135 125.604
37
125.604 127.953
38
127.953 130.426
39
130.426 133.605
40
133.605 138.013
41
138.013 142.049
42
142.049 146.710
43
146.710 150.995
44
150.995 153.808
45
153.808 154.695
46
154.695 159.608
47
159.608 163.208
48
163.208 165.702
49
165.702 169.486
50
169.486 174.388
51
174.388 177.861
52
177.861 183.038
53
183.038 185.326
54
185.326 189.948
55
189.948 194.202
56
194.202 199.117
57
199.117 201.777
58
201.777 205.090
59
205.090 210.718
60
210.718 215.478
61
215.478 219.827
62
219.827 223.650
63
223.650 226.720
64
226.720 229.580
65
229.580 233.610
66
233.610 238.890
67
238.890 242.469
68
242.469 244.388
69
244.388 245.880
70
245.880 248.859
71
248.859 252.223
72
252.223 252.895
73
252.895 258.052
74
258.052 262.423
75
262.423 266.757
76
266.757 270.693
77
270.693 276.045
78
276.045 278.401
79
278.401 282.010
80
282.010 286.150
81
286.150 290.614
82
290.614 293.483
83
293.483 297.436
84
297.436 299.955
85
299.955 304.550
86
304.550 305.804
87
305.804 307.718
88
307.718 312.826
89
312.826 317.518
90
317.518 321.590
91
321.590 322.530
92
322.530 324.611
93
324.611 327.633
94
327.633 332.139
95
332.139 336.967
96
336.967 340.808
97
340.808 344.990
98
344.990 349.752
99
349.752 352.298
100
352.298 357.266
101
357.266 359.143
102
359.143 362.015
103
362.015 366.463
104
366.463 371.440
105
371.440 376.418
106
376.418 379.550
107
379.550 385.104
108
385.104 390.290
109
390.290 393.640
110
393.640 397.671
111
397.671 402.538
112
402.538 407.144
113
407.144 409.195
114
409.195 412.309
115
412.309 414.475
116
414.475 418.803
117
418.803 423.616
118
423.616 428.457
119
428.457 432.513
120
432.513 437.154
121
437.154 437.919
122
437.919 438.970
123
438.970 443.920
