0
0.000 8.057
1
8.057 12.442
2
12.442 18.701
3
18.701 23.570
4
23.570 25.692
5
25.692 30.086
6
30.086 34.356
7
34.356 39.085
8
39.085 42.144
9
42.144 45.976
10
45.976 49.760
11
49.760 55.469
12
55.469 58.447
13
58.447 60.970
14
60.970 64.540
15
64.540 68.557
16
68.557 73.210
17
73.210 78.291
18
78.291 83.203
19
83.203 87.087
20
87.087 91.909
21
91.909 97.640
22
97.640 102.940
23
102.940 106.998
24
106.998 111.720
25
111.720 114.100
26
114.100 118.601
27
118.601 123.557
28
123.557 127.467
29
127.467 130.879
30
130.879 136.045
31
136.045 141.058
32
141.058 145.032
33
145.032 149.411
34
149.411 151.455
35
151.455 155.242
36
155.242 160.439
37
160.439 164.239
38
164.239 168.371
39
168.371 170.260
40
170.260 174.045
41
174.045 178.260
42
178.260 182.518
43
182.518 187.431
44
187.431 191.373
45
191.373 195.003
46
195.003 198.825
47
198.825 199.612
48
199.612 204.772
49
204.772 209.780
50
209.780 213.562
51
213.562 218.162
52
218.162 219.800
53
219.800 224.160
54
224.160 228.758
55
228.758 233.666
56
233.666 238.264
57
238.264 242.209
58
242.209 246.191
59
246.191 252.258
60
252.258 257.689
61
257.689 262.388
62
262.388 265.620
63
265.620 270.796
64
270.796 274.467
65
274.467 279.454
66
279.454 284.779
67
284.779 289.576
68
289.576 292.869
69
292.869 297.808
70
297.808 301.880
71
301.880 306.853
72
306.853 311.178
73
311.178 316.182
74
316.182 321.058
75
321.058 325.436
76
325.436 328.885
77
328.885 332.555
78
332.555 337.650
79
337.650 342.524
80
342.524 346.244
81
346.244 350.240
82
350.240 354.489
83
354.489 359.251
84
359.251 364.754
85
364.754 369.430
86
369.430 372.598
87
372.598 375.289
88
375.289 379.757
89
379.757 384.266
90
384.266 388.825
91
388.825 393.720
92
393.720 397.527
93
397.527 402.023
94
402.023 407.173
95
407.173 409.104
96
409.104 412.230
97
412.230 414.419
98
414.419 419.590
99
419.590 425.714
100
425.714 430.588
101
430.588 433.167
102
433.167 435.775
103
435.775 440.568
104
440.568 442.590
105
442.590 445.005
106
445.005 446.725
107
446.725 450.860
