0
0.000 8.860
1
8.860 12.472
2
12.472 17.918
3
17.918 22.775
4
22.775 24.266
5
24.266 27.690
6
27.690 30.885
7
30.885 35.348
8
35.348 37.730
9
37.730 41.917
10
41.917 45.480
11
45.480 49.804
12
49.804 53.480
13
53.480 57.326
14
57.326 63.376
15
63.376 68.179
16
68.179 72.500
17
72.500 79.030
18
79.030 85.230
19
85.230 90.081
20
90.081 94.900
21
94.900 99.475
22
99.475 101.230
23
101.230 106.133
24
106.133 108.475
25
108.475 112.856
26
112.856 114.397
27
114.397 115.718
28
115.718 118.085
29
118.085 120.030
30
120.030 125.287
31
125.287 130.509
32
130.509 136.048
33
136.048 140.522
34
140.522 142.483
35
142.483 147.024
36
147.024 151.317
37
151.317 155.313
38
155.313 160.563
39
160.563 165.216
40
165.216 167.751
41
167.751 171.004
42
171.004 175.132
43
175.132 180.005
44
180.005 184.716
45
184.716 187.724
46
187.724 192.103
47
192.103 193.230
48
193.230 197.716
49
197.716 201.420
50
201.420 205.246
51
205.246 210.379
52
210.379 214.006
53
214.006 215.531
54
215.531 220.380
55
220.380 225.332
56
225.332 228.528
57
228.528 231.565
58
231.565 235.709
59
235.709 236.910
60
236.910 241.009
61
241.009 244.991
62
244.991 248.929
63
248.929 252.495
64
252.495 254.729
65
254.729 258.144
66
258.144 260.701
67
260.701 265.803
68
265.803 271.846
69
271.846 276.835
70
276.835 281.720
71
281.720 285.863
72
285.863 288.709
73
288.709 294.513
74
294.513 299.895
75
299.895 305.546
76
305.546 311.327
77
311.327 314.490
78
314.490 319.930
79
319.930 323.940
80
323.940 326.746
81
326.746 331.094
82
331.094 334.799
83
334.799 337.484
84
337.484 341.184
85
341.184 345.765
86
345.765 350.114
87
350.114 354.717
88
354.717 360.142
89
360.142 364.316
90
364.316 368.297
91
368.297 372.393
92
372.393 377.112
93
377.112 382.090
94
382.090 386.842
95
386.842 391.702
96
391.702 396.552
97
396.552 400.310
98
400.310 404.686
99
404.686 408.647
100
408.647 413.355
101
413.355 419.493
102
419.493 425.264
103
425.264 429.752
104
429.752 433.516
105
433.516 437.904
106
437.904 443.040
107
443.040 446.242
108
446.242 451.090
109
451.090 455.836
110
455.836 458.167
111
458.167 460.792
112
460.792 464.751
113
464.751 469.442
114
469.442 473.648
115
473.648 479.680
116
479.680 485.170
117
485.170 490.010
118
490.010 496.425
119
496.425 502.300
120
502.300 507.575
121
507.575 512.196
122
512.196 516.499
123
516.499 521.355
124
521.355 526.520
125
526.520 530.650
126
530.650 535.585
127
535.585 540.161
128
540.161 545.622
129
545.622 549.780
130
549.780 552.805
131
552.805 558.108
132
558.108 563.426
133
563.426 568.063
134
568.063 573.271
135
573.271 577.150
136
577.150 581.759
137
581.759 586.568
138
586.568 591.130
139
591.130 595.601
140
595.601 598.050
141
598.050 598.826
142
598.826 603.850
143
603.850 609.650
144
609.650 614.043
145
614.043 617.386
146
617.386 618.690
147
618.690 623.550
