0
0.000 8.745
1
8.745 12.191
2
12.191 17.695
3
17.695 19.821
4
19.821 25.271
5
25.271 30.030
6
30.030 34.433
7
34.433 36.865
8
36.865 41.744
9
41.744 42.753
10
42.753 48.090
11
48.090 52.883
12
52.883 57.920
13
57.920 60.782
14
60.782 65.427
15
65.427 69.340
16
69.340 74.239
17
74.239 79.118
18
79.118 83.912
19
83.912 88.330
20
88.330 91.838
21
91.838 95.878
22
95.878 98.549
23
98.549 103.489
24
103.489 106.918
25
106.918 111.519
26
111.519 116.512
27
116.512 121.936
28
121.936 126.899
29
126.899 131.721
30
131.721 136.432
31
136.432 138.081
32
138.081 142.969
33
142.969 147.510
34
147.510 153.470
35
153.470 159.430
36
159.430 165.290
37
165.290 170.592
38
170.592 175.660
39
175.660 181.051
40
181.051 185.913
41
185.913 189.895
42
189.895 193.179
43
193.179 197.753
44
197.753 202.960
45
202.960 208.373
46
208.373 213.438
47
213.438 218.562
48
218.562 223.176
49
223.176 227.513
50
227.513 231.785
51
231.785 237.050
52
237.050 239.987
53
239.987 241.950
