0
0.000 9.781
1
9.781 17.414
2
17.414 21.754
3
21.754 26.507
4
26.507 31.449
5
31.449 35.878
6
35.878 38.270
7
38.270 45.405
8
45.405 50.589
9
50.589 56.822
10
56.822 62.047
11
62.047 67.975
12
67.975 73.181
13
73.181 79.260
14
79.260 85.435
15
85.435 91.795
16
91.795 96.554
17
96.554 101.310
18
101.310 106.543
19
106.543 112.614
20
112.614 117.127
21
117.127 122.906
22
122.906 126.950
23
126.950 131.350
24
131.350 138.240
25
138.240 142.880
26
142.880 147.348
27
147.348 153.102
28
153.102 157.613
29
157.613 159.440
30
159.440 165.244
31
165.244 169.938
32
169.938 174.972
33
174.972 179.247
34
179.247 183.491
35
183.491 188.700
36
188.700 193.915
37
193.915 198.722
38
198.722 203.931
39
203.931 209.165
40
209.165 213.840
41
213.840 218.947
42
218.947 222.730
43
222.730 227.300
44
227.300 231.677
45
231.677 238.100
46
238.100 246.358
47
246.358 251.396
48
251.396 256.343
49
256.343 261.125
50
261.125 263.360
51
263.360 269.223
52
269.223 275.060
53
275.060 280.100
54
280.100 284.964
55
284.964 289.953
56
289.953 294.810
57
294.810 299.668
58
299.668 304.740
59
304.740 309.181
60
309.181 312.280
61
312.280 316.700
62
316.700 322.805
63
322.805 330.488
64
330.488 337.465
65
337.465 338.667
66
338.667 343.454
67
343.454 346.770
68
346.770 351.035
69
351.035 354.382
70
354.382 358.747
71
358.747 364.391
72
364.391 369.620
73
369.620 375.617
74
375.617 380.920
75
380.920 386.960
76
386.960 391.545
77
391.545 396.416
78
396.416 401.085
79
401.085 406.138
80
406.138 410.010
81
410.010 417.730
