0
0.000 5.720
1
5.720 14.400
2
14.400 16.724
3
16.724 22.345
4
22.345 25.190
5
25.190 28.217
6
28.217 32.670
7
32.670 37.366
8
37.366 40.130
9
40.130 47.260
10
47.260 52.671
11
52.671 57.753
12
57.753 62.704
13
62.704 67.980
14
67.980 71.490
15
71.490 78.616
16
78.616 83.110
17
83.110 88.225
18
88.225 91.830
19
91.830 96.482
20
96.482 100.726
21
100.726 105.696
22
105.696 111.438
23
111.438 116.870
24
116.870 121.762
25
121.762 126.882
26
126.882 131.960
27
131.960 139.720
28
139.720 144.410
29
144.410 150.210
30
150.210 153.820
31
153.820 158.534
32
158.534 163.568
33
163.568 168.467
34
168.467 173.740
35
173.740 179.158
36
179.158 184.188
37
184.188 190.540
38
190.540 196.300
39
196.300 201.190
40
201.190 205.840
41
205.840 209.714
42
209.714 212.162
43
212.162 213.357
44
213.357 218.760
45
218.760 223.011
46
223.011 226.545
47
226.545 229.630
48
229.630 233.954
49
233.954 238.818
50
238.818 242.658
51
242.658 247.410
52
247.410 252.354
53
252.354 256.522
54
256.522 261.710
55
261.710 266.343
56
266.343 270.942
57
270.942 276.240
58
276.240 281.655
59
281.655 286.040
60
286.040 291.151
61
291.151 296.349
62
296.349 302.007
63
302.007 305.955
64
305.955 312.010
65
312.010 320.010
66
320.010 328.010
67
328.010 334.669
68
334.669 339.730
69
339.730 344.060
70
344.060 348.863
71
348.863 354.050
72
354.050 358.610
73
358.610 363.743
74
363.743 370.144
75
370.144 375.675
76
375.675 381.008
77
381.008 386.227
78
386.227 391.740
