0
0.000 7.890
1
7.890 10.021
2
10.021 15.135
3
15.135 19.783
4
19.783 22.592
5
22.592 25.946
6
25.946 29.835
7
29.835 34.488
8
34.488 39.558
9
39.558 45.530
10
45.530 52.190
11
52.190 52.807
12
52.807 55.097
13
55.097 56.066
14
56.066 60.130
15
60.130 68.080
16
68.080 73.823
17
73.823 80.311
18
80.311 84.732
19
84.732 89.362
20
89.362 91.910
21
91.910 95.228
22
95.228 100.430
23
100.430 104.805
24
104.805 109.180
25
109.180 112.418
26
112.418 119.753
27
119.753 123.310
28
123.310 123.923
29
123.923 128.416
30
128.416 130.779
31
130.779 131.352
32
131.352 136.288
33
136.288 139.600
34
139.600 141.936
35
141.936 143.980
36
143.980 147.560
37
147.560 152.544
38
152.544 156.430
39
156.430 160.779
40
160.779 165.119
41
165.119 169.256
42
169.256 172.776
43
172.776 177.422
44
177.422 181.315
45
181.315 187.449
46
187.449 192.961
47
192.961 197.360
48
197.360 200.860
49
200.860 206.017
50
206.017 211.214
51
211.214 216.143
52
216.143 220.653
53
220.653 224.811
54
224.811 229.061
55
229.061 233.043
56
233.043 237.686
57
237.686 242.473
58
242.473 247.980
59
247.980 253.728
60
253.728 256.039
61
256.039 261.028
62
261.028 266.268
63
266.268 272.828
64
272.828 277.419
65
277.419 281.615
66
281.615 285.480
67
285.480 289.598
68
289.598 293.343
69
293.343 298.834
70
298.834 304.954
71
304.954 310.251
72
310.251 312.910
73
312.910 317.836
74
317.836 322.326
75
322.326 327.208
76
327.208 328.484
77
328.484 333.273
78
333.273 335.813
79
335.813 340.244
80
340.244 342.960
81
342.960 346.505
82
346.505 348.590
83
348.590 352.960
84
352.960 357.370
85
357.370 361.194
86
361.194 364.945
87
364.945 367.166
88
367.166 371.370
89
371.370 375.454
90
375.454 379.128
91
379.128 383.731
92
383.731 388.791
93
388.791 393.673
94
393.673 398.470
95
398.470 402.602
96
402.602 406.430
97
406.430 409.546
98
409.546 414.010
99
414.010 417.390
100
417.390 420.193
101
420.193 422.010
102
422.010 426.630
103
426.630 430.425
104
430.425 435.328
105
435.328 436.267
106
436.267 440.766
107
440.766 445.308
108
445.308 449.936
109
449.936 456.560
110
456.560 459.678
111
459.678 461.459
112
461.459 466.253
113
466.253 470.560
114
470.560 475.193
115
475.193 477.960
116
477.960 482.480
117
482.480 486.196
118
486.196 490.389
119
490.389 494.925
120
494.925 499.085
121
499.085 504.973
122
504.973 508.500
123
508.500 510.580
