0
0.000 8.334
1
8.334 13.928
2
13.928 20.820
3
20.820 25.959
4
25.959 30.873
5
30.873 35.917
6
35.917 41.650
7
41.650 46.995
8
46.995 52.249
9
52.249 57.663
10
57.663 63.229
11
63.229 66.020
12
66.020 71.140
13
71.140 76.300
14
76.300 82.015
15
82.015 86.460
16
86.460 91.240
17
91.240 96.590
18
96.590 101.650
19
101.650 109.832
20
109.832 114.320
21
114.320 119.060
22
119.060 126.210
23
126.210 131.558
24
131.558 133.798
25
133.798 135.291
26
135.291 141.295
27
141.295 148.275
28
148.275 152.570
29
152.570 157.456
30
157.456 165.110
31
165.110 171.336
32
171.336 175.870
33
175.870 179.548
34
179.548 184.930
35
184.930 190.531
36
190.531 192.620
37
192.620 197.823
38
197.823 202.300
39
202.300 207.404
40
207.404 212.390
41
212.390 216.720
42
216.720 222.797
43
222.797 227.435
44
227.435 236.214
45
236.214 241.460
46
241.460 249.918
47
249.918 254.342
48
254.342 257.140
49
257.140 260.290
50
260.290 265.350
51
265.350 270.520
52
270.520 278.450
53
278.450 287.099
54
287.099 289.775
55
289.775 293.815
56
293.815 298.884
57
298.884 303.420
58
303.420 306.500
59
306.500 311.958
60
311.958 316.850
61
316.850 323.167
62
323.167 327.825
63
327.825 332.000
64
332.000 336.640
65
336.640 341.280
66
341.280 346.830
67
346.830 352.095
68
352.095 357.900
69
357.900 362.599
70
362.599 367.470
71
367.470 372.702
72
372.702 381.680
73
381.680 385.510
74
385.510 387.137
75
387.137 389.383
76
389.383 394.671
77
394.671 401.260
78
401.260 406.700
79
406.700 411.440
80
411.440 417.377
81
417.377 422.903
82
422.903 429.350
83
429.350 432.650
84
432.650 438.166
85
438.166 443.480
86
443.480 448.930
87
448.930 453.654
88
453.654 458.530
89
458.530 463.580
90
463.580 467.480
91
467.480 469.632
92
469.632 476.357
93
476.357 484.330
94
484.330 488.960
95
488.960 493.526
96
493.526 500.270
97
500.270 505.350
98
505.350 507.625
99
507.625 513.125
100
513.125 518.038
101
518.038 522.600
102
522.600 527.290
103
527.290 531.815
104
531.815 541.165
105
541.165 546.454
106
546.454 551.880
107
551.880 558.706
108
558.706 562.540
109
562.540 567.744
110
567.744 572.797
111
572.797 578.452
112
578.452 582.916
113
582.916 587.650
114
587.650 593.090
115
593.090 598.760
116
598.760 602.687
117
602.687 607.876
118
607.876 612.864
119
612.864 616.969
120
616.969 621.830
121
621.830 625.740
122
625.740 630.790
123
630.790 635.822
124
635.822 640.595
125
640.595 645.063
126
645.063 648.351
127
648.351 653.011
128
653.011 655.671
129
655.671 661.790
130
661.790 664.950
131
664.950 670.398
132
670.398 673.634
133
673.634 679.610
134
679.610 685.744
135
685.744 689.450
136
689.450 696.280
137
696.280 701.790
138
701.790 706.040
139
706.040 710.340
140
710.340 717.373
141
717.373 723.380
142
723.380 730.188
143
730.188 735.720
144
735.720 740.690
145
740.690 745.520
146
745.520 750.280
147
750.280 756.525
148
756.525 763.410
149
763.410 767.190
150
767.190 772.806
151
772.806 777.590
152
777.590 781.600
153
781.600 789.495
154
789.495 796.563
155
796.563 797.143
156
797.143 804.442
157
804.442 807.342
158
807.342 810.590
159
810.590 811.514
160
811.514 817.446
161
817.446 822.484
162
822.484 827.063
163
827.063 832.217
164
832.217 838.860
165
838.860 839.540
166
839.540 845.280
167
845.280 850.202
168
850.202 855.000
169
855.000 855.861
170
855.861 860.612
171
860.612 868.305
172
868.305 874.140
173
874.140 879.550
174
879.550 884.969
175
884.969 890.100
176
890.100 895.435
177
895.435 901.186
178
901.186 907.684
179
907.684 913.394
180
913.394 919.810
181
919.810 923.424
182
923.424 928.087
183
928.087 933.069
184
933.069 939.260
185
939.260 941.956
186
941.956 943.990
187
943.990 949.700
188
949.700 954.330
189
954.330 958.576
190
958.576 962.276
191
962.276 969.282
192
969.282 974.980
193
974.980 977.035
194
977.035 978.260
195
978.260 983.345
196
983.345 988.510
197
988.510 994.373
198
994.373 999.587
199
999.587 1005.508
200
1005.508 1009.842
201
1009.842 1010.904
202
1010.904 1015.498
203
1015.498 1018.060
204
1018.060 1024.300
