0
0.000 7.956
1
7.956 12.848
2
12.848 16.371
3
16.371 22.490
4
22.490 25.850
5
25.850 29.308
6
29.308 33.040
7
33.040 37.894
8
37.894 42.857
9
42.857 45.742
10
45.742 54.205
11
54.205 60.008
12
60.008 65.925
13
65.925 70.764
14
70.764 73.866
15
73.866 77.421
16
77.421 81.387
17
81.387 85.010
18
85.010 89.992
19
89.992 94.667
20
94.667 97.881
21
97.881 103.468
22
103.468 109.197
23
109.197 113.868
24
113.868 117.570
25
117.570 122.580
26
122.580 126.822
27
126.822 130.580
28
130.580 132.277
29
132.277 133.880
30
133.880 139.765
31
139.765 144.408
32
144.408 149.250
33
149.250 149.842
34
149.842 154.217
35
154.217 156.411
36
156.411 162.365
37
162.365 169.479
38
169.479 173.756
39
173.756 177.040
40
177.040 182.820
41
182.820 190.327
42
190.327 195.310
43
195.310 199.223
44
199.223 203.914
45
203.914 209.275
46
209.275 215.180
47
215.180 219.571
48
219.571 225.100
49
225.100 227.889
50
227.889 233.077
51
233.077 237.251
52
237.251 241.213
53
241.213 245.093
54
245.093 249.930
55
249.930 254.497
56
254.497 259.127
57
259.127 261.400
58
261.400 263.552
59
263.552 269.260
60
269.260 274.480
61
274.480 279.465
62
279.465 284.141
63
284.141 289.089
64
289.089 293.249
65
293.249 296.667
66
296.667 299.477
67
299.477 304.800
68
304.800 310.252
69
310.252 313.464
70
313.464 318.211
71
318.211 322.077
72
322.077 324.426
73
324.426 329.028
74
329.028 334.761
75
334.761 338.968
76
338.968 343.059
77
343.059 345.911
78
345.911 352.789
79
352.789 358.367
80
358.367 363.661
81
363.661 366.525
82
366.525 370.875
83
370.875 375.054
84
375.054 377.332
85
377.332 382.606
86
382.606 388.794
87
388.794 392.720
88
392.720 396.170
89
396.170 402.308
90
402.308 407.907
91
407.907 409.969
92
409.969 414.802
93
414.802 417.970
94
417.970 420.770
95
420.770 423.091
96
423.091 427.965
97
427.965 429.093
98
429.093 433.572
99
433.572 435.133
100
435.133 440.387
101
440.387 444.180
102
444.180 450.863
103
450.863 455.544
104
455.544 460.061
105
460.061 465.661
106
465.661 468.760
107
468.760 473.812
108
473.812 478.573
109
478.573 482.275
110
482.275 486.763
111
486.763 490.360
112
490.360 494.301
113
494.301 499.144
114
499.144 505.210
115
505.210 510.434
116
510.434 515.150
117
515.150 520.364
118
520.364 525.436
119
525.436 531.407
120
531.407 536.456
121
536.456 541.185
122
541.185 546.242
123
546.242 547.470
124
547.470 554.610
