0
0.000 8.121
1
8.121 11.800
2
11.800 16.856
3
16.856 22.517
4
22.517 24.980
5
24.980 30.070
6
30.070 35.160
7
35.160 39.880
8
39.880 47.954
9
47.954 53.990
10
53.990 60.413
11
60.413 65.915
12
65.915 73.850
13
73.850 79.510
14
79.510 84.268
15
84.268 86.298
16
86.298 89.898
17
89.898 94.280
18
94.280 99.461
19
99.461 104.041
20
104.041 109.798
21
109.798 113.479
22
113.479 117.980
23
117.980 123.070
24
123.070 127.687
25
127.687 132.048
26
132.048 139.771
27
139.771 144.613
28
144.613 148.590
29
148.590 156.427
30
156.427 160.831
31
160.831 163.270
32
163.270 165.487
33
165.487 172.273
34
172.273 175.130
35
175.130 179.000
36
179.000 183.990
37
183.990 190.078
38
190.078 198.250
39
198.250 203.730
40
203.730 208.910
41
208.910 213.810
42
213.810 220.260
43
220.260 225.350
44
225.350 230.160
45
230.160 234.931
46
234.931 239.530
47
239.530 242.795
48
242.795 247.240
49
247.240 248.312
50
248.312 249.676
51
249.676 254.539
52
254.539 259.416
53
259.416 264.820
54
264.820 272.369
55
272.369 279.060
56
279.060 284.620
57
284.620 290.340
58
290.340 294.970
59
294.970 299.315
60
299.315 306.740
61
306.740 312.500
62
312.500 317.630
63
317.630 322.470
64
322.470 326.100
65
326.100 333.007
66
333.007 338.069
67
338.069 346.289
68
346.289 349.840
69
349.840 354.187
70
354.187 361.942
71
361.942 367.612
72
367.612 370.970
73
370.970 375.974
74
375.974 383.430
75
383.430 389.390
76
389.390 394.255
77
394.255 397.090
78
397.090 403.490
79
403.490 408.716
80
408.716 413.050
81
413.050 417.890
82
417.890 420.605
83
420.605 425.210
84
425.210 430.042
85
430.042 433.139
86
433.139 437.714
87
437.714 446.012
88
446.012 451.220
89
451.220 452.141
90
452.141 457.112
91
457.112 458.392
92
458.392 462.104
93
462.104 467.350
94
467.350 472.470
95
472.470 477.590
