0
0.000 7.991
1
7.991 11.776
2
11.776 17.758
3
17.758 24.140
4
24.140 28.225
5
28.225 32.310
6
32.310 38.768
7
38.768 44.730
8
44.730 52.073
9
52.073 56.095
10
56.095 60.946
11
60.946 66.078
12
66.078 70.237
13
70.237 75.486
14
75.486 81.310
15
81.310 85.776
16
85.776 88.494
17
88.494 93.635
18
93.635 98.361
19
98.361 102.453
20
102.453 107.328
21
107.328 110.907
22
110.907 115.290
23
115.290 120.157
24
120.157 123.422
25
123.422 127.619
26
127.619 133.058
27
133.058 138.203
28
138.203 144.079
29
144.079 149.280
30
149.280 154.322
31
154.322 159.479
32
159.479 163.438
33
163.438 167.150
34
167.150 170.872
35
170.872 173.900
36
173.900 176.630
37
176.630 177.176
38
177.176 182.164
39
182.164 184.484
40
184.484 188.303
41
188.303 189.775
42
189.775 194.541
43
194.541 198.721
44
198.721 203.820
45
203.820 208.248
46
208.248 211.968
47
211.968 214.901
48
214.901 216.450
49
216.450 221.812
50
221.812 226.181
51
226.181 232.255
52
232.255 235.278
53
235.278 238.103
54
238.103 241.571
55
241.571 243.226
56
243.226 245.333
57
245.333 250.777
58
250.777 255.938
59
255.938 260.785
60
260.785 265.647
61
265.647 269.994
62
269.994 273.910
63
273.910 278.425
64
278.425 281.765
65
281.765 286.354
66
286.354 290.500
67
290.500 293.274
68
293.274 298.142
69
298.142 303.186
70
303.186 309.115
71
309.115 314.957
72
314.957 316.994
73
316.994 321.378
74
321.378 324.710
75
324.710 326.630
76
326.630 331.060
77
331.060 335.351
78
335.351 337.203
79
337.203 340.430
80
340.430 345.408
81
345.408 349.745
82
349.745 354.550
83
354.550 359.833
84
359.833 364.582
85
364.582 368.860
86
368.860 372.256
87
372.256 374.080
88
374.080 378.320
89
378.320 382.765
90
382.765 388.431
91
388.431 393.216
92
393.216 398.120
93
398.120 404.283
94
404.283 408.403
95
408.403 411.567
96
411.567 415.969
97
415.969 418.878
98
418.878 422.629
99
422.629 427.115
100
427.115 430.485
101
430.485 434.588
102
434.588 437.113
103
437.113 441.370
104
441.370 444.773
105
444.773 449.709
106
449.709 454.031
107
454.031 459.042
108
459.042 461.588
109
461.588 466.127
110
466.127 469.330
111
469.330 475.308
112
475.308 479.887
113
479.887 484.553
114
484.553 487.116
115
487.116 492.115
116
492.115 496.646
117
496.646 500.481
118
500.481 502.795
119
502.795 505.871
120
505.871 509.409
121
509.409 514.323
122
514.323 518.038
123
518.038 522.376
124
522.376 524.663
125
524.663 529.755
126
529.755 535.040
127
535.040 539.125
128
539.125 543.550
129
543.550 549.822
130
549.822 555.972
131
555.972 561.320
132
561.320 565.465
133
565.465 569.610
