0
0.000 9.526
1
9.526 14.640
2
14.640 18.093
3
18.093 23.110
4
23.110 27.270
5
27.270 33.214
6
33.214 40.690
7
40.690 43.522
8
43.522 48.444
9
48.444 49.658
10
49.658 56.036
11
56.036 63.090
12
63.090 65.324
13
65.324 66.737
14
66.737 71.928
15
71.928 77.291
16
77.291 82.430
17
82.430 82.984
18
82.984 86.630
19
86.630 93.430
20
93.430 94.939
21
94.939 98.428
22
98.428 103.629
23
103.629 107.030
24
107.030 112.650
25
112.650 115.049
26
115.049 119.420
27
119.420 122.261
28
122.261 126.913
29
126.913 131.803
30
131.803 134.150
31
134.150 137.816
32
137.816 141.736
33
141.736 145.980
34
145.980 153.717
35
153.717 162.090
36
162.090 167.630
37
167.630 172.190
38
172.190 176.436
39
176.436 183.305
40
183.305 189.361
41
189.361 196.503
42
196.503 200.530
43
200.530 205.085
44
205.085 210.370
45
210.370 215.240
46
215.240 221.679
47
221.679 227.761
48
227.761 230.720
49
230.720 232.195
50
232.195 238.024
51
238.024 244.606
52
244.606 249.735
53
249.735 253.515
54
253.515 255.944
55
255.944 261.156
56
261.156 265.450
57
265.450 266.538
58
266.538 273.785
59
273.785 278.702
60
278.702 282.450
61
282.450 288.320
62
288.320 292.970
63
292.970 296.963
64
296.963 301.304
65
301.304 305.923
66
305.923 310.714
67
310.714 313.470
68
313.470 317.100
69
317.100 320.960
70
320.960 325.678
71
325.678 327.541
72
327.541 330.540
73
330.540 335.117
74
335.117 339.554
75
339.554 346.740
76
346.740 351.550
77
351.550 357.200
78
357.200 362.790
79
362.790 367.840
80
367.840 373.720
81
373.720 379.398
82
379.398 385.170
83
385.170 388.570
84
388.570 392.830
85
392.830 396.930
86
396.930 399.066
87
399.066 404.958
88
404.958 413.500
89
413.500 418.820
90
418.820 423.982
91
423.982 427.675
92
427.675 432.150
93
432.150 436.565
94
436.565 440.980
95
440.980 442.582
96
442.582 445.670
97
445.670 450.350
98
450.350 455.910
99
455.910 459.710
100
459.710 462.910
101
462.910 467.340
102
467.340 471.592
103
471.592 476.911
104
476.911 480.980
105
480.980 485.030
106
485.030 491.260
107
491.260 499.922
108
499.922 501.640
109
501.640 507.997
110
507.997 513.800
111
513.800 518.280
112
518.280 524.090
113
524.090 527.120
114
527.120 533.642
115
533.642 537.710
116
537.710 544.469
117
544.469 552.735
118
552.735 558.713
119
558.713 561.535
120
561.535 564.348
121
564.348 568.730
122
568.730 573.913
123
573.913 579.689
124
579.689 584.590
125
584.590 587.301
126
587.301 588.060
127
588.060 593.060
128
593.060 595.164
129
595.164 600.760
130
600.760 604.926
131
604.926 611.500
132
611.500 615.192
133
615.192 619.756
134
619.756 624.346
135
624.346 628.400
136
628.400 633.880
137
633.880 638.793
138
638.793 642.890
139
642.890 644.978
140
644.978 650.590
141
650.590 655.878
142
655.878 660.701
143
660.701 666.289
144
666.289 670.222
145
670.222 671.990
146
671.990 673.150
147
673.150 679.230
