0
0.000 9.258
1
9.258 13.933
2
13.933 18.830
3
18.830 23.594
4
23.594 27.342
5
27.342 32.430
6
32.430 39.650
7
39.650 44.080
8
44.080 51.113
9
51.113 54.290
10
54.290 59.500
11
59.500 64.398
12
64.398 70.317
13
70.317 73.865
14
73.865 79.507
15
79.507 83.238
16
83.238 86.009
17
86.009 90.930
18
90.930 96.193
19
96.193 101.910
20
101.910 107.032
21
107.032 112.286
22
112.286 117.572
23
117.572 122.135
24
122.135 123.716
25
123.716 128.050
26
128.050 133.343
27
133.343 137.830
28
137.830 141.880
29
141.880 146.963
30
146.963 152.571
31
152.571 157.761
32
157.761 162.330
33
162.330 168.635
34
168.635 173.210
35
173.210 175.359
36
175.359 179.871
37
179.871 183.179
38
183.179 183.879
39
183.879 188.980
40
188.980 193.980
41
193.980 199.002
42
199.002 202.934
43
202.934 208.123
44
208.123 212.879
45
212.879 217.954
46
217.954 222.640
47
222.640 226.700
48
226.700 231.130
49
231.130 235.940
50
235.940 242.590
51
242.590 247.606
52
247.606 253.507
53
253.507 261.638
54
261.638 263.339
55
263.339 269.285
56
269.285 274.710
57
274.710 279.694
58
279.694 282.949
59
282.949 286.658
60
286.658 291.107
61
291.107 295.380
62
295.380 297.886
63
297.886 301.165
64
301.165 306.950
65
306.950 311.021
66
311.021 318.054
67
318.054 322.657
68
322.657 326.717
69
326.717 332.490
70
332.490 336.350
71
336.350 341.460
72
341.460 347.083
73
347.083 352.696
74
352.696 357.484
75
357.484 361.137
76
361.137 366.669
77
366.669 371.634
78
371.634 372.638
79
372.638 377.626
80
377.626 382.379
81
382.379 385.928
82
385.928 390.171
83
390.171 394.715
84
394.715 397.640
85
397.640 404.090
86
404.090 409.869
87
409.869 415.136
88
415.136 419.320
89
419.320 423.030
90
423.030 428.614
91
428.614 433.272
92
433.272 438.013
93
438.013 442.430
94
442.430 446.970
95
446.970 451.492
96
451.492 456.125
97
456.125 458.684
98
458.684 462.472
99
462.472 465.061
100
465.061 470.786
101
470.786 476.150
102
476.150 480.570
103
480.570 485.935
104
485.935 492.170
105
492.170 497.397
106
497.397 503.135
107
503.135 505.385
108
505.385 509.668
109
509.668 514.375
110
514.375 518.922
111
518.922 525.110
112
525.110 529.485
113
529.485 534.886
114
534.886 540.129
115
540.129 544.342
116
544.342 549.850
117
549.850 554.363
118
554.363 559.377
119
559.377 564.630
120
564.630 570.486
121
570.486 572.913
122
572.913 577.874
123
577.874 580.610
124
580.610 585.646
125
585.646 590.721
126
590.721 595.500
127
595.500 600.505
128
600.505 604.243
129
604.243 608.610
130
608.610 612.479
131
612.479 615.062
132
615.062 622.117
133
622.117 627.461
134
627.461 632.360
135
632.360 635.148
136
635.148 636.351
137
636.351 639.141
138
639.141 643.534
139
643.534 646.716
140
646.716 650.330
141
650.330 653.871
142
653.871 655.080
143
655.080 659.987
144
659.987 664.231
145
664.231 664.762
146
664.762 669.970
147
669.970 673.640
148
673.640 674.260
149
674.260 675.667
150
675.667 677.933
151
677.933 682.000
152
682.000 685.005
153
685.005 687.693
154
687.693 689.840
155
689.840 694.736
156
694.736 700.264
157
700.264 703.624
158
703.624 709.598
159
709.598 715.349
160
715.349 721.863
161
721.863 726.469
162
726.469 730.346
163
730.346 735.930
164
735.930 741.160
165
741.160 746.444
166
746.444 751.870
167
751.870 755.578
168
755.578 760.413
169
760.413 766.240
170
766.240 771.585
171
771.585 774.210
172
774.210 777.157
173
777.157 779.450
174
779.450 784.165
175
784.165 789.170
176
789.170 793.965
177
793.965 799.050
178
799.050 803.895
179
803.895 805.920
180
805.920 810.693
181
810.693 813.670
182
813.670 819.320
183
819.320 824.950
184
824.950 832.886
185
832.886 839.984
186
839.984 844.750
187
844.750 850.295
188
850.295 855.111
189
855.111 858.912
190
858.912 862.600
191
862.600 867.621
192
867.621 872.070
193
872.070 878.430
194
878.430 882.640
195
882.640 887.877
196
887.877 893.721
197
893.721 899.365
198
899.365 905.240
199
905.240 910.640
200
910.640 916.360
201
916.360 920.220
202
920.220 925.850
203
925.850 931.647
204
931.647 938.854
205
938.854 943.776
206
943.776 945.922
207
945.922 949.330
208
949.330 955.190
209
955.190 960.063
210
960.063 965.020
211
965.020 969.820
212
969.820 974.935
213
974.935 980.150
214
980.150 987.072
215
987.072 991.400
216
991.400 995.860
217
995.860 1001.907
218
1001.907 1007.475
219
1007.475 1012.670
220
1012.670 1016.229
221
1016.229 1020.009
222
1020.009 1021.696
223
1021.696 1027.440
