0
0.000 9.196
1
9.196 13.378
2
13.378 15.480
3
15.480 19.917
4
19.917 24.444
5
24.444 27.074
6
27.074 31.679
7
31.679 36.697
8
36.697 42.725
9
42.725 46.730
10
46.730 51.824
11
51.824 57.172
12
57.172 61.655
13
61.655 66.528
14
66.528 68.180
15
68.180 73.048
16
73.048 76.727
17
76.727 79.721
18
79.721 84.863
19
84.863 91.320
20
91.320 94.534
21
94.534 99.885
22
99.885 105.764
23
105.764 111.931
24
111.931 117.413
25
117.413 122.050
26
122.050 128.026
27
128.026 133.440
28
133.440 136.502
29
136.502 140.230
30
140.230 144.585
31
144.585 148.602
32
148.602 153.511
33
153.511 159.230
34
159.230 163.540
35
163.540 170.090
36
170.090 174.686
37
174.686 180.200
38
180.200 185.618
39
185.618 191.670
40
191.670 194.760
41
194.760 200.485
42
200.485 203.463
43
203.463 204.976
44
204.976 208.810
45
208.810 214.430
46
214.430 218.515
47
218.515 225.310
48
225.310 229.017
49
229.017 231.209
50
231.209 233.877
51
233.877 237.320
52
237.320 241.754
53
241.754 245.720
54
245.720 250.413
55
250.413 253.850
56
253.850 260.789
57
260.789 266.328
58
266.328 270.037
59
270.037 274.347
60
274.347 279.010
61
279.010 280.530
62
280.530 286.423
63
286.423 291.720
64
291.720 296.522
65
296.522 299.270
66
299.270 304.114
67
304.114 308.397
68
308.397 309.470
69
309.470 311.817
70
311.817 317.766
71
317.766 323.374
72
323.374 328.999
73
328.999 334.140
74
334.140 339.800
75
339.800 346.010
76
346.010 351.828
77
351.828 356.640
78
356.640 361.634
79
361.634 366.663
80
366.663 371.844
81
371.844 375.400
82
375.400 380.055
83
380.055 385.654
84
385.654 391.200
85
391.200 394.050
86
394.050 396.636
87
396.636 399.630
88
399.630 404.460
89
404.460 409.125
90
409.125 415.874
91
415.874 421.659
92
421.659 426.240
93
426.240 430.040
94
430.040 431.627
95
431.627 435.505
96
435.505 436.583
97
436.583 439.987
98
439.987 444.865
99
444.865 447.504
100
447.504 448.903
101
448.903 449.705
102
449.705 455.870
103
455.870 460.400
104
460.400 465.614
105
465.614 470.833
106
470.833 475.686
107
475.686 483.153
108
483.153 487.859
109
487.859 493.174
110
493.174 500.325
111
500.325 503.049
112
503.049 507.611
113
507.611 510.099
114
510.099 514.932
115
514.932 517.788
116
517.788 521.898
117
521.898 526.825
118
526.825 530.729
119
530.729 535.844
120
535.844 540.820
121
540.820 545.418
122
545.418 549.921
123
549.921 554.634
124
554.634 559.463
125
559.463 563.530
126
563.530 567.978
127
567.978 574.035
128
574.035 579.760
129
579.760 587.230
130
587.230 591.365
131
591.365 594.010
132
594.010 599.900
133
599.900 604.399
134
604.399 607.858
135
607.858 612.460
136
612.460 617.077
137
617.077 618.950
138
618.950 624.230
139
624.230 629.900
140
629.900 635.570
141
635.570 640.185
142
640.185 645.680
143
645.680 650.169
144
650.169 655.021
145
655.021 660.378
146
660.378 665.445
147
665.445 671.306
148
671.306 678.044
149
678.044 684.253
150
684.253 688.192
151
688.192 693.020
152
693.020 697.691
153
697.691 700.923
154
700.923 705.132
155
705.132 708.733
156
708.733 713.362
157
713.362 718.541
158
718.541 723.700
159
723.700 727.922
160
727.922 732.996
161
732.996 738.723
162
738.723 742.225
163
742.225 747.291
164
747.291 750.850
165
750.850 756.247
166
756.247 761.645
167
761.645 763.004
168
763.004 767.921
169
767.921 771.498
170
771.498 773.970
171
773.970 778.369
172
778.369 783.490
173
783.490 788.180
174
788.180 791.406
175
791.406 795.776
176
795.776 801.681
177
801.681 805.363
178
805.363 810.834
179
810.834 816.539
180
816.539 819.345
181
819.345 824.422
182
824.422 828.705
183
828.705 833.406
184
833.406 837.875
185
837.875 838.730
186
838.730 843.530
187
843.530 846.260
188
846.260 847.310
189
847.310 852.710
