0
0.000 9.574
1
9.574 14.566
2
14.566 16.660
3
16.660 22.300
4
22.300 27.687
5
27.687 33.324
6
33.324 38.812
7
38.812 42.840
8
42.840 50.150
9
50.150 55.087
10
55.087 59.675
11
59.675 64.950
12
64.950 69.501
13
69.501 74.060
14
74.060 79.190
15
79.190 83.034
16
83.034 87.236
17
87.236 92.340
18
92.340 97.489
19
97.489 102.507
20
102.507 107.840
21
107.840 113.502
22
113.502 118.846
23
118.846 122.779
24
122.779 127.610
25
127.610 132.653
26
132.653 137.650
27
137.650 143.639
28
143.639 148.094
29
148.094 148.675
30
148.675 153.407
31
153.407 158.136
32
158.136 163.260
33
163.260 168.771
34
168.771 174.289
35
174.289 177.160
36
177.160 184.380
37
184.380 188.611
38
188.611 192.573
39
192.573 195.760
40
195.760 199.816
41
199.816 203.635
42
203.635 209.480
43
209.480 214.640
44
214.640 219.800
45
219.800 224.940
46
224.940 229.960
47
229.960 234.385
48
234.385 239.228
49
239.228 242.660
50
242.660 247.505
51
247.505 252.350
52
252.350 258.896
53
258.896 264.085
54
264.085 267.956
55
267.956 271.430
56
271.430 277.350
57
277.350 281.900
58
281.900 286.450
59
286.450 292.180
60
292.180 297.971
61
297.971 302.965
62
302.965 306.800
63
306.800 309.466
64
309.466 315.500
65
315.500 320.010
66
320.010 324.520
67
324.520 329.736
68
329.736 334.421
69
334.421 339.428
70
339.428 344.240
71
344.240 347.870
72
347.870 352.537
73
352.537 354.630
74
354.630 359.630
75
359.630 361.394
76
361.394 364.630
77
364.630 369.713
78
369.713 374.889
79
374.889 380.172
80
380.172 384.527
81
384.527 388.077
82
388.077 391.131
83
391.131 396.119
84
396.119 399.600
85
399.600 404.510
86
404.510 407.450
87
407.450 413.879
88
413.879 421.490
89
421.490 425.888
90
425.888 427.840
91
427.840 430.219
92
430.219 435.561
93
435.561 437.826
94
437.826 441.484
95
441.484 446.557
96
446.557 451.056
97
451.056 452.538
98
452.538 456.909
99
456.909 459.190
100
459.190 463.685
101
463.685 468.180
102
468.180 470.182
103
470.182 475.483
104
475.483 480.210
105
480.210 484.007
106
484.007 488.421
107
488.421 490.179
108
490.179 495.047
109
495.047 497.393
110
497.393 502.845
111
502.845 508.731
112
508.731 513.592
113
513.592 518.030
114
518.030 522.480
115
522.480 525.325
116
525.325 530.345
117
530.345 534.451
118
534.451 541.157
119
541.157 542.291
120
542.291 544.176
121
544.176 548.850
122
548.850 549.786
123
549.786 552.594
124
552.594 556.387
125
556.387 559.370
126
559.370 561.954
127
561.954 567.131
128
567.131 568.198
129
568.198 570.677
130
570.677 573.107
131
573.107 574.650
132
574.650 580.599
133
580.599 584.660
134
584.660 589.914
135
589.914 592.870
136
592.870 597.130
137
597.130 600.147
138
600.147 602.971
139
602.971 606.302
140
606.302 608.364
141
608.364 611.780
142
611.780 615.946
143
615.946 617.916
144
617.916 622.900
145
622.900 626.400
146
626.400 628.307
147
628.307 630.930
148
630.930 634.510
149
634.510 639.347
150
639.347 642.442
151
642.442 646.149
152
646.149 650.005
153
650.005 654.250
154
654.250 657.293
155
657.293 663.037
156
663.037 666.696
157
666.696 668.138
158
668.138 673.581
159
673.581 675.900
160
675.900 681.767
161
681.767 683.085
162
683.085 684.000
163
684.000 686.957
164
686.957 687.533
165
687.533 689.726
166
689.726 693.291
167
693.291 697.390
168
697.390 701.495
169
701.495 704.276
170
704.276 705.940
171
705.940 710.013
172
710.013 714.422
173
714.422 719.253
174
719.253 723.760
175
723.760 729.335
176
729.335 734.130
177
734.130 737.665
178
737.665 740.500
179
740.500 746.651
180
746.651 749.698
181
749.698 753.764
182
753.764 757.846
183
757.846 762.596
184
762.596 767.549
185
767.549 774.720
186
774.720 779.904
187
779.904 782.875
188
782.875 786.050
189
786.050 790.200
190
790.200 793.086
191
793.086 798.810
192
798.810 804.349
193
804.349 809.395
194
809.395 814.510
195
814.510 819.230
196
819.230 823.960
197
823.960 829.392
198
829.392 834.349
199
834.349 838.835
200
838.835 841.078
201
841.078 844.330
202
844.330 849.150
203
849.150 854.546
204
854.546 859.618
205
859.618 864.163
206
864.163 869.190
207
869.190 871.373
208
871.373 873.560
