0
0.000 9.117
1
9.117 13.993
2
13.993 18.372
3
18.372 21.085
4
21.085 27.872
5
27.872 33.016
6
33.016 34.916
7
34.916 39.530
8
39.530 44.672
9
44.672 49.437
10
49.437 54.190
11
54.190 58.755
12
58.755 61.036
13
61.036 65.795
14
65.795 69.794
15
69.794 72.040
16
72.040 75.948
17
75.948 80.346
18
80.346 84.780
19
84.780 88.338
20
88.338 90.641
21
90.641 95.551
22
95.551 98.770
23
98.770 103.585
24
103.585 107.223
25
107.223 108.400
26
108.400 112.322
27
112.322 116.170
28
116.170 120.330
29
120.330 125.343
30
125.343 130.336
31
130.336 135.001
32
135.001 137.750
33
137.750 142.120
34
142.120 145.573
35
145.573 149.660
36
149.660 153.895
37
153.895 158.556
38
158.556 160.563
39
160.563 163.010
40
163.010 165.062
41
165.062 167.969
42
167.969 172.358
43
172.358 174.848
44
174.848 177.310
45
177.310 181.199
46
181.199 183.750
47
183.750 186.041
48
186.041 189.043
49
189.043 194.067
50
194.067 199.039
51
199.039 205.160
52
205.160 209.984
53
209.984 213.415
54
213.415 219.240
55
219.240 224.060
56
224.060 227.574
57
227.574 232.252
58
232.252 237.388
59
237.388 242.410
60
242.410 248.092
61
248.092 253.920
62
253.920 259.930
63
259.930 264.252
64
264.252 269.274
65
269.274 274.176
66
274.176 277.970
67
277.970 281.320
68
281.320 284.704
69
284.704 286.454
70
286.454 290.870
71
290.870 296.245
72
296.245 301.834
73
301.834 307.120
74
307.120 310.283
75
310.283 315.063
76
315.063 316.860
77
316.860 321.837
78
321.837 327.950
79
327.950 331.621
80
331.621 332.902
81
332.902 335.562
82
335.562 340.790
83
340.790 342.111
84
342.111 345.550
85
345.550 350.141
86
350.141 352.238
87
352.238 357.201
88
357.201 361.494
89
361.494 365.256
90
365.256 369.930
91
369.930 372.175
92
372.175 376.421
93
376.421 379.519
94
379.519 381.176
95
381.176 385.544
96
385.544 387.145
97
387.145 391.905
98
391.905 392.840
99
392.840 396.482
100
396.482 400.124
101
400.124 404.740
102
404.740 407.489
103
407.489 412.598
104
412.598 417.440
105
417.440 418.224
106
418.224 421.647
107
421.647 426.319
108
426.319 430.991
109
430.991 436.321
110
436.321 441.052
111
441.052 445.909
112
445.909 450.112
113
450.112 454.814
114
454.814 459.391
115
459.391 462.296
116
462.296 463.901
117
463.901 466.566
118
466.566 469.306
119
469.306 472.287
120
472.287 473.783
121
473.783 478.340
122
478.340 480.174
123
480.174 483.274
124
483.274 486.905
125
486.905 487.876
126
487.876 490.000
127
490.000 491.052
128
491.052 495.186
129
495.186 498.449
130
498.449 503.009
131
503.009 507.794
132
507.794 512.570
133
512.570 513.968
134
513.968 516.155
135
516.155 517.005
136
517.005 517.700
137
517.700 519.910
138
519.910 522.651
139
522.651 527.310
140
527.310 530.347
141
530.347 533.266
142
533.266 534.995
143
534.995 538.771
144
538.771 543.607
145
543.607 547.995
146
547.995 550.730
147
550.730 554.043
148
554.043 554.644
149
554.644 559.974
150
559.974 564.513
151
564.513 569.411
152
569.411 572.832
153
572.832 577.386
154
577.386 580.511
155
580.511 586.410
156
586.410 588.156
157
588.156 593.664
158
593.664 599.496
159
599.496 603.802
160
603.802 607.226
161
607.226 611.023
162
611.023 614.750
163
614.750 618.770
164
618.770 621.224
165
621.224 623.774
166
623.774 625.696
167
625.696 628.589
168
628.589 630.385
169
630.385 635.686
170
635.686 639.210
171
639.210 643.710
172
643.710 646.405
173
646.405 650.890
174
650.890 656.390
175
656.390 661.127
176
661.127 662.775
177
662.775 667.766
178
667.766 672.663
179
672.663 677.583
180
677.583 680.020
181
680.020 682.460
