0
0.000 7.028
1
7.028 13.309
2
13.309 18.900
3
18.900 22.181
4
22.181 23.779
5
23.779 25.470
6
25.470 28.470
7
28.470 32.979
8
32.979 35.070
9
35.070 41.690
10
41.690 48.310
11
48.310 55.168
12
55.168 60.638
13
60.638 67.638
14
67.638 72.105
15
72.105 76.552
16
76.552 81.130
17
81.130 86.193
18
86.193 91.008
19
91.008 96.150
20
96.150 102.010
21
102.010 106.960
22
106.960 111.910
23
111.910 116.650
24
116.650 118.814
25
118.814 123.765
26
123.765 128.641
27
128.641 133.590
28
133.590 140.650
29
140.650 145.757
30
145.757 152.066
31
152.066 157.604
32
157.604 163.600
33
163.600 168.072
34
168.072 173.071
35
173.071 176.660
36
176.660 181.721
37
181.721 187.701
38
187.701 192.775
39
192.775 197.790
40
197.790 203.437
41
203.437 208.425
42
208.425 210.786
43
210.786 216.186
44
216.186 221.950
45
221.950 227.434
46
227.434 232.910
47
232.910 241.130
48
241.130 246.380
49
246.380 250.725
50
250.725 255.558
51
255.558 259.830
52
259.830 264.811
53
264.811 266.480
54
266.480 270.950
55
270.950 275.880
56
275.880 279.930
57
279.930 285.120
58
285.120 290.587
59
290.587 294.442
60
294.442 299.478
61
299.478 304.324
62
304.324 309.925
63
309.925 314.431
64
314.431 319.327
65
319.327 324.397
66
324.397 329.893
67
329.893 334.878
68
334.878 339.301
69
339.301 344.040
70
344.040 349.224
71
349.224 353.874
72
353.874 358.642
73
358.642 363.422
74
363.422 368.314
75
368.314 373.271
76
373.271 377.103
77
377.103 381.197
78
381.197 385.118
79
385.118 391.290
80
391.290 397.768
81
397.768 403.141
82
403.141 408.107
83
408.107 413.075
84
413.075 419.310
85
419.310 425.580
86
425.580 431.420
87
431.420 436.368
88
436.368 441.244
89
441.244 445.860
90
445.860 449.680
91
449.680 457.915
92
457.915 462.550
93
462.550 466.020
94
466.020 469.796
95
469.796 474.950
96
474.950 481.047
97
481.047 486.645
98
486.645 488.805
99
488.805 493.840
