0
0.000 8.819
1
8.819 14.230
2
14.230 19.309
3
19.309 25.540
4
25.540 29.746
5
29.746 32.780
6
32.780 36.700
7
36.700 41.654
8
41.654 46.930
9
46.930 51.628
10
51.628 57.507
11
57.507 62.377
12
62.377 67.343
13
67.343 68.601
14
68.601 74.270
15
74.270 79.416
16
79.416 83.976
17
83.976 87.350
18
87.350 91.803
19
91.803 96.161
20
96.161 100.832
21
100.832 104.259
22
104.259 108.851
23
108.851 112.160
24
112.160 115.983
25
115.983 121.818
26
121.818 126.442
27
126.442 130.867
28
130.867 133.899
29
133.899 138.411
30
138.411 142.047
31
142.047 147.080
32
147.080 152.321
33
152.321 157.746
34
157.746 164.046
35
164.046 169.018
36
169.018 172.291
37
172.291 177.039
38
177.039 179.480
39
179.480 186.937
40
186.937 193.173
41
193.173 198.110
42
198.110 203.500
43
203.500 209.007
44
209.007 214.527
45
214.527 220.003
46
220.003 221.820
47
221.820 223.456
48
223.456 227.205
49
227.205 232.140
50
232.140 237.683
51
237.683 241.316
52
241.316 244.047
53
244.047 247.251
54
247.251 249.200
55
249.200 251.790
56
251.790 255.046
57
255.046 259.625
58
259.625 262.922
59
262.922 265.387
60
265.387 266.622
61
266.622 272.221
62
272.221 279.092
63
279.092 283.757
64
283.757 288.803
65
288.803 293.144
66
293.144 297.851
67
297.851 302.264
68
302.264 307.162
69
307.162 308.610
70
308.610 312.988
71
312.988 316.710
72
316.710 321.223
73
321.223 326.046
74
326.046 331.683
75
331.683 335.284
76
335.284 339.621
77
339.621 344.633
78
344.633 349.480
79
349.480 353.963
80
353.963 358.878
81
358.878 363.525
82
363.525 364.513
83
364.513 369.269
84
369.269 373.375
85
373.375 377.747
86
377.747 382.207
87
382.207 386.036
88
386.036 390.024
89
390.024 394.630
90
394.630 398.415
91
398.415 403.404
92
403.404 405.300
93
405.300 407.453
94
407.453 409.262
95
409.262 414.480
96
414.480 420.148
97
420.148 425.660
98
425.660 430.660
99
430.660 435.660
100
435.660 440.275
101
440.275 443.981
102
443.981 448.692
103
448.692 452.540
104
452.540 457.300
105
457.300 459.095
106
459.095 463.408
107
463.408 468.170
108
468.170 471.575
109
471.575 475.745
110
475.745 482.110
111
482.110 486.460
112
486.460 488.790
113
488.790 493.573
114
493.573 494.540
115
494.540 497.375
116
497.375 501.383
117
501.383 506.649
118
506.649 512.000
119
512.000 517.475
120
517.475 523.002
121
523.002 527.476
122
527.476 531.942
123
531.942 534.403
124
534.403 539.650
125
539.650 543.338
126
543.338 546.702
127
546.702 551.680
128
551.680 556.370
129
556.370 561.060
130
561.060 566.147
131
566.147 570.731
132
570.731 574.069
133
574.069 578.308
134
578.308 582.470
135
582.470 586.790
136
586.790 591.738
137
591.738 596.283
138
596.283 600.551
139
600.551 602.580
140
602.580 607.084
141
607.084 608.474
142
608.474 609.794
143
609.794 613.620
144
613.620 617.237
145
617.237 620.840
146
620.840 624.014
147
624.014 630.805
148
630.805 633.560
149
633.560 636.786
150
636.786 640.494
151
640.494 645.035
152
645.035 649.702
153
649.702 653.360
154
653.360 656.246
155
656.246 658.940
156
658.940 664.520
157
664.520 665.906
158
665.906 670.328
159
670.328 671.510
160
671.510 674.031
161
674.031 677.274
162
677.274 683.480
163
683.480 687.650
164
687.650 691.480
165
691.480 694.420
166
694.420 695.620
167
695.620 698.289
168
698.289 701.560
169
701.560 708.950
170
708.950 712.664
171
712.664 716.340
172
716.340 718.081
173
718.081 723.567
174
723.567 725.400
175
725.400 730.278
176
730.278 734.894
177
734.894 736.741
178
736.741 741.658
179
741.658 745.712
180
745.712 752.090
181
752.090 756.550
182
756.550 761.382
183
761.382 765.361
184
765.361 768.823
185
768.823 772.478
186
772.478 776.536
187
776.536 780.845
188
780.845 784.840
189
784.840 790.176
190
790.176 795.407
191
795.407 800.835
192
800.835 806.320
193
806.320 809.514
194
809.514 814.484
195
814.484 816.428
196
816.428 821.416
197
821.416 826.088
198
826.088 828.456
199
828.456 834.588
200
834.588 839.124
201
839.124 844.132
202
844.132 848.840
203
848.840 851.235
204
851.235 857.325
205
857.325 862.646
206
862.646 864.634
207
864.634 869.818
208
869.818 875.096
209
875.096 878.520
210
878.520 883.790
211
883.790 889.011
212
889.011 894.548
213
894.548 899.403
214
899.403 904.412
215
904.412 910.220
216
910.220 915.740
217
915.740 920.090
218
920.090 922.990
