0
0.000 9.150
1
9.150 13.790
2
13.790 20.054
3
20.054 24.868
4
24.868 29.842
5
29.842 34.418
6
34.418 38.832
7
38.832 43.512
8
43.512 48.003
9
48.003 50.217
10
50.217 54.105
11
54.105 58.369
12
58.369 63.740
13
63.740 69.594
14
69.594 71.740
15
71.740 75.716
16
75.716 78.671
17
78.671 82.360
18
82.360 85.475
19
85.475 88.080
20
88.080 91.120
21
91.120 94.765
22
94.765 97.139
23
97.139 99.193
24
99.193 104.355
25
104.355 107.712
26
107.712 112.098
27
112.098 117.251
28
117.251 121.775
29
121.775 127.352
30
127.352 131.437
31
131.437 133.821
32
133.821 138.416
33
138.416 143.029
34
143.029 145.034
35
145.034 151.355
36
151.355 157.210
37
157.210 160.441
38
160.441 165.287
39
165.287 165.920
40
165.920 167.775
41
167.775 172.890
42
172.890 177.595
43
177.595 180.314
44
180.314 181.321
45
181.321 185.938
46
185.938 191.125
47
191.125 195.641
48
195.641 202.155
49
202.155 205.180
50
205.180 210.356
51
210.356 215.349
52
215.349 217.230
53
217.230 221.232
54
221.232 223.560
55
223.560 227.110
56
227.110 232.410
57
232.410 235.900
58
235.900 240.405
59
240.405 245.041
60
245.041 249.145
61
249.145 254.112
62
254.112 258.671
63
258.671 264.230
64
264.230 269.720
65
269.720 274.340
66
274.340 278.074
67
278.074 281.930
68
281.930 289.420
69
289.420 294.075
70
294.075 299.176
71
299.176 304.724
72
304.724 311.434
73
311.434 317.787
74
317.787 320.966
75
320.966 325.759
76
325.759 328.882
77
328.882 333.250
78
333.250 335.883
79
335.883 339.345
80
339.345 343.253
81
343.253 346.741
82
346.741 352.294
83
352.294 357.258
84
357.258 359.240
85
359.240 360.332
86
360.332 363.610
87
363.610 369.716
88
369.716 376.335
89
376.335 382.205
90
382.205 386.915
91
386.915 389.060
92
389.060 392.037
93
392.037 397.159
94
397.159 402.600
95
402.600 408.110
96
408.110 412.130
97
412.130 416.150
98
416.150 417.114
99
417.114 421.841
100
421.841 424.710
101
424.710 429.657
102
429.657 433.825
103
433.825 438.995
104
438.995 444.520
105
444.520 448.894
106
448.894 453.900
107
453.900 458.723
108
458.723 461.986
109
461.986 464.758
110
464.758 468.667
111
468.667 473.260
112
473.260 476.394
113
476.394 478.935
114
478.935 484.746
115
484.746 490.366
116
490.366 496.209
117
496.209 500.856
118
500.856 505.956
119
505.956 512.141
120
512.141 518.544
121
518.544 523.536
122
523.536 528.851
123
528.851 533.322
124
533.322 538.270
125
538.270 542.893
126
542.893 548.445
127
548.445 552.770
