0
0.000 8.949
1
8.949 17.298
2
17.298 23.660
3
23.660 30.094
4
30.094 35.692
5
35.692 40.350
6
40.350 43.330
7
43.330 48.796
8
48.796 53.988
9
53.988 59.190
10
59.190 62.224
11
62.224 65.406
12
65.406 69.477
13
69.477 71.560
14
71.560 75.930
15
75.930 78.606
16
78.606 83.843
17
83.843 88.283
18
88.283 93.074
19
93.074 97.172
20
97.172 101.979
21
101.979 105.000
22
105.000 110.773
23
110.773 116.255
24
116.255 121.810
25
121.810 127.427
26
127.427 132.152
27
132.152 134.088
28
134.088 139.197
29
139.197 144.054
30
144.054 147.928
31
147.928 150.931
32
150.931 153.313
33
153.313 156.626
34
156.626 159.506
35
159.506 161.330
36
161.330 165.628
37
165.628 169.153
38
169.153 175.076
39
175.076 179.670
40
179.670 183.766
41
183.766 188.293
42
188.293 190.658
43
190.658 196.200
44
196.200 199.979
45
199.979 204.791
46
204.791 206.805
47
206.805 211.745
48
211.745 216.564
49
216.564 221.807
50
221.807 227.062
51
227.062 232.797
52
232.797 236.702
53
236.702 241.520
54
241.520 245.049
55
245.049 250.208
56
250.208 255.845
57
255.845 261.136
58
261.136 265.816
59
265.816 270.720
60
270.720 273.824
61
273.824 278.318
62
278.318 283.357
63
283.357 288.366
64
288.366 293.790
65
293.790 299.282
66
299.282 304.421
67
304.421 308.740
68
308.740 312.952
69
312.952 317.523
70
317.523 322.995
71
322.995 328.350
72
328.350 333.615
73
333.615 338.956
74
338.956 343.799
75
343.799 347.817
76
347.817 352.946
77
352.946 358.291
78
358.291 362.361
79
362.361 367.040
80
367.040 372.543
81
372.543 376.682
82
376.682 381.198
83
381.198 385.725
84
385.725 391.638
85
391.638 398.083
86
398.083 403.030
87
403.030 406.871
88
406.871 411.534
89
411.534 415.250
90
415.250 419.808
91
419.808 424.170
92
424.170 428.250
93
428.250 431.995
94
431.995 436.784
95
436.784 439.925
96
439.925 442.734
97
442.734 446.120
98
446.120 450.632
99
450.632 455.515
100
455.515 459.636
101
459.636 464.324
102
464.324 469.244
103
469.244 474.525
104
474.525 479.837
105
479.837 484.920
106
484.920 490.592
107
490.592 495.492
108
495.492 497.200
109
497.200 502.447
110
502.447 507.440
111
507.440 512.570
112
512.570 517.976
113
517.976 522.540
114
522.540 528.171
115
528.171 533.488
116
533.488 538.428
117
538.428 543.536
118
543.536 548.322
119
548.322 553.322
120
553.322 558.318
121
558.318 563.585
122
563.585 567.669
123
567.669 572.542
124
572.542 577.835
125
577.835 582.425
126
582.425 584.434
127
584.434 588.918
128
588.918 593.759
129
593.759 596.558
130
596.558 599.370
131
599.370 603.485
132
603.485 606.230
