0
0.000 9.026
1
9.026 12.072
2
12.072 17.053
3
17.053 21.880
4
21.880 24.962
5
24.962 27.883
6
27.883 30.400
7
30.400 33.795
8
33.795 38.900
9
38.900 44.180
10
44.180 49.567
11
49.567 54.400
12
54.400 58.184
13
58.184 62.756
14
62.756 66.542
15
66.542 68.640
16
68.640 73.480
17
73.480 79.220
18
79.220 82.950
19
82.950 86.073
20
86.073 86.930
21
86.930 87.694
22
87.694 90.975
23
90.975 93.331
24
93.331 99.215
25
99.215 104.251
26
104.251 107.020
27
107.020 112.949
28
112.949 118.860
29
118.860 125.129
30
125.129 128.837
31
128.837 134.422
32
134.422 135.340
33
135.340 140.089
34
140.089 145.220
35
145.220 152.074
36
152.074 157.132
37
157.132 161.908
38
161.908 166.889
39
166.889 170.483
40
170.483 172.601
41
172.601 176.110
42
176.110 182.370
43
182.370 187.810
44
187.810 193.110
45
193.110 196.950
46
196.950 205.292
47
205.292 209.520
48
209.520 216.064
49
216.064 220.983
50
220.983 225.470
51
225.470 229.157
52
229.157 235.310
53
235.310 240.510
54
240.510 245.026
55
245.026 247.784
56
247.784 252.300
57
252.300 256.259
58
256.259 259.124
59
259.124 264.087
60
264.087 268.482
61
268.482 271.192
62
271.192 273.918
63
273.918 278.955
64
278.955 283.347
65
283.347 287.292
66
287.292 291.469
67
291.469 296.650
68
296.650 299.264
69
299.264 304.497
70
304.497 309.014
71
309.014 311.915
72
311.915 316.551
73
316.551 321.100
74
321.100 324.380
75
324.380 325.089
76
325.089 328.634
77
328.634 334.161
78
334.161 339.740
79
339.740 344.780
80
344.780 347.851
81
347.851 349.372
82
349.372 355.250
83
355.250 355.790
84
355.790 364.425
85
364.425 370.310
86
370.310 371.004
87
371.004 374.076
88
374.076 378.991
89
378.991 384.135
90
384.135 388.260
91
388.260 388.936
92
388.936 393.970
93
393.970 399.410
94
399.410 404.037
95
404.037 409.940
96
409.940 412.741
97
412.741 416.600
98
416.600 417.447
99
417.447 422.075
100
422.075 427.712
101
427.712 432.516
102
432.516 435.390
103
435.390 438.799
104
438.799 444.370
105
444.370 449.850
106
449.850 452.925
107
452.925 454.050
108
454.050 460.270
