0
0.000 8.533
1
8.533 13.346
2
13.346 15.570
3
15.570 20.688
4
20.688 26.910
5
26.910 31.630
6
31.630 37.206
7
37.206 42.736
8
42.736 47.985
9
47.985 53.208
10
53.208 58.224
11
58.224 63.988
12
63.988 67.281
13
67.281 70.223
14
70.223 72.814
15
72.814 78.556
16
78.556 84.709
17
84.709 88.565
18
88.565 92.726
19
92.726 97.695
20
97.695 102.893
21
102.893 108.050
22
108.050 113.101
23
113.101 118.235
24
118.235 123.080
25
123.080 127.619
26
127.619 133.479
27
133.479 137.517
28
137.517 142.177
29
142.177 146.690
30
146.690 150.525
31
150.525 154.120
32
154.120 158.276
33
158.276 164.057
34
164.057 168.530
35
168.530 171.557
36
171.557 173.639
37
173.639 177.845
38
177.845 180.709
39
180.709 184.962
40
184.962 188.885
41
188.885 191.284
42
191.284 195.160
43
195.160 199.703
44
199.703 204.444
45
204.444 210.368
46
210.368 214.561
47
214.561 219.532
48
219.532 224.783
49
224.783 228.131
50
228.131 233.066
51
233.066 238.160
52
238.160 243.951
53
243.951 248.739
54
248.739 253.588
55
253.588 258.538
56
258.538 261.831
57
261.831 268.140
58
268.140 272.794
59
272.794 277.572
60
277.572 280.511
61
280.511 285.514
62
285.514 290.514
63
290.514 295.830
64
295.830 301.330
65
301.330 306.830
66
306.830 313.636
67
313.636 318.520
68
318.520 323.820
69
323.820 325.964
70
325.964 328.360
71
328.360 332.900
