0
0.000 9.408
1
9.408 15.545
2
15.545 19.563
3
19.563 24.363
4
24.363 28.650
5
28.650 33.432
6
33.432 38.970
7
38.970 44.408
8
44.408 48.164
9
48.164 50.955
10
50.955 55.270
11
55.270 56.363
12
56.363 63.550
13
63.550 68.000
14
68.000 72.670
15
72.670 77.212
16
77.212 81.470
17
81.470 85.937
18
85.937 90.496
19
90.496 95.788
20
95.788 102.130
21
102.130 106.261
22
106.261 108.975
23
108.975 114.330
24
114.330 116.285
25
116.285 118.070
26
118.070 120.700
27
120.700 126.550
28
126.550 132.790
29
132.790 137.010
30
137.010 141.070
31
141.070 148.484
32
148.484 150.927
33
150.927 154.411
34
154.411 157.640
35
157.640 162.766
36
162.766 168.272
37
168.272 173.750
38
173.750 182.070
39
182.070 185.942
40
185.942 190.628
41
190.628 194.881
42
194.881 199.743
43
199.743 203.980
44
203.980 208.400
45
208.400 213.663
46
213.663 218.370
47
218.370 223.670
48
223.670 229.540
49
229.540 235.970
50
235.970 242.750
51
242.750 245.368
52
245.368 251.407
53
251.407 258.624
54
258.624 263.168
55
263.168 265.567
56
265.567 272.222
57
272.222 278.130
58
278.130 282.420
59
282.420 288.523
60
288.523 295.017
61
295.017 304.842
62
304.842 310.533
63
310.533 317.611
64
317.611 324.199
65
324.199 329.222
66
329.222 333.897
67
333.897 339.290
68
339.290 344.410
69
344.410 347.386
70
347.386 352.812
71
352.812 359.458
72
359.458 362.383
73
362.383 367.141
74
367.141 371.356
75
371.356 376.160
76
376.160 380.957
77
380.957 384.652
78
384.652 389.358
79
389.358 394.133
80
394.133 397.089
81
397.089 402.797
82
402.797 407.732
83
407.732 414.990
84
414.990 422.082
85
422.082 426.371
86
426.371 430.973
87
430.973 433.963
88
433.963 439.238
89
439.238 444.877
90
444.877 449.170
91
449.170 455.390
