0
0.000 8.054
1
8.054 12.414
2
12.414 16.935
3
16.935 21.585
4
21.585 23.325
5
23.325 27.600
6
27.600 31.256
7
31.256 36.644
8
36.644 41.470
9
41.470 46.258
10
46.258 51.648
11
51.648 56.530
12
56.530 59.033
13
59.033 63.418
14
63.418 67.425
15
67.425 72.534
16
72.534 78.256
17
78.256 82.175
18
82.175 86.323
19
86.323 90.151
20
90.151 94.261
21
94.261 97.780
22
97.780 102.917
23
102.917 107.229
24
107.229 111.242
25
111.242 115.970
26
115.970 120.950
27
120.950 125.462
28
125.462 130.774
29
130.774 133.593
30
133.593 138.157
31
138.157 143.549
32
143.549 148.573
33
148.573 153.529
34
153.529 158.750
35
158.750 163.073
36
163.073 166.254
37
166.254 171.225
38
171.225 175.440
39
175.440 177.960
40
177.960 183.006
41
183.006 188.531
42
188.531 190.280
43
190.280 194.646
44
194.646 198.992
45
198.992 201.418
46
201.418 205.909
47
205.909 211.140
48
211.140 213.462
49
213.462 216.729
50
216.729 221.526
51
221.526 226.350
52
226.350 231.404
53
231.404 235.162
54
235.162 240.034
55
240.034 244.110
56
244.110 250.684
57
250.684 254.794
58
254.794 259.710
59
259.710 264.694
60
264.694 268.796
61
268.796 273.911
62
273.911 279.951
63
279.951 283.703
64
283.703 287.867
65
287.867 293.540
66
293.540 298.305
67
298.305 303.270
68
303.270 307.766
69
307.766 313.257
70
313.257 317.567
71
317.567 322.290
72
322.290 325.740
73
325.740 330.274
74
330.274 334.871
75
334.871 339.854
76
339.854 343.871
77
343.871 347.356
78
347.356 351.910
79
351.910 356.929
80
356.929 361.816
81
361.816 366.633
82
366.633 371.721
83
371.721 376.855
84
376.855 382.069
85
382.069 385.829
86
385.829 390.125
87
390.125 395.060
88
395.060 399.317
89
399.317 404.320
90
404.320 408.754
91
408.754 412.066
92
412.066 416.285
93
416.285 419.035
94
419.035 420.560
95
420.560 423.800
96
423.800 428.102
97
428.102 430.382
98
430.382 435.053
99
435.053 440.737
100
440.737 444.100
101
444.100 447.256
102
447.256 452.999
103
452.999 457.700
104
457.700 461.726
105
461.726 466.695
106
466.695 470.290
107
470.290 474.920
108
474.920 479.644
109
479.644 485.140
110
485.140 491.760
111
491.760 497.270
112
497.270 500.886
113
500.886 505.255
114
505.255 509.560
115
509.560 515.888
116
515.888 521.015
117
521.015 524.963
118
524.963 530.225
119
530.225 535.451
120
535.451 540.233
121
540.233 544.902
122
544.902 549.470
123
549.470 554.895
124
554.895 560.470
125
560.470 565.390
126
565.390 567.609
127
567.609 572.620
128
572.620 574.830
129
574.830 581.940
