0
0.000 8.083
1
8.083 15.190
2
15.190 20.810
3
20.810 26.006
4
26.006 32.047
5
32.047 36.200
6
36.200 40.560
7
40.560 47.711
8
47.711 52.620
9
52.620 57.987
10
57.987 64.330
11
64.330 69.351
12
69.351 74.020
13
74.020 78.507
14
78.507 82.780
15
82.780 88.230
16
88.230 93.335
17
93.335 99.036
18
99.036 104.271
19
104.271 107.680
20
107.680 111.835
21
111.835 116.840
22
116.840 122.000
23
122.000 127.381
24
127.381 133.801
25
133.801 139.447
26
139.447 144.726
27
144.726 150.190
28
150.190 154.720
29
154.720 159.760
30
159.760 163.848
31
163.848 169.197
32
169.197 174.062
33
174.062 179.691
34
179.691 184.849
35
184.849 191.151
36
191.151 196.637
37
196.637 202.658
38
202.658 206.154
39
206.154 209.745
40
209.745 215.604
41
215.604 220.064
42
220.064 220.970
43
220.970 224.618
44
224.618 229.899
45
229.899 236.230
46
236.230 241.004
47
241.004 241.720
48
241.720 244.736
49
244.736 249.196
50
249.196 254.184
51
254.184 258.508
52
258.508 263.574
53
263.574 269.340
54
269.340 275.759
55
275.759 281.863
56
281.863 286.522
57
286.522 289.010
58
289.010 293.424
59
293.424 297.280
60
297.280 301.350
61
301.350 306.572
62
306.572 311.470
63
311.470 313.840
64
313.840 316.328
65
316.328 319.870
66
319.870 324.120
67
324.120 328.390
68
328.390 333.323
69
333.323 338.160
70
338.160 343.031
71
343.031 347.758
72
347.758 351.650
73
351.650 355.390
74
355.390 364.025
75
364.025 369.328
76
369.328 376.367
77
376.367 380.848
78
380.848 386.593
79
386.593 392.408
80
392.408 399.054
81
399.054 403.398
82
403.398 407.403
83
407.403 411.712
84
411.712 417.018
85
417.018 422.640
86
422.640 429.330
87
429.330 434.600
88
434.600 441.319
89
441.319 446.300
90
446.300 451.210
91
451.210 456.846
92
456.846 463.100
93
463.100 467.630
94
467.630 472.492
95
472.492 477.267
96
477.267 478.603
97
478.603 483.660
98
483.660 487.484
99
487.484 494.173
100
494.173 497.965
101
497.965 502.950
102
502.950 507.732
103
507.732 511.748
104
511.748 517.398
105
517.398 522.649
106
522.649 528.568
107
528.568 531.015
108
531.015 535.910
109
535.910 538.048
110
538.048 543.189
111
543.189 545.740
112
545.740 550.472
113
550.472 555.550
114
555.550 561.005
115
561.005 564.959
116
564.959 568.333
117
568.333 573.148
118
573.148 578.070
119
578.070 583.334
120
583.334 588.350
121
588.350 592.331
122
592.331 596.310
123
596.310 601.092
124
601.092 606.064
125
606.064 611.151
126
611.151 618.230
127
618.230 622.604
128
622.604 627.702
129
627.702 634.005
130
634.005 639.067
131
639.067 644.345
132
644.345 647.573
133
647.573 653.812
134
653.812 659.315
135
659.315 665.203
136
665.203 671.049
137
671.049 674.303
138
674.303 678.555
139
678.555 682.450
140
682.450 686.822
141
686.822 690.897
142
690.897 695.050
143
695.050 700.298
144
700.298 704.960
145
704.960 709.290
146
709.290 713.887
147
713.887 718.658
148
718.658 723.533
149
723.533 726.754
150
726.754 732.240
151
732.240 736.256
152
736.256 740.943
153
740.943 745.844
154
745.844 750.549
155
750.549 754.105
156
754.105 757.311
157
757.311 761.807
158
761.807 766.404
159
766.404 770.750
160
770.750 776.225
161
776.225 781.188
162
781.188 786.210
163
786.210 791.280
164
791.280 795.585
165
795.585 801.668
166
801.668 804.790
167
804.790 808.551
168
808.551 813.440
169
813.440 820.152
170
820.152 821.916
171
821.916 826.046
172
826.046 829.664
173
829.664 834.760
174
834.760 837.110
175
837.110 841.590
176
841.590 844.250
177
844.250 845.363
178
845.363 850.562
179
850.562 854.642
180
854.642 858.596
181
858.596 860.815
182
860.815 865.565
183
865.565 870.650
184
870.650 878.776
185
878.776 883.588
186
883.588 888.280
187
888.280 892.330
188
892.330 896.775
189
896.775 901.087
190
901.087 907.377
191
907.377 911.890
192
911.890 916.741
193
916.741 920.170
194
920.170 924.975
195
924.975 929.780
196
929.780 932.069
197
932.069 935.091
198
935.091 940.317
199
940.317 945.962
200
945.962 951.650
201
951.650 956.585
202
956.585 961.205
203
961.205 965.437
204
965.437 971.154
205
971.154 976.695
206
976.695 982.505
207
982.505 988.450
208
988.450 993.101
209
993.101 999.063
210
999.063 1003.512
211
1003.512 1006.270
212
1006.270 1011.803
213
1011.803 1016.230
214
1016.230 1020.228
215
1020.228 1024.941
216
1024.941 1031.350
217
1031.350 1037.093
218
1037.093 1042.114
219
1042.114 1047.361
220
1047.361 1052.930
221
1052.930 1059.730
222
1059.730 1067.230
223
1067.230 1071.410
224
1071.410 1078.149
225
1078.149 1083.525
226
1083.525 1089.826
227
1089.826 1096.607
228
1096.607 1101.317
229
1101.317 1105.959
230
1105.959 1109.311
231
1109.311 1114.306
232
1114.306 1118.900
233
1118.900 1122.970
234
1122.970 1130.150
235
1130.150 1134.210
236
1134.210 1138.170
237
1138.170 1146.820
238
1146.820 1152.582
239
1152.582 1157.482
240
1157.482 1162.380
241
1162.380 1166.351
242
1166.351 1170.620
243
1170.620 1175.660
244
1175.660 1180.770
245
1180.770 1185.390
246
1185.390 1190.356
247
1190.356 1194.330
248
1194.330 1199.470
249
1199.470 1204.604
250
1204.604 1209.965
251
1209.965 1213.855
252
1213.855 1218.997
253
1218.997 1224.803
254
1224.803 1229.892
255
1229.892 1235.894
256
1235.894 1241.247
257
1241.247 1245.889
258
1245.889 1251.409
259
1251.409 1256.620
260
1256.620 1263.430
261
1263.430 1268.830
262
1268.830 1273.946
263
1273.946 1279.465
264
1279.465 1285.294
265
1285.294 1289.150
