0
0.000 9.198
1
9.198 13.980
2
13.980 18.510
3
18.510 20.912
4
20.912 27.690
5
27.690 32.215
6
32.215 37.536
7
37.536 43.202
8
43.202 48.030
9
48.030 52.933
10
52.933 58.020
11
58.020 62.620
12
62.620 68.330
13
68.330 73.160
14
73.160 77.300
15
77.300 83.786
16
83.786 89.440
17
89.440 91.472
18
91.472 95.655
19
95.655 99.010
20
99.010 103.290
21
103.290 110.000
22
110.000 113.991
23
113.991 115.540
24
115.540 120.330
25
120.330 125.075
26
125.075 129.730
27
129.730 134.620
28
134.620 138.368
29
138.368 144.000
30
144.000 149.030
31
149.030 152.263
32
152.263 153.119
33
153.119 156.170
34
156.170 157.464
35
157.464 161.779
36
161.779 163.435
37
163.435 166.289
38
166.289 171.054
39
171.054 175.538
40
175.538 178.650
41
178.650 183.160
42
183.160 189.499
43
189.499 192.985
44
192.985 196.466
45
196.466 200.372
46
200.372 203.340
47
203.340 207.850
48
207.850 212.360
49
212.360 213.247
50
213.247 219.838
51
219.838 223.030
52
223.030 228.409
53
228.409 230.330
54
230.330 234.337
55
234.337 239.964
56
239.964 246.000
57
246.000 249.634
58
249.634 251.870
59
251.870 258.647
60
258.647 260.170
61
260.170 262.862
62
262.862 268.338
63
268.338 270.780
64
270.780 272.100
65
272.100 275.017
66
275.017 279.739
67
279.739 282.388
68
282.388 287.360
69
287.360 292.667
70
292.667 297.383
71
297.383 302.884
72
302.884 307.656
73
307.656 312.614
74
312.614 316.545
75
316.545 321.854
76
321.854 326.635
77
326.635 330.272
78
330.272 334.705
79
334.705 339.508
80
339.508 344.287
81
344.287 350.060
82
350.060 355.919
83
355.919 360.808
84
360.808 364.060
85
364.060 371.634
86
371.634 376.981
87
376.981 383.050
88
383.050 387.672
89
387.672 395.030
90
395.030 399.959
91
399.959 403.812
92
403.812 405.980
93
405.980 410.230
94
410.230 415.440
95
415.440 419.298
96
419.298 422.560
97
422.560 427.344
98
427.344 432.590
99
432.590 435.125
100
435.125 436.945
101
436.945 441.564
102
441.564 445.430
103
445.430 449.080
104
449.080 453.980
105
453.980 458.994
106
458.994 463.680
107
463.680 470.660
108
470.660 476.250
109
476.250 479.273
110
479.273 483.866
111
483.866 487.410
112
487.410 492.290
113
492.290 495.600
114
495.600 500.396
115
500.396 502.700
116
502.700 507.192
117
507.192 511.843
118
511.843 515.050
119
515.050 517.787
120
517.787 518.360
121
518.360 522.674
122
522.674 527.932
123
527.932 532.383
124
532.383 537.450
125
537.450 543.867
126
543.867 548.865
127
548.865 553.276
128
553.276 557.472
129
557.472 559.990
130
559.990 563.750
131
563.750 568.267
132
568.267 572.128
133
572.128 576.464
134
576.464 581.334
135
581.334 586.300
136
586.300 590.787
137
590.787 593.470
138
593.470 597.739
139
597.739 602.352
140
602.352 605.980
141
605.980 610.224
142
610.224 616.418
143
616.418 622.980
144
622.980 627.210
145
627.210 629.280
146
629.280 630.430
147
630.430 635.950
