0
0.000 9.035
1
9.035 13.180
2
13.180 14.830
3
14.830 20.172
4
20.172 25.610
5
25.610 30.031
6
30.031 31.916
7
31.916 36.628
8
36.628 41.340
9
41.340 44.710
10
44.710 50.545
11
50.545 55.926
12
55.926 60.780
13
60.780 65.500
14
65.500 68.820
15
68.820 74.550
16
74.550 79.780
17
79.780 85.529
18
85.529 90.390
19
90.390 94.621
20
94.621 98.991
21
98.991 103.533
22
103.533 109.479
23
109.479 114.680
24
114.680 119.960
25
119.960 125.800
26
125.800 129.648
27
129.648 133.930
28
133.930 137.754
29
137.754 142.470
30
142.470 144.923
31
144.923 150.221
32
150.221 155.190
33
155.190 159.150
34
159.150 164.958
35
164.958 168.332
36
168.332 172.920
37
172.920 180.370
38
180.370 185.720
39
185.720 190.870
40
190.870 196.227
41
196.227 200.940
42
200.940 204.160
43
204.160 208.873
44
208.873 212.713
45
212.713 218.046
46
218.046 223.295
47
223.295 226.880
48
226.880 229.350
49
229.350 233.198
50
233.198 237.880
51
237.880 245.220
52
245.220 249.289
53
249.289 255.397
54
255.397 262.518
55
262.518 268.860
56
268.860 273.880
57
273.880 278.498
58
278.498 283.088
59
283.088 284.392
60
284.392 288.299
61
288.299 293.025
62
293.025 298.517
63
298.517 302.895
64
302.895 307.180
65
307.180 311.610
66
311.610 315.358
67
315.358 316.920
68
316.920 321.941
69
321.941 326.927
70
326.927 331.649
71
331.649 334.090
72
334.090 339.563
73
339.563 344.688
74
344.688 349.981
75
349.981 354.510
76
354.510 358.486
77
358.486 361.640
78
361.640 367.447
79
367.447 371.698
80
371.698 376.398
81
376.398 379.360
82
379.360 381.585
83
381.585 384.505
84
384.505 389.180
85
389.180 392.275
86
392.275 394.165
87
394.165 400.011
88
400.011 400.700
89
400.700 405.327
90
405.327 409.722
91
409.722 415.056
92
415.056 421.161
93
421.161 426.018
94
426.018 430.514
95
430.514 434.970
96
434.970 438.037
97
438.037 442.690
98
442.690 449.264
99
449.264 454.042
100
454.042 458.006
101
458.006 461.587
102
461.587 466.798
103
466.798 471.893
104
471.893 476.977
105
476.977 482.245
106
482.245 489.390
107
489.390 492.760
108
492.760 497.231
109
497.231 499.373
110
499.373 502.145
111
502.145 506.119
112
506.119 511.270
113
511.270 514.485
114
514.485 517.614
115
517.614 521.080
116
521.080 526.118
117
526.118 527.476
118
527.476 531.152
119
531.152 535.530
120
535.530 536.808
121
536.808 542.317
122
542.317 548.061
123
548.061 550.323
124
550.323 553.020
125
553.020 558.177
126
558.177 562.379
127
562.379 566.030
128
566.030 567.996
129
567.996 573.172
130
573.172 578.053
131
578.053 581.612
132
581.612 586.349
133
586.349 591.440
134
591.440 595.549
135
595.549 597.490
136
597.490 603.330
137
603.330 610.148
138
610.148 614.404
139
614.404 618.380
140
618.380 622.990
141
622.990 626.690
142
626.690 630.020
143
630.020 635.010
144
635.010 639.275
145
639.275 641.490
146
641.490 644.487
147
644.487 647.538
148
647.538 649.320
149
649.320 654.204
150
654.204 658.965
151
658.965 663.625
152
663.625 667.417
153
667.417 671.529
154
671.529 673.790
155
673.790 678.481
156
678.481 681.001
157
681.001 681.845
158
681.845 686.890
