0
0.000 8.055
1
8.055 12.323
2
12.323 16.917
3
16.917 20.551
4
20.551 25.669
5
25.669 30.652
6
30.652 35.535
7
35.535 40.150
8
40.150 46.403
9
46.403 50.702
10
50.702 55.045
11
55.045 57.740
12
57.740 60.809
13
60.809 64.380
14
64.380 69.034
15
69.034 72.592
16
72.592 76.478
17
76.478 80.389
18
80.389 85.218
19
85.218 89.170
20
89.170 94.048
21
94.048 97.215
22
97.215 101.775
23
101.775 106.753
24
106.753 109.850
25
109.850 113.590
26
113.590 117.280
27
117.280 122.596
28
122.596 127.950
29
127.950 132.440
30
132.440 137.880
31
137.880 142.010
32
142.010 147.440
33
147.440 151.415
34
151.415 156.213
35
156.213 162.720
36
162.720 166.969
37
166.969 169.580
38
169.580 174.121
39
174.121 177.288
40
177.288 182.190
41
182.190 186.980
42
186.980 191.260
43
191.260 196.070
44
196.070 200.460
45
200.460 206.560
46
206.560 211.223
47
211.223 217.040
48
217.040 221.875
49
221.875 226.710
50
226.710 229.674
51
229.674 234.271
52
234.271 238.190
53
238.190 239.716
54
239.716 246.720
55
246.720 252.240
56
252.240 259.367
57
259.367 266.084
58
266.084 269.860
59
269.860 272.217
60
272.217 276.337
61
276.337 281.180
62
281.180 285.750
63
285.750 290.526
64
290.526 295.934
65
295.934 301.389
66
301.389 308.020
67
308.020 311.881
68
311.881 316.960
69
316.960 322.210
70
322.210 327.769
71
327.769 332.580
72
332.580 337.211
73
337.211 342.481
74
342.481 347.605
75
347.605 352.121
76
352.121 355.620
77
355.620 363.708
78
363.708 365.140
79
365.140 370.150
