0
0.000 9.170
1
9.170 15.403
2
15.403 19.850
3
19.850 20.440
4
20.440 24.730
5
24.730 29.685
6
29.685 32.275
7
32.275 34.795
8
34.795 39.035
9
39.035 44.088
10
44.088 49.658
11
49.658 54.875
12
54.875 60.255
13
60.255 64.560
14
64.560 68.880
15
68.880 72.945
16
72.945 77.745
17
77.745 81.936
18
81.936 85.520
19
85.520 89.549
20
89.549 92.506
21
92.506 94.038
22
94.038 99.747
23
99.747 104.280
24
104.280 107.360
25
107.360 110.581
26
110.581 115.569
27
115.569 119.926
28
119.926 124.909
29
124.909 129.470
30
129.470 136.331
31
136.331 142.267
32
142.267 147.379
33
147.379 151.080
34
151.080 156.500
35
156.500 159.236
36
159.236 163.568
37
163.568 165.871
38
165.871 171.030
39
171.030 176.075
40
176.075 181.434
41
181.434 186.635
42
186.635 192.168
43
192.168 197.030
44
197.030 202.257
45
202.257 207.000
46
207.000 212.538
47
212.538 218.178
48
218.178 223.730
49
223.730 228.770
50
228.770 233.569
51
233.569 238.460
52
238.460 243.078
53
243.078 248.033
54
248.033 253.513
55
253.513 260.240
56
260.240 265.224
57
265.224 269.200
58
269.200 273.521
59
273.521 277.851
60
277.851 282.456
61
282.456 283.090
62
283.090 287.482
63
287.482 289.360
64
289.360 293.979
65
293.979 299.250
66
299.250 306.655
67
306.655 310.943
68
310.943 315.577
69
315.577 320.980
70
320.980 327.924
71
327.924 334.380
72
334.380 338.380
73
338.380 342.350
74
342.350 347.352
75
347.352 353.040
76
353.040 358.133
77
358.133 365.050
78
365.050 369.931
79
369.931 373.963
80
373.963 379.045
81
379.045 383.474
82
383.474 388.403
83
388.403 392.017
84
392.017 398.370
85
398.370 403.290
86
403.290 408.210
87
408.210 411.326
88
411.326 414.625
89
414.625 420.374
90
420.374 422.708
91
422.708 427.091
92
427.091 430.377
93
430.377 431.437
94
431.437 438.055
95
438.055 443.270
96
443.270 447.603
97
447.603 452.720
98
452.720 457.791
99
457.791 459.910
100
459.910 464.690
101
464.690 470.584
102
470.584 475.778
103
475.778 483.110
104
483.110 488.161
105
488.161 494.020
106
494.020 496.252
107
496.252 499.588
108
499.588 504.190
109
504.190 507.943
110
507.943 512.163
111
512.163 517.173
112
517.173 522.162
113
522.162 527.234
114
527.234 533.883
115
533.883 540.050
116
540.050 544.302
117
544.302 550.000
118
550.000 555.769
119
555.769 556.770
