0
0.000 8.694
1
8.694 13.190
2
13.190 20.715
3
20.715 28.240
4
28.240 32.496
5
32.496 34.167
6
34.167 39.267
7
39.267 44.760
8
44.760 47.755
9
47.755 51.548
10
51.548 56.320
11
56.320 59.477
12
59.477 63.220
13
63.220 68.552
14
68.552 74.354
15
74.354 79.243
16
79.243 83.835
17
83.835 88.801
18
88.801 94.014
19
94.014 99.640
20
99.640 103.845
21
103.845 109.710
22
109.710 115.262
23
115.262 119.278
24
119.278 122.700
25
122.700 127.085
26
127.085 131.470
27
131.470 135.505
28
135.505 139.470
29
139.470 142.738
30
142.738 147.610
31
147.610 153.770
32
153.770 159.025
33
159.025 164.176
34
164.176 169.374
35
169.374 174.544
36
174.544 178.847
37
178.847 183.050
38
183.050 187.747
39
187.747 191.368
40
191.368 197.022
41
197.022 202.652
42
202.652 208.150
43
208.150 212.560
44
212.560 217.639
45
217.639 223.341
46
223.341 227.925
47
227.925 232.192
48
232.192 237.047
49
237.047 241.128
50
241.128 242.290
51
242.290 248.170
52
248.170 253.118
53
253.118 256.557
54
256.557 262.022
55
262.022 267.400
56
267.400 272.567
57
272.567 274.269
58
274.269 279.254
59
279.254 283.543
60
283.543 288.214
61
288.214 292.991
62
292.991 298.130
63
298.130 302.514
64
302.514 307.906
65
307.906 312.786
66
312.786 318.546
67
318.546 324.096
68
324.096 327.680
69
327.680 331.030
70
331.030 333.984
71
333.984 338.443
72
338.443 343.255
73
343.255 347.765
74
347.765 352.751
75
352.751 357.608
76
357.608 362.742
77
362.742 367.662
78
367.662 372.475
79
372.475 377.102
80
377.102 382.242
81
382.242 387.465
82
387.465 393.379
83
393.379 396.550
84
396.550 401.600
85
401.600 407.489
86
407.489 411.442
87
411.442 416.908
88
416.908 420.490
89
420.490 425.910
90
425.910 431.680
91
431.680 436.055
92
436.055 440.729
93
440.729 446.106
94
446.106 449.645
95
449.645 454.215
96
454.215 459.072
97
459.072 464.013
98
464.013 467.351
99
467.351 469.260
100
469.260 475.060
