0
0.000 7.570
1
7.570 11.935
2
11.935 16.300
3
16.300 18.798
4
18.798 23.541
5
23.541 26.670
6
26.670 32.455
7
32.455 37.822
8
37.822 42.835
9
42.835 48.012
10
48.012 53.095
11
53.095 60.515
12
60.515 65.905
13
65.905 70.814
14
70.814 75.716
15
75.716 80.097
16
80.097 84.420
17
84.420 92.000
18
92.000 97.040
19
97.040 102.226
20
102.226 107.300
21
107.300 109.525
22
109.525 115.300
23
115.300 117.323
24
117.323 121.392
25
121.392 125.776
26
125.776 126.865
27
126.865 128.859
28
128.859 134.545
29
134.545 139.848
30
139.848 144.379
31
144.379 147.366
32
147.366 151.207
33
151.207 153.387
34
153.387 158.081
35
158.081 162.330
36
162.330 167.239
37
167.239 173.189
38
173.189 177.358
39
177.358 181.553
40
181.553 186.526
41
186.526 191.380
42
191.380 196.545
43
196.545 201.211
44
201.211 205.526
45
205.526 209.710
46
209.710 214.766
47
214.766 219.076
48
219.076 223.399
49
223.399 227.720
50
227.720 232.734
51
232.734 238.466
52
238.466 242.810
53
242.810 247.311
54
247.311 250.093
55
250.093 254.807
56
254.807 260.876
57
260.876 265.979
58
265.979 271.460
59
271.460 276.245
60
276.245 283.062
61
283.062 287.150
62
287.150 289.207
63
289.207 292.218
64
292.218 294.870
65
294.870 300.005
66
300.005 306.013
67
306.013 311.527
68
311.527 316.190
69
316.190 319.948
70
319.948 322.779
71
322.779 326.793
72
326.793 332.549
73
332.549 338.274
74
338.274 342.289
75
342.289 348.650
76
348.650 353.210
77
353.210 357.360
78
357.360 361.265
79
361.265 366.078
80
366.078 371.042
81
371.042 375.700
82
375.700 380.668
83
380.668 385.062
84
385.062 388.878
85
388.878 393.781
86
393.781 396.587
87
396.587 400.516
88
400.516 404.983
89
404.983 410.099
90
410.099 415.377
91
415.377 421.183
92
421.183 426.499
93
426.499 431.816
94
431.816 436.655
95
436.655 440.352
96
440.352 445.343
97
445.343 450.897
98
450.897 452.110
99
452.110 460.182
100
460.182 463.450
