0
0.000 8.193
1
8.193 13.690
2
13.690 15.759
3
15.759 21.116
4
21.116 27.074
5
27.074 30.972
6
30.972 33.700
7
33.700 39.250
8
39.250 44.440
9
44.440 49.194
10
49.194 53.310
11
53.310 57.400
12
57.400 62.126
13
62.126 65.477
14
65.477 70.820
15
70.820 74.812
16
74.812 79.765
17
79.765 83.862
18
83.862 88.723
19
88.723 93.430
20
93.430 98.090
21
98.090 103.250
22
103.250 106.992
23
106.992 112.609
24
112.609 116.352
25
116.352 121.812
26
121.812 127.780
27
127.780 133.545
28
133.545 137.482
29
137.482 142.550
30
142.550 147.920
31
147.920 153.338
32
153.338 157.735
33
157.735 161.927
34
161.927 167.524
35
167.524 172.755
36
172.755 177.140
37
177.140 182.459
38
182.459 188.000
39
188.000 192.970
40
192.970 194.138
41
194.138 197.380
42
197.380 202.530
43
202.530 208.326
44
208.326 213.716
45
213.716 218.829
46
218.829 222.407
47
222.407 226.510
48
226.510 230.910
49
230.910 232.891
50
232.891 235.310
51
235.310 238.838
52
238.838 243.880
53
243.880 251.780
54
251.780 256.666
55
256.666 261.320
56
261.320 265.510
57
265.510 268.551
58
268.551 271.220
59
271.220 275.550
60
275.550 277.050
61
277.050 279.880
62
279.880 285.420
63
285.420 291.415
64
291.415 297.410
65
297.410 302.880
66
302.880 310.490
67
310.490 314.240
68
314.240 319.155
69
319.155 324.356
70
324.356 329.570
71
329.570 335.119
72
335.119 340.247
73
340.247 344.750
74
344.750 347.188
75
347.188 352.296
76
352.296 353.694
77
353.694 357.643
78
357.643 359.841
79
359.841 364.610
80
364.610 369.015
81
369.015 371.080
82
371.080 376.403
83
376.403 381.520
84
381.520 387.032
85
387.032 392.014
86
392.014 396.794
87
396.794 401.310
88
401.310 404.907
89
404.907 410.678
90
410.678 414.990
91
414.990 421.079
92
421.079 426.988
93
426.988 430.830
94
430.830 435.225
95
435.225 440.220
96
440.220 443.350
97
443.350 446.837
98
446.837 452.148
99
452.148 455.515
100
455.515 459.305
101
459.305 462.750
102
462.750 466.925
103
466.925 471.993
104
471.993 473.750
105
473.750 478.250
106
478.250 483.384
107
483.384 489.648
108
489.648 492.711
109
492.711 497.850
110
497.850 502.983
111
502.983 507.822
112
507.822 512.719
113
512.719 517.347
114
517.347 522.385
115
522.385 527.761
116
527.761 534.034
117
534.034 538.488
118
538.488 540.132
119
540.132 543.200
120
543.200 548.672
121
548.672 553.411
122
553.411 558.570
123
558.570 562.400
124
562.400 567.440
125
567.440 572.315
126
572.315 576.060
127
576.060 581.763
128
581.763 583.650
129
583.650 585.743
130
585.743 591.080
131
591.080 592.472
132
592.472 593.429
133
593.429 597.186
134
597.186 600.490
135
600.490 608.120
136
608.120 610.185
137
610.185 612.333
138
612.333 617.490
139
617.490 624.820
140
624.820 627.979
141
627.979 632.731
142
632.731 637.640
143
637.640 640.981
144
640.981 646.153
145
646.153 651.330
146
651.330 655.929
147
655.929 660.309
148
660.309 664.494
149
664.494 668.921
150
668.921 672.200
151
672.200 676.540
152
676.540 680.670
153
680.670 684.860
154
684.860 689.330
155
689.330 692.124
156
692.124 695.994
157
695.994 698.790
158
698.790 702.456
159
702.456 706.945
160
706.945 711.889
161
711.889 716.400
162
716.400 720.998
163
720.998 726.120
164
726.120 730.980
165
730.980 735.090
166
735.090 737.359
167
737.359 743.166
168
743.166 747.845
169
747.845 753.078
170
753.078 758.740
171
758.740 764.394
172
764.394 767.116
173
767.116 769.640
174
769.640 777.250
175
777.250 780.387
176
780.387 785.670
177
785.670 790.820
178
790.820 795.039
179
795.039 798.330
180
798.330 802.167
181
802.167 807.100
182
807.100 812.160
183
812.160 814.814
184
814.814 819.709
185
819.709 821.314
186
821.314 825.917
187
825.917 827.559
188
827.559 832.289
189
832.289 836.843
190
836.843 841.092
191
841.092 845.528
192
845.528 848.909
193
848.909 850.575
194
850.575 855.811
195
855.811 857.535
196
857.535 862.540
197
862.540 867.730
198
867.730 870.780
199
870.780 876.770
200
876.770 881.621
201
881.621 886.270
202
886.270 889.876
203
889.876 894.897
204
894.897 900.755
205
900.755 906.344
206
906.344 911.960
207
911.960 917.242
208
917.242 921.472
209
921.472 925.760
210
925.760 927.768
211
927.768 929.975
212
929.975 933.297
213
933.297 936.620
