0
0.000 9.299
1
9.299 15.802
2
15.802 20.490
3
20.490 25.670
4
25.670 29.473
5
29.473 35.310
6
35.310 41.716
7
41.716 44.800
8
44.800 49.765
9
49.765 55.270
10
55.270 61.970
11
61.970 64.610
12
64.610 70.110
13
70.110 75.490
14
75.490 81.597
15
81.597 86.295
16
86.295 90.620
17
90.620 95.550
18
95.550 99.396
19
99.396 104.128
20
104.128 109.710
21
109.710 113.960
22
113.960 122.415
23
122.415 127.084
24
127.084 131.802
25
131.802 137.787
26
137.787 146.314
27
146.314 150.649
28
150.649 153.580
29
153.580 159.280
30
159.280 163.579
31
163.579 165.445
32
165.445 171.613
33
171.613 175.357
34
175.357 180.420
35
180.420 186.302
36
186.302 191.566
37
191.566 196.861
38
196.861 199.663
39
199.663 205.450
40
205.450 209.560
41
209.560 216.084
42
216.084 219.821
43
219.821 222.930
44
222.930 228.360
45
228.360 235.160
46
235.160 241.000
47
241.000 245.140
48
245.140 249.137
49
249.137 253.110
50
253.110 256.521
51
256.521 260.028
52
260.028 263.260
53
263.260 270.554
54
270.554 275.878
55
275.878 281.020
56
281.020 285.600
57
285.600 290.190
58
290.190 294.100
59
294.100 299.890
60
299.890 306.426
61
306.426 310.200
62
310.200 316.110
63
316.110 323.289
64
323.289 328.962
65
328.962 333.780
66
333.780 337.760
67
339.732 344.247
68
344.247 348.459
69
348.459 352.423
70
352.423 361.115
71
361.115 366.420
72
366.420 371.650
73
371.650 376.620
74
376.620 380.870
75
380.870 381.844
76
381.844 387.975
77
387.975 395.387
78
395.387 400.566
79
400.566 406.133
80
406.133 413.320
81
413.320 419.435
82
419.435 424.573
83
424.573 428.517
84
428.517 430.630
85
430.630 438.404
86
438.404 442.050
87
442.050 448.552
88
448.552 453.298
89
453.298 456.442
90
456.442 462.590
91
462.590 466.890
92
466.890 470.126
93
470.126 477.077
94
477.077 481.770
95
481.770 488.519
96
488.519 494.432
97
494.432 500.970
98
500.970 504.085
99
504.085 509.380
100
509.380 511.457
101
511.457 517.510
102
517.510 523.172
103
523.172 526.180
104
526.180 531.532
105
531.532 536.315
106
536.315 540.844
107
540.844 544.411
108
544.411 549.783
109
549.783 553.774
110
553.774 557.840
111
557.840 562.806
112
562.806 569.985
113
569.985 575.204
114
575.204 581.308
115
581.308 587.728
116
587.728 592.554
117
592.554 598.594
118
598.594 603.310
119
603.310 608.167
120
608.167 610.599
121
610.599 615.770
122
615.770 621.140
123
621.140 627.060
124
627.060 630.330
125
630.330 634.230
126
634.230 636.042
127
636.042 641.016
128
641.016 645.069
129
645.069 653.235
130
653.235 660.687
131
660.687 667.177
132
667.177 670.365
133
670.365 672.460
134
672.460 678.844
135
678.844 684.500
136
684.500 688.650
137
688.650 691.070
138
691.070 695.430
139
695.430 701.100
140
701.100 704.460
141
704.460 705.555
142
705.555 709.470
143
709.470 712.970
144
712.970 716.210
145
716.210 721.717
146
721.717 725.560
147
725.560 726.572
148
726.572 731.780
149
731.780 736.670
150
736.670 741.520
151
741.520 746.580
152
746.580 751.400
153
751.400 756.570
154
756.570 762.120
155
762.120 765.392
156
765.392 767.360
157
767.360 772.530
158
772.530 775.967
159
775.967 780.730
160
780.730 787.330
161
787.330 793.460
162
793.460 794.538
163
794.538 799.363
164
799.363 804.085
165
804.085 810.410
166
810.410 815.655
167
815.655 820.883
168
820.883 826.521
169
826.521 831.679
170
831.679 834.800
171
834.800 840.324
172
840.324 848.670
173
848.670 849.223
174
849.223 851.006
175
851.006 852.975
176
852.975 857.280
