0
0.000 8.077
1
8.077 15.570
2
15.570 20.925
3
20.925 22.103
4
22.103 27.199
5
27.199 33.189
6
33.189 38.348
7
38.348 43.336
8
43.336 48.098
9
48.098 52.927
10
52.927 57.183
11
57.183 61.219
12
61.219 66.770
13
66.770 72.556
14
72.556 77.691
15
77.691 82.212
16
82.212 87.152
17
87.152 90.731
18
90.731 95.590
19
95.590 101.396
20
101.396 106.889
21
106.889 110.452
22
110.452 116.075
23
116.075 121.270
24
121.270 127.170
25
127.170 132.724
26
132.724 137.610
27
137.610 141.754
28
141.754 146.722
29
146.722 150.728
30
150.728 155.724
31
155.724 160.815
32
160.815 166.140
33
166.140 169.104
34
169.104 175.000
35
175.000 179.516
36
179.516 182.470
37
182.470 187.178
38
187.178 191.613
39
191.613 197.119
40
197.119 201.852
41
201.852 206.835
42
206.835 212.008
43
212.008 213.563
44
213.563 219.369
45
219.369 225.023
46
225.023 229.800
47
229.800 234.833
48
234.833 238.080
49
238.080 240.009
50
240.009 245.780
51
245.780 249.934
52
249.934 253.976
53
253.976 259.530
54
259.530 263.344
55
263.344 267.838
56
267.838 270.801
57
270.801 274.440
58
274.440 279.420
59
279.420 282.870
60
282.870 286.719
61
286.719 291.238
62
291.238 296.689
63
296.689 302.281
64
302.281 307.240
65
307.240 312.235
66
312.235 316.008
67
316.008 320.296
68
320.296 324.837
69
324.837 329.244
70
329.244 334.744
71
334.744 339.884
72
339.884 345.039
73
345.039 350.319
74
350.319 355.433
75
355.433 360.470
76
360.470 364.132
77
364.132 369.848
78
369.848 375.320
79
375.320 379.794
80
379.794 384.656
81
384.656 389.625
82
389.625 391.358
83
391.358 395.190
84
395.190 399.897
85
399.897 404.864
86
404.864 409.133
87
409.133 414.482
88
414.482 419.723
89
419.723 424.279
90
424.279 429.763
91
429.763 435.160
92
435.160 440.167
93
440.167 444.936
94
444.936 449.844
95
449.844 453.266
96
453.266 457.604
97
457.604 462.939
98
462.939 468.610
99
468.610 473.245
100
473.245 477.070
101
477.070 481.750
102
481.750 486.630
103
486.630 491.557
104
491.557 495.989
105
495.989 497.266
106
497.266 501.245
107
501.245 508.035
108
508.035 511.423
109
511.423 516.043
110
516.043 519.626
111
519.626 524.791
112
524.791 530.066
113
530.066 534.027
114
534.027 538.218
115
538.218 540.003
116
540.003 542.236
117
542.236 547.618
118
547.618 553.539
119
553.539 559.980
120
559.980 561.860
121
561.860 563.995
122
563.995 568.010
