0
0.000 8.804
1
8.804 15.100
2
15.100 21.406
3
21.406 26.142
4
26.142 30.455
5
30.455 35.425
6
35.425 41.237
7
41.237 46.215
8
46.215 52.240
9
52.240 53.134
10
53.134 58.250
11
58.250 63.010
12
63.010 65.435
13
65.435 67.770
14
67.770 73.460
15
73.460 74.660
16
74.660 77.920
17
77.920 82.380
18
82.380 86.810
19
86.810 94.580
20
94.580 100.180
21
100.180 105.871
22
105.871 111.540
23
111.540 118.744
24
118.744 125.716
25
125.716 130.490
26
130.490 139.590
27
139.590 144.427
28
144.427 149.138
29
149.138 154.477
30
154.477 160.822
31
160.822 165.090
32
165.090 171.815
33
171.815 175.710
34
175.710 180.840
35
180.840 181.622
36
181.622 184.530
37
184.530 190.680
38
190.680 195.700
39
195.700 198.385
40
198.385 203.882
41
203.882 208.005
42
208.005 213.840
43
213.840 222.440
44
222.440 223.197
45
223.197 229.810
46
229.810 236.660
47
236.660 243.239
48
243.239 247.110
49
247.110 252.840
50
252.840 259.122
51
259.122 264.760
52
264.760 270.221
53
270.221 275.892
54
275.892 276.890
55
276.890 278.462
56
278.462 280.035
57
280.035 283.510
58
283.510 289.575
59
289.575 293.790
60
293.790 301.493
61
301.493 306.776
62
306.776 307.442
63
307.442 312.410
64
312.410 317.809
65
317.809 322.830
66
322.830 328.545
67
328.545 334.620
68
334.620 335.833
69
335.833 341.905
70
341.905 347.110
71
347.110 349.621
72
349.621 354.716
73
354.716 357.443
74
357.443 361.190
75
361.190 362.860
76
362.860 365.785
77
365.785 370.380
78
370.380 373.950
79
373.950 374.779
80
374.779 378.100
81
378.100 382.949
82
382.949 388.500
83
388.500 391.025
84
391.025 393.170
85
393.170 397.300
86
397.300 403.090
87
403.090 405.534
88
405.534 411.668
89
411.668 416.410
90
416.410 420.855
91
420.855 422.915
92
422.915 428.351
93
428.351 432.222
94
432.222 435.760
95
435.760 439.900
96
439.900 444.730
97
444.730 445.689
98
445.689 449.640
99
449.640 454.200
100
454.200 459.860
101
459.860 464.595
102
464.595 469.330
103
469.330 470.545
104
470.545 473.710
105
473.710 477.237
106
477.237 478.390
107
478.390 483.070
