0
0.000 8.180
1
8.180 13.065
2
13.065 18.343
3
18.343 23.464
4
23.464 29.181
5
29.181 34.967
6
34.967 37.697
7
37.697 41.043
8
41.043 45.748
9
45.748 50.794
10
50.794 57.913
11
57.913 63.091
12
63.091 68.240
13
68.240 69.590
14
69.590 74.750
15
74.750 80.270
16
80.270 84.004
17
84.004 88.864
18
88.864 93.720
19
93.720 96.105
20
96.105 101.154
21
101.154 107.035
22
107.035 112.220
23
112.220 116.900
24
116.900 121.864
25
121.864 127.163
26
127.163 132.281
27
132.281 136.459
28
136.459 141.157
29
141.157 146.078
30
146.078 151.487
31
151.487 156.936
32
156.936 160.077
33
160.077 163.590
34
163.590 166.245
35
166.245 171.653
36
171.653 176.724
37
176.724 181.282
38
181.282 186.663
39
186.663 191.641
40
191.641 196.574
41
196.574 200.885
42
200.885 206.810
43
206.810 209.430
44
209.430 214.485
45
214.485 219.540
46
219.540 224.767
47
224.767 228.663
48
228.663 232.392
49
232.392 237.700
50
237.700 241.130
51
241.130 245.631
52
245.631 250.475
53
250.475 256.118
54
256.118 262.228
55
262.228 267.529
56
267.529 272.243
57
272.243 278.101
58
278.101 282.282
59
282.282 287.069
60
287.069 291.730
61
291.730 296.977
62
296.977 302.261
63
302.261 306.321
64
306.321 311.430
65
311.430 316.920
66
316.920 319.841
67
319.841 324.281
68
324.281 329.309
69
329.309 333.881
70
333.881 337.964
71
337.964 342.120
72
342.120 343.669
73
343.669 348.252
74
348.252 353.180
75
353.180 357.554
76
357.554 362.203
77
362.203 366.858
78
366.858 371.434
79
371.434 377.538
80
377.538 383.419
81
383.419 385.787
82
385.787 390.682
83
390.682 397.182
84
397.182 400.985
85
400.985 406.504
86
406.504 411.205
87
411.205 416.085
88
416.085 420.538
89
420.538 422.660
90
422.660 427.629
91
427.629 433.128
92
433.128 434.363
93
434.363 438.653
94
438.653 444.327
95
444.327 449.094
96
449.094 453.135
97
453.135 458.005
98
458.005 462.532
99
462.532 466.841
100
466.841 471.418
101
471.418 474.630
102
474.630 479.040
103
479.040 483.340
104
483.340 488.702
105
488.702 494.075
106
494.075 499.228
107
499.228 503.297
108
503.297 507.749
109
507.749 512.333
110
512.333 517.668
111
517.668 523.957
112
523.957 529.619
113
529.619 534.069
114
534.069 538.760
115
538.760 544.760
