0
0.000 7.861
1
7.861 10.071
2
10.071 14.500
3
14.500 18.298
4
18.298 21.470
5
21.470 27.030
6
27.030 31.381
7
31.381 32.590
8
32.590 36.020
9
36.020 39.770
10
39.770 45.900
11
45.900 51.040
12
51.040 55.770
13
55.770 56.870
14
56.870 60.825
15
60.825 65.668
16
65.668 71.183
17
71.183 77.470
18
77.470 82.761
19
82.761 86.288
20
86.288 88.976
21
88.976 92.824
22
92.824 97.597
23
97.597 101.384
24
101.384 101.969
25
101.969 105.965
26
105.965 111.199
27
111.199 116.457
28
116.457 120.470
29
120.470 125.310
30
125.310 130.004
31
130.004 135.074
32
135.074 137.402
33
137.402 141.985
34
141.985 145.048
35
145.048 148.720
36
148.720 149.344
37
149.344 153.480
38
153.480 157.763
39
157.763 160.234
40
160.234 164.441
41
164.441 165.137
42
165.137 170.657
43
170.657 173.510
44
173.510 180.610
45
180.610 183.500
46
183.500 185.610
47
185.610 189.354
48
189.354 193.610
49
193.610 197.855
50
197.855 200.305
51
200.305 205.410
52
205.410 210.634
53
210.634 215.425
54
215.425 217.765
55
217.765 222.696
56
222.696 227.840
57
227.840 232.880
58
232.880 237.585
59
237.585 239.855
60
239.855 242.290
61
242.290 246.796
62
246.796 251.775
63
251.775 256.570
64
256.570 261.677
65
261.677 266.040
66
266.040 270.551
67
270.551 274.466
68
274.466 278.743
69
278.743 279.386
70
279.386 282.400
71
282.400 288.180
