0
0.000 9.957
1
9.957 15.640
2
15.640 20.464
3
20.464 21.469
4
21.469 22.400
5
22.400 26.910
6
26.910 29.686
7
29.686 32.791
8
32.791 36.082
9
36.082 40.000
10
40.000 43.312
11
43.312 45.832
12
45.832 48.978
13
48.978 52.115
14
52.115 57.110
15
57.110 63.521
16
63.521 67.397
17
67.397 74.690
18
74.690 78.317
19
78.317 83.592
20
83.592 88.710
21
88.710 93.320
22
93.320 98.450
23
98.450 102.708
24
102.708 107.423
25
107.423 111.740
26
111.740 117.121
27
117.121 122.430
28
122.430 127.986
29
127.986 130.880
30
130.880 132.182
31
132.182 135.630
32
135.630 138.647
33
138.647 143.383
34
143.383 146.880
35
146.880 148.994
36
148.994 152.360
37
152.360 157.523
38
157.523 163.760
39
163.760 166.846
40
166.846 171.563
41
171.563 176.712
42
176.712 180.300
43
180.300 184.712
44
184.712 190.060
45
190.060 195.040
46
195.040 198.769
47
198.769 204.632
48
204.632 205.438
49
205.438 209.551
50
209.551 213.605
51
213.605 215.998
52
215.998 219.710
53
219.710 224.890
54
224.890 231.763
55
231.763 236.936
56
236.936 239.755
57
239.755 243.980
58
243.980 245.947
59
245.947 250.880
60
250.880 256.228
61
256.228 262.487
62
262.487 267.336
63
267.336 272.174
64
272.174 277.046
65
277.046 281.913
66
281.913 286.698
67
286.698 291.380
68
291.380 296.856
69
296.856 300.012
70
300.012 300.860
71
300.860 306.152
72
306.152 310.168
73
310.168 313.790
74
313.790 317.009
75
317.009 321.993
76
321.993 327.172
77
327.172 331.185
78
331.185 334.120
79
334.120 338.682
80
338.682 343.552
81
343.552 346.857
82
346.857 351.525
83
351.525 352.175
84
352.175 357.400
85
357.400 362.330
86
362.330 366.999
87
366.999 372.320
88
372.320 377.216
89
377.216 382.295
90
382.295 387.359
91
387.359 390.706
92
390.706 393.819
93
393.819 396.000
94
396.000 398.120
95
398.120 403.164
96
403.164 408.036
97
408.036 413.083
98
413.083 418.350
99
418.350 423.600
100
423.600 428.517
101
428.517 429.780
102
429.780 435.750
