0
0.000 9.969
1
9.969 14.356
2
14.356 18.407
3
18.407 21.197
4
21.197 21.863
5
21.863 26.745
6
26.745 31.105
7
31.105 36.033
8
36.033 42.640
9
42.640 43.830
10
43.830 50.040
11
50.040 50.764
12
50.764 56.060
13
56.060 60.195
14
60.195 64.330
15
64.330 64.942
16
64.942 72.060
17
72.060 73.709
18
73.709 79.570
19
79.570 85.070
20
85.070 85.648
21
85.648 90.120
22
90.120 91.584
23
91.584 97.030
24
97.030 101.756
25
101.756 103.082
26
103.082 109.438
27
109.438 114.670
28
114.670 119.671
29
119.671 124.080
30
124.080 124.890
31
124.890 128.600
32
128.600 129.167
33
129.167 133.710
34
133.710 134.390
35
134.390 139.160
36
139.160 144.600
37
144.600 148.900
38
148.900 154.413
39
154.413 160.227
40
160.227 165.180
41
165.180 169.620
42
169.620 175.910
43
175.910 179.300
44
179.300 183.460
45
183.460 193.170
46
193.170 194.725
47
194.725 200.057
48
200.057 205.205
49
205.205 210.203
50
210.203 215.310
51
215.310 215.920
52
215.920 219.684
53
219.684 225.060
54
225.060 228.860
55
228.860 229.851
56
229.851 234.100
57
234.100 237.550
58
237.550 241.310
59
241.310 248.550
60
248.550 251.418
61
251.418 253.120
62
253.120 260.258
63
260.258 266.010
64
266.010 267.055
65
267.055 268.621
66
268.621 273.026
67
273.026 277.610
68
277.610 283.969
69
283.969 290.280
70
290.280 294.845
71
294.845 301.025
72
301.025 305.025
73
305.025 305.616
74
305.616 311.664
75
311.664 312.432
76
312.432 315.890
77
315.890 318.527
78
318.527 322.031
79
322.031 324.900
80
324.900 325.618
81
325.618 327.157
82
327.157 328.182
83
328.182 330.232
84
330.232 333.097
85
333.097 338.050
86
338.050 341.099
87
341.099 345.576
88
345.576 348.980
89
348.980 349.571
90
349.571 353.610
91
353.610 354.498
92
354.498 357.755
93
357.755 363.725
94
363.725 364.502
95
364.502 370.980
96
370.980 374.311
97
374.311 376.506
98
376.506 383.206
99
383.206 388.848
100
388.848 390.860
101
390.860 391.400
102
391.400 392.840
103
392.840 394.730
104
394.730 399.529
105
399.529 406.368
106
406.368 411.211
107
411.211 416.230
108
416.230 421.850
109
421.850 426.843
110
426.843 427.524
111
427.524 432.940
112
432.940 437.802
113
437.802 442.350
114
442.350 447.075
115
447.075 451.687
116
451.687 453.530
117
453.530 454.046
118
454.046 459.808
119
459.808 464.946
120
464.946 470.430
121
470.430 475.739
122
475.739 476.487
123
476.487 478.600
124
478.600 481.498
125
481.498 483.750
126
483.750 489.730
