0
0.000 8.727
1
8.727 16.310
2
16.310 20.670
3
20.670 21.462
4
21.462 26.122
5
26.122 30.693
6
30.693 31.795
7
31.795 36.150
8
36.150 42.410
9
42.410 46.778
10
46.778 51.955
11
51.955 59.390
12
59.390 65.675
13
65.675 71.540
14
71.540 76.490
15
76.490 83.028
16
83.028 86.240
17
86.240 90.290
18
90.290 94.840
19
94.840 98.656
20
98.656 106.890
21
106.890 112.744
22
112.744 117.532
23
117.532 122.590
24
122.590 126.670
25
126.670 131.603
26
131.603 135.955
27
135.955 141.160
28
141.160 147.639
29
147.639 152.450
30
152.450 156.460
31
156.460 163.332
32
163.332 167.074
33
167.074 170.370
34
170.370 174.885
35
174.885 179.448
36
179.448 187.350
37
187.350 192.202
38
192.202 196.260
39
196.260 201.685
40
201.685 206.950
41
206.950 210.267
42
210.267 215.360
43
215.360 218.509
44
218.509 222.620
45
222.620 227.400
46
227.400 230.550
47
230.550 233.421
48
233.421 237.390
49
237.390 242.330
50
242.330 247.751
51
247.751 252.519
52
252.519 259.640
53
259.640 262.540
54
262.540 264.980
55
264.980 269.898
56
269.898 274.996
57
274.996 280.700
58
280.700 287.743
59
287.743 294.404
60
294.404 295.170
61
295.170 299.162
62
299.162 305.550
63
305.550 308.311
64
308.311 312.550
65
312.550 316.580
66
316.580 321.903
67
321.903 326.680
68
326.680 332.911
69
332.911 338.998
70
338.998 344.467
71
344.467 348.490
72
348.490 350.781
73
350.781 354.350
74
354.350 357.660
75
357.660 362.000
76
362.000 365.550
77
365.550 369.498
78
369.498 372.400
79
372.400 377.258
80
377.258 380.332
81
380.332 388.205
82
388.205 388.970
83
388.970 394.840
84
394.840 396.403
85
396.403 399.980
86
399.980 402.029
87
402.029 405.260
88
405.260 410.820
89
410.820 411.465
90
411.465 416.820
91
416.820 421.750
92
421.750 425.650
93
425.650 433.750
94
433.750 440.000
95
440.000 442.371
96
442.371 442.912
97
442.912 444.620
98
444.620 448.610
99
448.610 454.087
100
454.087 459.272
101
459.272 464.990
102
464.990 472.890
103
472.890 478.509
104
478.509 482.420
105
482.420 486.360
106
486.360 487.334
107
487.334 492.985
108
492.985 498.116
109
498.116 503.305
110
503.305 507.412
111
507.412 513.508
112
513.508 520.150
113
520.150 525.070
