0
0.000 7.783
1
7.783 11.967
2
11.967 16.440
3
16.440 19.875
4
19.875 24.554
5
24.554 33.000
6
33.000 37.634
7
37.634 44.190
8
44.190 51.082
9
51.082 58.439
10
58.439 64.745
11
64.745 69.870
12
69.870 75.560
13
75.560 81.360
14
81.360 86.240
15
86.240 90.886
16
90.886 94.189
17
94.189 98.640
18
98.640 102.780
19
102.780 107.595
20
107.595 110.544
21
110.544 112.190
22
112.190 117.910
23
117.910 122.902
24
122.902 126.530
25
126.530 130.150
26
130.150 135.132
27
135.132 139.800
28
139.800 143.290
29
143.290 150.580
30
150.580 153.757
31
153.757 159.025
32
159.025 162.680
33
162.680 163.561
34
163.561 166.908
35
166.908 171.210
36
171.210 176.920
37
176.920 181.820
38
181.820 186.802
39
186.802 191.510
40
191.510 195.880
41
195.880 199.662
42
199.662 204.190
43
204.190 208.884
44
208.884 215.454
45
215.454 220.602
46
220.602 226.631
47
226.631 230.480
48
230.480 233.115
49
233.115 238.282
50
238.282 243.108
51
243.108 247.046
52
247.046 253.021
53
253.021 257.248
54
257.248 261.060
55
261.060 265.908
56
265.908 270.952
57
270.952 276.970
58
276.970 280.830
59
280.830 286.250
60
286.250 292.162
61
292.162 295.424
62
295.424 300.022
63
300.022 303.670
64
303.670 309.110
65
309.110 317.178
66
317.178 323.185
67
323.185 327.820
68
327.820 329.224
69
329.224 332.740
70
332.740 337.558
71
337.558 341.338
72
341.338 347.617
73
347.617 351.521
74
351.521 356.540
75
356.540 360.830
76
360.830 367.655
77
367.655 371.694
78
371.694 376.335
79
376.335 381.110
80
381.110 388.207
81
388.207 392.080
82
392.080 401.680
83
401.680 408.994
84
408.994 414.780
85
414.780 420.453
86
420.453 424.730
87
424.730 429.345
88
429.345 433.521
89
433.521 438.570
90
438.570 443.830
91
443.830 449.972
92
449.972 455.219
93
455.219 459.688
94
459.688 464.710
95
464.710 469.620
96
469.620 473.280
97
473.280 478.170
98
478.170 483.078
99
483.078 488.050
100
488.050 494.530
101
494.530 497.592
102
497.592 502.650
103
502.650 508.780
104
508.780 516.165
105
516.165 518.108
106
518.108 523.550
107
523.550 526.710
108
526.710 531.927
109
531.927 537.330
110
537.330 540.790
111
540.790 547.140
112
547.140 552.210
113
552.210 556.525
114
556.525 560.840
115
560.840 565.488
116
565.488 568.014
117
568.014 572.844
118
572.844 576.185
119
576.185 582.279
120
582.279 585.144
121
585.144 591.166
122
591.166 596.630
123
596.630 601.482
124
601.482 605.606
125
605.606 611.570
126
611.570 616.580
127
616.580 621.279
128
621.279 626.284
129
626.284 632.482
130
632.482 638.753
131
638.753 644.216
132
644.216 649.427
133
649.427 656.481
134
656.481 660.390
135
660.390 666.177
136
666.177 671.000
137
671.000 674.320
138
674.320 679.484
139
679.484 684.291
140
684.291 689.100
141
689.100 694.890
142
694.890 700.420
143
700.420 704.640
144
704.640 709.050
145
709.050 713.264
146
713.264 717.610
147
717.610 722.590
148
722.590 726.600
149
726.600 727.668
150
727.668 732.330
151
732.330 735.920
152
735.920 739.008
153
739.008 743.762
154
743.762 748.725
155
748.725 752.730
156
752.730 755.195
157
755.195 756.119
158
756.119 760.237
159
760.237 765.280
