0
0.000 9.633
1
9.633 15.250
2
15.250 20.365
3
20.365 25.480
4
25.480 30.989
5
30.989 37.838
6
37.838 43.160
7
43.160 49.630
8
49.630 55.216
9
55.216 61.013
10
61.013 65.762
11
65.762 70.447
12
70.447 73.075
13
73.075 78.391
14
78.391 84.730
15
84.730 91.282
16
91.282 96.335
17
96.335 101.852
18
101.852 110.390
19
110.390 115.440
20
115.440 121.185
21
121.185 125.380
22
125.380 126.293
23
126.293 132.240
24
132.240 135.472
25
135.472 139.366
26
139.366 147.519
27
147.519 151.902
28
151.902 157.315
29
157.315 159.229
30
159.229 164.424
31
164.424 170.285
32
170.285 175.300
33
175.300 180.386
34
180.386 185.246
35
185.246 189.570
36
189.570 194.208
37
194.208 198.980
38
198.980 205.228
39
205.228 210.260
40
210.260 215.509
41
215.509 220.031
42
220.031 224.940
43
224.940 230.446
44
230.446 236.310
45
236.310 242.350
46
242.350 247.310
47
247.310 252.632
48
252.632 257.750
49
257.750 262.030
50
262.030 265.710
51
265.710 271.408
52
271.408 280.290
53
280.290 283.175
54
283.175 290.020
55
290.020 294.590
56
294.590 296.770
57
296.770 303.780
58
303.780 308.340
59
308.340 313.398
60
313.398 318.412
61
318.412 323.309
62
323.309 328.034
63
328.034 332.491
64
332.491 338.199
65
338.199 343.040
66
343.040 348.635
67
348.635 353.992
68
353.992 358.292
69
358.292 361.918
70
361.918 367.357
71
367.357 374.800
72
374.800 375.501
73
375.501 378.107
74
378.107 383.201
75
383.201 387.729
76
387.729 390.897
77
390.897 394.006
78
394.006 399.723
79
399.723 404.732
80
404.732 409.760
81
409.760 415.848
82
415.848 422.435
83
422.435 426.631
84
426.631 432.331
85
432.331 437.855
86
437.855 443.443
87
443.443 448.307
88
448.307 452.552
89
452.552 457.770
90
457.770 462.255
91
462.255 466.532
92
466.532 471.351
93
471.351 476.507
94
476.507 482.295
95
482.295 487.189
96
487.189 493.611
97
493.611 498.635
98
498.635 502.023
99
502.023 504.222
100
504.222 509.646
101
509.646 513.685
102
513.685 519.114
103
519.114 524.360
104
524.360 528.900
105
528.900 534.006
106
534.006 538.420
107
538.420 541.337
108
541.337 545.709
109
545.709 550.928
110
550.928 556.848
111
556.848 561.334
112
561.334 566.826
113
566.826 572.333
114
572.333 576.552
115
576.552 581.776
116
581.776 586.120
117
586.120 588.964
118
588.964 592.530
119
592.530 595.039
120
595.039 599.784
121
599.784 604.825
122
604.825 609.038
123
609.038 613.623
124
613.623 618.894
125
618.894 624.120
126
624.120 631.966
127
631.966 635.790
128
635.790 636.807
129
636.807 639.010
130
639.010 639.766
131
639.766 644.750
132
644.750 648.740
133
648.740 652.570
134
652.570 656.800
135
656.800 665.040
136
665.040 668.349
137
668.349 669.936
138
669.936 674.997
139
674.997 679.190
140
679.190 684.115
141
684.115 689.770
142
689.770 695.970
143
695.970 701.640
144
701.640 707.370
145
707.370 713.080
146
713.080 721.460
147
721.460 727.566
148
727.566 733.070
149
733.070 739.330
150
739.330 743.000
151
743.000 748.250
152
748.250 749.179
153
749.179 753.170
154
753.170 758.003
155
758.003 760.558
156
760.558 762.091
157
762.091 766.336
158
766.336 771.420
159
771.420 776.550
160
776.550 781.594
161
781.594 784.490
162
785.662 789.770
163
789.770 794.649
164
794.649 798.190
165
798.190 802.719
166
802.719 803.810
167
803.810 808.824
168
808.824 814.070
169
814.070 814.757
170
814.757 819.770
171
819.770 825.102
172
825.102 827.630
173
827.630 831.480
174
831.480 835.607
175
835.607 841.300
176
841.300 846.390
177
846.390 849.583
178
849.583 851.875
179
851.875 857.360
180
857.360 863.110
181
863.110 867.942
182
867.942 871.048
183
871.048 874.160
184
874.160 878.922
185
878.922 883.156
186
883.156 887.215
187
887.215 892.960
188
892.960 898.326
189
898.326 902.665
190
902.665 908.260
191
908.260 915.749
192
915.749 920.854
193
920.854 926.750
