0
0.000 9.619
1
9.619 16.510
2
16.510 21.412
3
21.412 25.000
4
25.000 29.663
5
29.663 34.139
6
34.139 37.675
7
37.675 41.275
8
41.275 45.070
9
45.070 46.891
10
46.891 51.670
11
51.670 58.160
12
58.160 62.450
13
62.450 66.391
14
66.391 72.357
15
72.357 78.786
16
78.786 84.445
17
84.445 89.283
18
89.283 93.924
19
93.924 97.300
20
97.300 101.691
21
101.691 106.477
22
106.477 112.584
23
112.584 117.122
24
117.122 122.260
25
122.260 127.026
26
127.026 131.612
27
131.612 135.400
28
135.400 136.900
29
136.900 142.113
30
142.113 147.828
31
147.828 152.518
32
152.518 159.271
33
159.271 164.978
34
164.978 169.133
35
169.133 173.844
36
173.844 176.922
37
176.922 180.859
38
180.859 185.758
39
185.758 191.786
40
191.786 194.805
41
194.805 199.693
42
199.693 202.500
43
202.500 206.391
44
206.391 209.775
45
209.775 215.335
46
215.335 220.214
47
220.214 222.658
48
222.658 224.914
49
224.914 230.707
50
230.707 235.701
51
235.701 240.984
52
240.984 245.786
53
245.786 249.506
54
249.506 254.755
55
254.755 259.903
56
259.903 263.590
57
263.590 268.549
58
268.549 272.291
59
272.291 277.226
60
277.226 282.098
61
282.098 287.104
62
287.104 291.859
63
291.859 296.198
64
296.198 300.780
65
300.780 301.579
66
301.579 306.152
67
306.152 311.207
68
311.207 316.211
69
316.211 321.115
70
321.115 326.121
71
326.121 330.744
72
330.744 335.226
73
335.226 340.053
74
340.053 345.846
75
345.846 350.540
76
350.540 355.675
77
355.675 360.503
78
360.503 364.402
79
364.402 369.367
80
369.367 374.110
81
374.110 379.200
82
379.200 384.009
83
384.009 388.844
84
388.844 392.700
85
392.700 396.600
86
396.600 399.803
87
399.803 403.695
88
403.695 408.162
89
408.162 412.973
90
412.973 417.200
91
417.200 421.940
92
421.940 427.029
93
427.029 432.799
94
432.799 438.118
95
438.118 443.160
96
443.160 447.975
97
447.975 452.790
