0
0.000 5.903
1
5.903 12.795
2
12.795 17.540
3
17.540 22.261
4
22.261 27.178
5
27.178 31.620
6
31.620 37.222
7
37.222 44.856
8
44.856 50.733
9
50.733 55.881
10
55.881 60.910
11
60.910 66.214
12
66.214 70.932
13
70.932 74.430
14
74.430 79.121
15
79.121 83.580
16
83.580 88.208
17
88.208 92.588
18
92.588 97.570
19
97.570 102.883
20
102.883 109.386
21
109.386 115.348
22
115.348 120.524
23
120.524 125.550
24
125.550 129.099
25
129.099 133.090
26
133.090 139.170
27
139.170 145.122
28
145.122 149.853
29
149.853 155.330
30
155.330 159.747
31
159.747 163.960
32
163.960 168.731
33
168.731 173.060
34
173.060 179.560
35
179.560 184.794
36
184.794 190.250
37
190.250 195.053
38
195.053 200.646
39
200.646 203.550
40
203.550 209.280
41
209.280 215.010
42
215.010 220.290
43
220.290 224.541
44
224.541 229.608
45
229.608 235.520
46
235.520 239.900
47
239.900 243.886
48
243.886 248.880
49
248.880 251.676
50
251.676 255.386
51
255.386 260.817
52
260.817 264.696
53
264.696 268.190
54
268.190 272.160
55
272.160 278.911
56
278.911 284.065
57
284.065 288.843
58
288.843 293.065
59
293.065 297.700
60
297.700 301.959
61
301.959 308.778
62
308.778 312.284
63
312.284 317.181
64
317.181 319.890
65
319.890 324.687
66
324.687 329.501
67
329.501 334.391
68
334.391 339.430
69
339.430 345.785
70
345.785 353.135
71
353.135 355.925
72
355.925 358.717
73
358.717 363.380
74
363.380 368.714
75
368.714 374.680
76
374.680 379.160
77
379.160 382.419
78
382.419 388.349
79
388.349 395.821
80
395.821 399.560
81
399.560 405.595
82
405.595 413.949
83
413.949 420.420
84
420.420 427.016
85
427.016 432.129
86
432.129 437.656
87
437.656 444.124
88
444.124 452.018
89
452.018 458.864
90
458.864 463.682
91
463.682 468.512
92
468.512 474.169
93
474.169 479.415
94
479.415 485.346
95
485.346 491.169
96
491.169 498.179
97
498.179 502.690
98
502.690 508.050
99
508.050 515.090
100
515.090 520.068
101
520.068 524.981
102
524.981 529.040
103
529.040 533.140
104
533.140 538.541
105
538.541 543.508
106
543.508 548.010
107
548.010 552.390
108
552.390 555.244
109
555.244 561.790
110
561.790 567.081
111
567.081 573.978
112
573.978 577.407
113
577.407 582.087
114
582.087 586.075
115
586.075 592.029
116
592.029 599.380
117
599.380 604.372
118
604.372 609.626
119
609.626 613.566
120
613.566 620.460
121
620.460 625.148
122
625.148 629.722
123
629.722 634.900
124
634.900 639.704
125
639.704 644.680
126
644.680 648.820
127
648.820 654.909
128
654.909 664.820
129
664.820 670.180
130
670.180 675.540
