0
0.000 7.472
1
7.472 10.318
2
10.318 15.540
3
15.540 21.967
4
21.967 26.679
5
26.679 30.617
6
30.617 35.903
7
35.903 41.300
8
41.300 44.563
9
44.563 49.918
10
49.918 53.217
11
53.217 57.523
12
57.523 59.290
13
59.290 62.285
14
62.285 66.974
15
66.974 71.921
16
71.921 74.420
17
74.420 80.120
18
80.120 86.710
19
86.710 92.256
20
92.256 97.014
21
97.014 102.470
22
102.470 107.160
23
107.160 111.963
24
111.963 118.780
25
118.780 122.800
26
122.800 127.381
27
127.381 131.170
28
131.170 135.792
29
135.792 140.171
30
140.171 144.900
31
144.900 149.505
32
149.505 154.180
33
154.180 158.890
34
158.890 162.745
35
162.745 168.335
36
168.335 174.590
37
174.590 178.337
38
178.337 181.770
39
181.770 186.360
40
186.360 191.318
41
191.318 196.334
42
196.334 201.469
43
201.469 206.735
44
206.735 210.850
45
210.850 216.940
46
216.940 222.702
47
222.702 227.820
48
227.820 233.520
49
233.520 238.511
50
238.511 240.710
51
240.710 246.410
52
246.410 251.510
53
251.510 257.200
54
257.200 261.963
55
261.963 267.619
56
267.619 273.365
57
273.365 278.450
58
278.450 281.860
59
281.860 286.560
60
286.560 290.760
61
290.760 296.630
62
296.630 301.509
63
301.509 307.220
64
307.220 312.495
65
312.495 317.649
66
317.649 322.893
67
322.893 329.550
68
329.550 334.208
69
334.208 339.371
70
339.371 345.895
71
345.895 350.916
72
350.916 356.560
73
356.560 361.660
74
361.660 366.692
75
366.692 372.310
76
372.310 377.660
77
377.660 382.750
78
382.750 388.910
79
388.910 393.924
80
393.924 398.307
81
398.307 404.901
82
404.901 410.140
83
410.140 415.834
84
415.834 421.754
85
421.754 425.857
86
425.857 430.775
87
430.775 434.520
88
434.520 440.500
89
440.500 445.894
90
445.894 450.930
91
450.930 456.147
92
456.147 462.390
93
462.390 467.052
94
467.052 473.640
95
473.640 480.040
96
480.040 485.211
97
485.211 490.810
98
490.810 496.470
99
496.470 501.090
100
501.090 505.775
101
505.775 509.653
102
509.653 515.700
103
515.700 520.108
104
520.108 524.874
105
524.874 532.300
106
532.300 537.333
107
537.333 543.870
108
543.870 549.242
109
549.242 554.425
110
554.425 559.423
111
559.423 563.760
112
563.760 569.662
113
569.662 575.248
114
575.248 580.587
115
580.587 586.240
116
586.240 592.540
117
592.540 597.488
118
597.488 601.988
119
601.988 606.575
120
606.575 613.520
121
613.520 618.443
122
618.443 623.460
123
623.460 629.160
124
629.160 634.729
125
634.729 640.790
126
640.790 645.265
127
645.265 649.740
