0
0.000 8.825
1
8.825 13.392
2
13.392 18.800
3
18.800 23.702
4
23.702 27.766
5
27.766 32.603
6
32.603 36.565
7
36.565 40.256
8
40.256 43.006
9
43.006 48.065
10
48.065 51.870
11
51.870 56.113
12
56.113 61.608
13
61.608 67.390
14
67.390 69.208
15
69.208 72.655
16
72.655 76.468
17
76.468 81.210
18
81.210 86.189
19
86.189 90.159
20
90.159 94.736
21
94.736 100.220
22
100.220 106.520
23
106.520 107.446
24
107.446 111.728
25
111.728 116.164
26
116.164 118.021
27
118.021 120.254
28
120.254 124.307
29
124.307 124.830
30
124.830 128.513
31
128.513 130.176
32
130.176 134.917
33
134.917 139.113
34
139.113 144.150
35
144.150 149.072
36
149.072 150.750
37
150.750 153.297
38
153.297 156.410
39
156.410 161.269
40
161.269 166.648
41
166.648 172.172
42
172.172 177.784
43
177.784 183.460
44
183.460 186.428
45
186.428 190.737
46
190.737 195.681
47
195.681 197.343
48
197.343 198.727
49
198.727 203.464
50
203.464 208.062
51
208.062 211.534
52
211.534 216.027
53
216.027 221.400
54
221.400 226.837
55
226.837 232.220
56
232.220 238.634
57
238.634 240.310
58
240.310 245.500
59
245.500 250.837
60
250.837 255.896
61
255.896 261.248
62
261.248 264.471
63
264.471 269.401
64
269.401 270.520
65
270.520 275.579
66
275.579 276.958
67
276.958 282.270
68
282.270 287.232
69
287.232 293.051
70
293.051 298.526
71
298.526 302.256
72
302.256 305.778
73
305.778 310.265
74
310.265 314.697
75
314.697 319.152
76
319.152 321.827
77
321.827 326.142
78
326.142 327.990
79
327.990 333.014
80
333.014 337.968
81
337.968 341.795
82
341.795 347.010
83
347.010 352.320
84
352.320 356.770
85
356.770 361.220
86
361.220 365.301
87
365.301 368.616
88
368.616 373.363
89
373.363 378.840
90
378.840 383.680
91
383.680 387.328
92
387.328 391.400
93
391.400 394.256
94
394.256 397.125
95
397.125 400.240
96
400.240 401.636
97
401.636 406.965
98
406.965 413.690
99
413.690 419.430
100
419.430 423.640
101
423.640 425.436
102
425.436 430.245
103
430.245 435.770
104
435.770 440.642
105
440.642 443.770
106
443.770 449.658
107
449.658 454.765
108
454.765 460.383
109
460.383 465.744
110
465.744 469.766
111
469.766 473.760
112
473.760 477.495
113
477.495 478.179
114
478.179 482.910
115
482.910 488.652
116
488.652 494.623
117
494.623 499.150
118
499.150 504.126
119
504.126 508.928
120
508.928 512.874
121
512.874 515.228
122
515.228 516.880
123
516.880 522.940
