0
0.000 9.747
1
9.747 13.891
2
13.891 19.217
3
19.217 24.489
4
24.489 28.693
5
28.693 32.464
6
32.464 38.191
7
38.191 41.607
8
41.607 47.210
9
47.210 52.665
10
52.665 57.930
11
57.930 62.983
12
62.983 68.317
13
68.317 74.213
14
74.213 77.110
15
77.110 82.663
16
82.663 87.660
17
87.660 92.830
18
92.830 98.390
19
98.390 103.481
20
103.481 109.047
21
109.047 114.211
22
114.211 118.670
23
118.670 121.952
24
121.952 127.702
25
127.702 132.653
26
132.653 140.482
27
140.482 145.448
28
145.448 150.653
29
150.653 155.890
30
155.890 156.611
31
156.611 161.655
32
161.655 168.659
33
168.659 173.041
34
173.041 177.433
35
177.433 180.221
36
180.221 185.168
37
185.168 192.444
38
192.444 200.094
39
200.094 204.443
40
204.443 208.320
41
208.320 215.766
42
215.766 221.888
43
221.888 224.960
44
224.960 228.046
45
228.046 231.300
46
231.300 238.311
47
238.311 243.652
48
243.652 248.795
49
248.795 256.040
50
256.040 256.846
51
256.846 263.393
52
263.393 268.600
53
268.600 275.276
54
275.276 279.176
55
279.176 286.278
56
286.278 291.462
57
291.462 296.130
58
296.130 300.442
59
300.442 307.350
60
307.350 312.140
61
312.140 317.419
62
317.419 322.220
63
322.220 328.680
64
328.680 334.978
65
334.978 340.920
66
340.920 346.234
67
346.234 350.874
68
350.874 355.740
69
355.740 360.389
70
360.389 364.599
71
364.599 365.664
72
365.664 370.282
73
370.282 375.751
74
375.751 380.697
75
380.697 385.603
76
385.603 389.290
77
389.290 396.225
78
396.225 400.748
79
400.748 405.141
80
405.141 410.087
81
410.087 414.420
82
414.420 419.940
83
419.940 425.295
84
425.295 429.082
85
429.082 432.566
86
432.566 437.646
87
437.646 442.780
88
442.780 449.782
89
449.782 455.075
90
455.075 460.500
91
460.500 467.010
92
467.010 471.920
93
471.920 475.770
94
475.770 480.740
95
480.740 485.429
96
485.429 489.006
97
489.006 492.694
98
492.694 497.969
99
497.969 503.890
100
503.890 508.574
101
508.574 513.570
102
513.570 519.570
103
519.570 525.160
104
525.160 533.860
105
533.860 540.680
106
540.680 545.294
107
545.294 550.946
108
550.946 555.937
109
555.937 559.908
110
559.908 562.149
111
562.149 565.551
112
565.551 568.432
113
568.432 574.730
114
574.730 582.758
115
582.758 589.524
116
589.524 594.253
117
594.253 598.749
118
598.749 600.794
119
600.794 603.511
120
603.511 608.602
121
608.602 611.720
122
611.720 615.429
123
615.429 619.565
124
619.565 624.670
125
624.670 629.717
126
630.840 634.377
127
634.377 638.810
128
638.810 645.801
129
645.801 652.858
130
652.858 657.920
131
657.920 664.274
132
664.274 668.884
133
668.884 669.469
134
669.469 671.954
135
671.954 676.530
136
676.530 679.987
137
679.987 684.408
138
684.408 689.650
139
689.650 694.434
140
694.434 698.945
141
698.945 703.676
142
703.676 708.333
143
708.333 713.570
144
713.570 719.671
145
719.671 726.013
146
726.013 731.400
147
731.400 735.620
148
735.620 739.995
149
739.995 744.557
150
744.557 748.149
151
748.149 753.143
152
753.143 757.353
153
757.353 762.004
154
762.004 767.892
155
767.892 769.669
156
769.669 774.084
157
774.084 779.820
