0
0.000 8.795
1
8.795 11.611
2
11.611 15.399
3
15.399 19.803
4
19.803 25.647
5
25.647 30.673
6
30.673 35.660
7
35.660 36.704
8
36.704 37.679
9
37.679 42.648
10
42.648 47.703
11
47.703 52.703
12
52.703 58.561
13
58.561 61.304
14
61.304 64.652
15
64.652 72.200
16
72.200 75.990
17
75.990 83.017
18
83.017 88.831
19
88.831 93.650
20
93.650 98.150
21
98.150 103.908
22
103.908 108.917
23
108.917 113.346
24
113.346 114.880
25
114.880 118.555
26
118.555 123.537
27
123.537 128.841
28
128.841 133.230
29
133.230 137.694
30
137.694 139.998
31
139.998 142.712
32
142.712 143.370
33
143.370 145.673
34
145.673 149.310
35
149.310 152.851
36
152.851 157.080
37
157.080 162.703
38
162.703 168.152
39
168.152 173.463
40
173.463 176.403
41
176.403 180.474
42
180.474 182.345
43
182.345 185.489
44
185.489 188.893
45
188.893 193.441
46
193.441 198.070
47
198.070 201.645
48
201.645 205.650
49
205.650 209.609
50
209.609 210.897
51
210.897 213.250
52
213.250 216.910
53
216.910 221.250
54
221.250 226.575
55
226.575 230.693
56
230.693 235.898
57
235.898 240.313
58
240.313 245.065
59
245.065 249.516
60
249.516 253.227
61
253.227 257.520
62
257.520 262.216
63
262.216 265.960
64
265.960 268.813
65
268.813 273.694
66
273.694 278.284
67
278.284 280.720
68
280.720 284.661
69
284.661 288.130
70
288.130 290.454
71
290.454 295.293
72
295.293 298.206
73
298.206 303.280
74
303.280 308.948
75
308.948 311.133
76
311.133 314.340
77
314.340 319.992
78
319.992 325.897
79
325.897 329.814
80
329.814 334.776
81
334.776 336.748
82
336.748 341.724
83
341.724 346.494
84
346.494 351.111
85
351.111 356.073
86
356.073 361.341
87
361.341 366.216
88
366.216 369.429
89
369.429 373.678
90
373.678 377.580
91
377.580 382.416
92
382.416 387.603
93
387.603 392.310
94
392.310 396.833
95
396.833 400.540
96
400.540 403.937
97
403.937 408.560
98
408.560 413.293
99
413.293 415.515
100
415.515 420.824
101
420.824 425.677
102
425.677 427.060
103
427.060 430.805
104
430.805 432.809
105
432.809 437.184
106
437.184 438.237
107
438.237 439.440
108
439.440 445.150
