0
0.000 9.198
1
9.198 13.980
2
13.980 18.592
3
18.592 23.559
4
23.559 27.569
5
27.569 32.644
6
32.644 38.630
7
38.630 42.878
8
42.878 48.067
9
48.067 51.981
10
51.981 55.090
11
55.090 63.514
12
63.514 66.062
13
66.062 72.328
14
72.328 75.490
15
75.490 80.300
16
80.300 81.867
17
81.867 83.516
18
83.516 89.313
19
89.313 94.099
20
94.099 98.915
21
98.915 103.368
22
103.368 107.107
23
107.107 110.422
24
110.422 114.020
25
114.020 117.424
26
117.424 122.178
27
122.178 126.838
28
126.838 132.623
29
132.623 138.281
30
138.281 143.029
31
143.029 148.783
32
148.783 152.902
33
152.902 157.205
34
157.205 162.521
35
162.521 168.300
36
168.300 173.205
37
173.205 178.110
38
178.110 183.740
39
183.740 190.312
40
190.312 193.442
41
193.442 198.390
42
198.390 203.225
43
203.225 208.060
44
208.060 212.738
45
212.738 217.200
46
217.200 222.259
47
222.259 227.448
48
227.448 228.830
49
228.830 235.510
50
235.510 238.534
51
238.534 241.936
52
241.936 245.963
53
245.963 251.513
54
251.513 256.679
55
256.679 261.547
56
261.547 263.990
57
263.990 269.375
58
269.375 274.004
59
274.004 274.760
60
274.760 280.996
61
280.996 285.750
62
285.750 291.586
63
291.586 296.574
64
296.574 299.587
65
299.587 303.854
66
303.854 308.610
67
308.610 314.298
68
314.298 319.489
69
319.489 324.731
70
324.731 328.800
71
328.800 333.948
72
333.948 340.073
73
340.073 346.293
74
346.293 349.490
75
349.490 355.240
76
355.240 360.450
77
360.450 362.922
78
362.922 367.500
79
367.500 372.844
80
372.844 378.613
81
378.613 386.122
82
386.122 392.580
83
392.580 397.338
84
397.338 402.954
85
402.954 407.264
86
407.264 412.017
87
412.017 418.210
88
418.210 422.050
89
422.050 426.950
90
426.950 428.401
91
428.401 431.850
92
431.850 435.124
93
435.124 441.230
94
441.230 447.063
95
447.063 452.340
96
452.340 458.231
97
458.231 461.060
98
461.060 464.890
99
464.890 467.020
100
467.020 473.224
101
473.224 478.921
102
478.921 483.938
103
483.938 488.015
104
488.015 490.934
105
490.934 496.050
106
496.050 501.014
107
501.014 505.130
108
505.130 508.775
109
508.775 511.010
110
511.010 516.613
111
516.613 519.780
112
519.780 521.902
113
521.902 527.086
114
527.086 535.755
115
535.755 542.556
116
542.556 548.505
117
548.505 554.770
118
554.770 558.557
119
558.557 564.210
120
564.210 570.983
121
570.983 575.878
122
575.878 580.395
123
580.395 582.630
124
582.630 585.688
125
585.688 587.880
126
587.880 595.420
127
595.420 601.080
128
601.080 608.310
129
608.310 611.085
130
611.085 616.530
131
616.530 621.194
132
621.194 626.456
133
626.456 631.940
134
631.940 634.319
135
634.319 640.056
136
640.056 644.420
137
644.420 646.480
138
646.480 651.662
139
651.662 659.700
140
659.700 667.088
141
667.088 671.895
142
671.895 676.710
143
676.710 679.753
144
679.753 683.260
145
683.260 688.070
146
688.070 693.520
147
693.520 698.490
148
698.490 703.390
149
703.390 709.190
150
709.190 710.887
151
710.887 715.248
152
715.248 720.404
153
720.404 725.350
154
725.350 731.359
155
731.359 736.506
156
736.506 740.604
157
740.604 749.094
158
749.094 754.170
159
754.170 759.360
160
759.360 761.549
161
761.549 767.032
162
767.032 771.030
163
771.030 777.323
164
777.323 783.601
165
783.601 789.060
166
789.060 795.554
167
795.554 800.557
168
800.557 805.390
169
805.390 811.964
170
811.964 815.290
171
815.290 820.065
172
820.065 824.539
173
824.539 829.220
174
829.220 834.120
175
834.120 840.150
176
840.150 842.887
177
842.887 848.000
178
848.000 853.480
179
853.480 859.076
180
859.076 864.360
181
864.360 869.750
182
869.750 878.100
183
878.100 884.059
184
884.059 888.290
185
888.290 893.572
186
893.572 896.180
187
896.180 900.719
188
900.719 906.644
189
906.644 911.480
190
911.480 916.503
191
916.503 921.620
192
921.620 926.609
193
926.609 929.490
194
929.490 934.663
195
934.663 940.100
196
940.100 945.815
197
945.815 950.017
198
950.017 953.114
199
953.114 955.140
200
955.140 959.545
201
959.545 962.140
