0
0.000 9.138
1
9.138 13.730
2
13.730 20.883
3
20.883 25.800
4
25.800 31.390
5
31.390 36.910
6
36.910 41.680
7
41.680 46.430
8
46.430 51.180
9
51.180 55.580
10
55.580 60.993
11
60.993 67.011
12
67.011 72.256
13
72.256 77.505
14
77.505 81.930
15
81.930 87.486
16
87.486 92.220
17
92.220 93.943
18
93.943 97.571
19
97.571 99.874
20
99.874 104.938
21
104.938 109.600
22
109.600 116.298
23
116.298 119.151
24
119.151 123.393
25
123.393 128.284
26
128.284 131.856
27
131.856 136.031
28
136.031 138.897
29
138.897 142.978
30
142.978 147.880
31
147.880 150.519
32
150.519 154.070
33
154.070 159.908
34
159.908 165.670
35
165.670 170.222
36
170.222 174.383
37
174.383 178.708
38
178.708 184.690
39
184.690 189.195
40
189.195 191.272
41
191.272 193.700
42
193.700 200.836
43
200.836 207.531
44
207.531 212.630
45
212.630 217.715
46
217.715 222.768
47
222.768 228.706
48
228.706 233.350
49
233.350 239.421
50
239.421 243.140
51
243.140 246.970
52
246.970 251.450
53
251.450 254.920
54
254.920 257.769
55
257.769 262.856
56
262.856 267.515
57
267.515 272.110
58
272.110 274.201
59
274.201 275.861
60
275.861 282.610
61
282.610 286.867
62
286.867 290.466
63
290.466 295.859
64
295.859 302.715
65
302.715 310.300
66
310.300 312.905
67
312.905 315.350
68
315.350 317.833
69
317.833 323.700
70
323.700 328.433
71
328.433 333.190
72
333.190 334.450
73
334.450 340.833
74
340.833 346.294
75
346.294 351.308
76
351.308 353.973
77
353.973 360.326
78
360.326 365.304
79
365.304 367.768
80
367.768 369.930
81
369.930 373.527
82
373.527 377.564
83
377.564 384.202
84
384.202 390.490
85
390.490 394.280
86
394.280 397.240
87
397.240 400.423
88
400.423 405.463
89
405.463 410.690
90
410.690 416.420
91
416.420 421.729
92
421.729 426.062
93
426.062 430.420
94
430.420 434.755
95
434.755 440.840
96
440.840 445.850
97
445.850 447.287
98
447.287 450.830
99
450.830 455.760
100
455.760 461.470
101
461.470 466.097
102
466.097 471.151
103
471.151 475.977
104
475.977 481.050
105
481.050 487.160
106
487.160 492.955
107
492.955 497.228
108
497.228 500.830
109
500.830 505.932
110
505.932 512.562
111
512.562 516.964
112
516.964 521.550
113
521.550 526.180
114
526.180 528.707
115
528.707 532.751
116
532.751 539.700
117
539.700 546.826
118
546.826 551.915
119
551.915 555.500
120
555.500 560.589
121
560.589 567.676
122
567.676 573.052
123
573.052 575.035
124
575.035 580.048
125
580.048 584.905
126
584.905 589.183
127
589.183 594.486
128
594.486 600.498
129
600.498 606.290
130
606.290 609.820
131
609.820 614.750
132
614.750 619.869
133
619.869 624.504
134
624.504 627.851
135
627.851 632.180
136
632.180 639.326
137
639.326 643.320
138
643.320 646.521
139
646.521 651.627
140
651.627 657.110
141
657.110 662.469
142
662.469 666.660
143
666.660 668.906
144
668.906 672.090
145
672.090 675.708
146
675.708 679.978
147
679.978 684.080
148
684.080 688.174
149
688.174 693.040
150
693.040 699.300
151
699.300 703.450
152
703.450 708.530
153
708.530 713.221
154
713.221 717.900
155
717.900 721.748
156
721.748 723.250
157
723.250 726.625
158
726.625 732.093
159
732.093 736.562
160
736.562 741.039
161
741.039 745.894
162
745.894 750.150
163
750.150 753.740
164
753.740 758.130
165
758.130 760.090
166
760.090 764.327
167
764.327 767.938
168
767.938 773.190
169
773.190 779.974
170
779.974 786.870
171
786.870 791.800
172
791.800 794.529
173
794.529 798.110
174
798.110 801.110
175
801.110 804.078
176
804.078 809.567
177
809.567 816.140
178
816.140 819.210
179
819.210 824.102
180
824.102 828.287
181
828.287 832.995
182
832.995 838.732
183
838.732 843.055
184
843.055 845.195
185
845.195 851.180
186
851.180 859.600
187
859.600 865.600
188
865.600 866.939
189
866.939 871.882
190
871.882 875.900
191
875.900 879.993
192
879.993 884.330
193
884.330 889.226
194
889.226 893.865
195
893.865 897.840
196
897.840 902.920
197
902.920 909.030
198
909.030 913.833
199
913.833 918.858
200
918.858 923.393
201
923.393 929.060
202
929.060 932.592
203
932.592 934.810
204
934.810 938.680
205
938.680 943.690
206
943.690 948.094
207
948.094 953.130
208
953.130 958.103
209
958.103 959.035
210
959.035 963.980
