0
0.000 7.892
1
7.892 10.041
2
10.041 14.345
3
14.345 19.155
4
19.155 23.968
5
23.968 28.562
6
28.562 32.562
7
32.562 37.500
8
37.500 42.125
9
42.125 47.319
10
47.319 52.390
11
52.390 54.940
12
54.940 60.007
13
60.007 65.160
14
65.160 70.672
15
70.672 74.989
16
74.989 78.718
17
78.718 81.990
18
81.990 85.140
19
85.140 89.490
20
89.490 95.254
21
95.254 100.953
22
100.953 106.526
23
106.526 112.250
24
112.250 115.520
25
115.520 120.665
26
120.665 125.295
27
125.295 129.818
28
129.818 135.297
29
135.297 141.196
30
141.196 146.813
31
146.813 149.007
32
149.007 150.458
33
150.458 155.085
34
155.085 158.380
35
158.380 163.465
36
163.465 167.080
37
167.080 169.754
38
169.754 174.660
39
174.660 182.240
40
182.240 186.310
41
186.310 189.590
42
189.590 191.425
43
191.425 193.428
44
193.428 199.832
45
199.832 205.021
46
205.021 208.248
47
208.248 212.327
48
212.327 217.350
49
217.350 222.548
50
222.548 229.751
51
229.751 236.069
52
236.069 241.950
53
241.950 246.407
54
246.407 251.557
55
251.557 256.575
56
256.575 261.075
57
261.075 266.754
58
266.754 272.127
59
272.127 280.122
60
280.122 284.583
61
284.583 290.215
62
290.215 294.783
63
294.783 296.852
64
296.852 298.136
65
298.136 300.918
66
300.918 307.042
67
307.042 310.851
68
310.851 313.821
69
313.821 318.385
70
318.385 324.052
71
324.052 327.945
72
327.945 332.775
73
332.775 337.665
74
337.665 342.271
75
342.271 345.720
76
345.720 350.820
77
350.820 355.360
78
355.360 356.041
79
356.041 361.500
80
361.500 362.417
81
362.417 366.870
82
366.870 371.323
83
371.323 377.120
84
377.120 382.000
85
382.000 384.429
86
384.429 385.211
87
385.211 391.996
88
391.996 396.874
89
396.874 398.229
90
398.229 403.273
91
403.273 408.487
92
408.487 412.095
93
412.095 415.866
94
415.866 420.428
95
420.428 421.605
96
421.605 426.300
97
426.300 432.100
