0
0.000 8.296
1
8.296 13.201
2
13.201 14.914
3
14.914 17.672
4
17.672 22.340
5
22.340 27.870
6
27.870 29.132
7
29.132 34.100
8
34.100 35.929
9
35.929 40.162
10
40.162 43.837
11
43.837 46.569
12
46.569 50.169
13
50.169 53.230
14
53.230 59.100
15
59.100 63.960
16
63.960 68.190
17
68.190 69.738
18
69.738 73.961
19
73.961 76.867
20
76.867 79.423
21
79.423 82.640
22
82.640 86.760
23
86.760 93.690
24
93.690 101.155
25
101.155 102.816
26
102.816 103.481
27
103.481 105.150
28
105.150 108.991
29
108.991 114.094
30
114.094 117.680
31
117.680 122.218
32
122.218 126.208
33
126.208 129.420
34
129.420 135.173
35
135.173 141.220
36
141.220 145.347
37
145.347 149.278
38
149.278 153.520
39
153.520 156.760
40
156.760 162.321
41
162.321 165.300
42
165.300 168.972
43
168.972 174.831
44
174.831 180.405
45
180.405 185.180
46
185.180 189.781
47
189.781 193.866
48
193.866 198.864
49
198.864 203.853
50
203.853 209.463
51
209.463 213.530
52
213.530 219.178
53
219.178 224.250
54
224.250 227.416
55
227.416 232.390
56
232.390 234.659
57
234.659 236.820
58
236.820 241.640
59
241.640 244.120
60
244.120 248.520
61
248.520 252.405
62
252.405 257.108
63
257.108 257.682
64
257.682 262.182
65
262.182 264.930
66
264.930 269.627
67
269.627 272.125
68
272.125 276.808
69
276.808 278.531
70
278.531 283.487
71
283.487 289.144
72
289.144 294.075
73
294.075 296.748
74
296.748 302.031
75
302.031 306.651
76
306.651 308.352
77
308.352 313.283
78
313.283 317.984
79
317.984 319.703
80
319.703 323.308
81
323.308 327.930
82
327.930 332.430
83
332.430 338.460
84
338.460 343.066
85
343.066 346.712
86
346.712 351.691
87
351.691 356.178
88
356.178 358.301
89
358.301 362.480
90
362.480 366.681
91
366.681 369.980
92
369.980 371.341
93
371.341 371.982
94
371.982 375.544
95
375.544 379.710
96
379.710 385.973
97
385.973 390.670
98
390.670 393.102
99
393.102 398.799
100
398.799 402.980
101
402.980 410.770
102
410.770 415.145
103
415.145 419.520
104
419.520 423.830
105
423.830 426.665
106
426.665 432.460
107
432.460 437.504
108
437.504 442.790
109
442.790 447.034
110
447.034 452.040
111
452.040 453.988
112
453.988 455.070
113
455.070 462.571
114
462.571 465.260
