0
0.000 8.200
1
8.200 14.967
2
14.967 18.810
3
18.810 23.446
4
23.446 27.817
5
27.817 32.334
6
32.334 37.270
7
37.270 43.093
8
43.093 49.980
9
49.980 55.123
10
55.123 59.944
11
59.944 64.306
12
64.306 68.164
13
68.164 69.953
14
69.953 71.454
15
71.454 75.670
16
75.670 78.298
17
78.298 82.278
18
82.278 85.477
19
85.477 91.070
20
91.070 96.219
21
96.219 100.870
22
100.870 106.920
23
106.920 111.790
24
111.790 115.510
25
115.510 120.390
26
120.390 125.058
27
125.058 128.830
28
128.830 132.871
29
132.871 134.710
30
134.710 138.760
31
138.760 143.979
32
143.979 148.012
33
148.012 150.560
34
150.560 155.836
35
155.836 161.860
36
161.860 167.561
37
167.561 172.668
38
172.668 178.000
39
178.000 183.030
40
183.030 188.460
41
188.460 193.093
42
193.093 197.750
43
197.750 204.440
44
204.440 210.534
45
210.534 217.687
46
217.687 223.133
47
223.133 227.100
48
227.100 231.620
49
231.620 236.250
50
236.250 241.103
51
241.103 244.610
52
244.610 250.200
53
250.200 254.691
54
254.691 257.670
55
257.670 262.788
56
262.788 266.447
57
266.447 271.200
58
271.200 274.980
59
274.980 278.497
60
278.497 281.820
61
281.820 286.790
62
286.790 291.895
63
291.895 296.266
64
296.266 301.030
65
301.030 305.060
66
305.060 308.680
67
308.680 309.533
68
309.533 312.210
69
312.210 317.265
70
317.265 320.502
71
320.502 322.074
72
322.074 325.230
73
325.230 329.542
74
329.542 334.078
75
334.078 340.240
76
340.240 346.120
77
346.120 351.240
78
351.240 356.400
79
356.400 358.859
80
358.859 363.468
81
363.468 367.222
82
367.222 369.972
83
369.972 373.447
84
373.447 379.370
85
379.370 383.408
86
383.408 389.460
87
389.460 393.676
88
393.676 398.740
89
398.740 402.945
90
402.945 407.612
91
407.612 411.786
92
411.786 417.298
93
417.298 423.708
94
423.708 428.550
95
428.550 433.958
96
433.958 439.630
97
439.630 440.337
98
440.337 442.910
99
442.910 446.558
100
446.558 450.287
101
450.287 454.760
102
454.760 459.458
103
459.458 464.185
104
464.185 468.561
105
468.561 473.573
106
473.573 478.830
107
478.830 482.037
108
482.037 486.005
109
486.005 491.299
110
491.299 493.524
111
493.524 496.770
112
496.770 502.208
113
502.208 508.030
114
508.030 513.470
115
513.470 520.110
116
520.110 522.548
117
522.548 526.403
118
526.403 529.621
119
529.621 532.060
120
532.060 536.934
121
536.934 540.850
122
540.850 545.536
123
545.536 548.280
124
548.280 552.250
125
552.250 556.641
126
556.641 562.190
127
562.190 568.279
128
568.279 569.830
129
569.830 575.920
