0
0.000 9.588
1
9.588 14.200
2
14.200 19.984
3
19.984 24.464
4
24.464 30.330
5
30.330 37.726
6
37.726 42.244
7
42.244 50.940
8
50.940 56.980
9
56.980 63.940
10
63.940 68.370
11
68.370 73.652
12
73.652 80.376
13
80.376 85.438
14
85.438 93.490
15
93.490 98.152
16
98.152 103.023
17
103.023 108.600
18
108.600 114.450
19
114.450 118.223
20
118.223 122.372
21
122.372 127.785
22
127.785 134.260
23
134.260 139.861
24
139.861 145.620
25
145.620 151.066
26
151.066 154.820
27
154.820 159.150
28
159.150 163.350
29
163.350 168.382
30
168.382 173.570
31
173.570 177.573
32
177.573 182.450
33
182.450 187.014
34
187.014 191.872
35
191.872 196.771
36
196.771 201.490
37
201.490 206.785
38
206.785 213.120
39
213.120 218.131
40
218.131 223.518
41
223.518 229.710
42
229.710 236.536
43
236.536 242.240
44
242.240 246.929
45
246.929 252.692
46
252.692 257.363
47
257.363 262.709
48
262.709 267.728
49
267.728 274.612
50
274.612 283.180
51
283.180 286.473
52
286.473 292.510
53
292.510 297.753
54
297.753 301.990
55
301.990 307.120
56
307.120 313.449
57
313.449 318.386
58
318.386 322.790
59
322.790 328.027
60
328.027 332.960
61
332.960 337.776
62
337.776 342.309
63
342.309 347.160
64
347.160 351.290
65
351.290 358.112
66
358.112 362.694
67
362.694 366.890
68
366.890 370.616
69
370.616 375.573
70
375.573 380.673
71
380.673 385.940
72
385.940 390.830
73
390.830 397.200
74
397.200 402.514
75
402.514 407.480
76
407.480 409.824
77
409.824 413.980
78
413.980 422.437
79
422.437 426.710
80
426.710 433.440
81
433.440 439.890
82
439.890 446.320
83
446.320 452.360
84
452.360 457.428
85
457.428 463.703
86
463.703 469.850
87
469.850 474.747
88
474.747 479.680
89
479.680 484.290
90
484.290 489.004
91
489.004 494.275
92
494.275 495.029
93
495.029 499.450
94
499.450 505.904
95
505.904 510.990
96
510.990 515.836
97
515.836 520.623
98
520.623 525.830
99
525.830 530.800
100
530.800 536.252
101
536.252 541.906
102
541.906 547.504
103
547.504 552.760
104
552.760 562.305
105
562.305 567.594
106
567.594 573.394
107
573.394 576.855
108
576.855 580.841
109
580.841 586.782
110
586.782 592.424
111
592.424 598.449
112
598.449 604.845
113
604.845 607.996
114
607.996 612.925
115
612.925 617.421
116
617.421 622.769
117
622.769 627.415
118
627.415 632.639
119
632.639 638.081
120
638.081 644.083
121
644.083 650.200
122
650.200 656.254
123
656.254 661.248
124
661.248 667.090
125
667.090 672.193
126
672.193 679.688
127
679.688 684.670
128
684.670 689.250
129
689.250 694.290
130
694.290 697.932
131
697.932 700.875
132
700.875 706.230
