0
0.000 5.710
1
5.710 11.463
2
11.463 16.490
3
16.490 22.080
4
22.080 27.430
5
27.430 31.830
6
31.830 36.767
7
36.767 42.575
8
42.575 47.285
9
47.285 49.930
10
49.930 55.442
11
55.442 60.320
12
60.320 66.780
13
66.780 71.790
14
71.790 78.270
15
78.270 84.090
16
84.090 88.829
17
88.829 94.036
18
94.036 99.370
19
99.370 106.200
20
106.200 112.350
21
112.350 117.295
22
117.295 122.574
23
122.574 127.340
24
127.340 132.752
25
132.752 139.090
26
139.090 146.760
27
146.760 151.600
28
151.600 157.936
29
157.936 162.792
30
162.792 167.865
31
167.865 175.810
32
175.810 179.851
33
179.851 183.485
34
183.485 186.390
35
186.390 190.963
36
190.963 195.150
37
195.150 199.391
38
199.391 204.000
39
204.000 212.270
40
212.270 217.765
41
217.765 223.808
42
223.808 231.640
43
231.640 240.100
44
240.100 245.220
45
245.220 252.292
46
252.292 258.244
47
258.244 264.112
48
264.112 269.194
49
269.194 274.820
50
274.820 280.352
51
280.352 285.226
52
285.226 289.709
53
289.709 294.352
54
294.352 298.942
55
298.942 304.024
56
304.024 308.490
57
308.490 314.469
58
314.469 321.440
59
321.440 325.913
60
325.913 330.526
61
330.526 335.540
62
335.540 340.370
63
340.370 344.940
64
344.940 350.530
65
350.530 356.670
66
356.670 363.460
67
363.460 367.818
68
367.818 373.776
69
373.776 378.021
70
378.021 382.231
71
382.231 387.990
72
387.990 392.150
73
392.150 396.100
74
396.100 401.883
75
401.883 408.090
76
408.090 413.860
77
413.860 418.220
78
418.220 422.960
79
422.960 428.011
80
428.011 432.290
81
432.290 438.244
82
438.244 445.463
83
445.463 450.301
84
450.301 456.104
85
456.104 461.666
86
461.666 469.860
87
469.860 474.990
88
474.990 479.865
89
479.865 486.913
90
486.913 489.920
