0
0.000 7.966
1
7.966 12.980
2
12.980 15.215
3
15.215 18.430
4
18.430 22.575
5
22.575 27.490
6
27.490 31.276
7
31.276 36.359
8
36.359 41.090
9
41.090 45.670
10
45.670 51.443
11
51.443 54.819
12
54.819 59.160
13
59.160 63.838
14
63.838 68.814
15
68.814 73.830
16
73.830 78.080
17
78.080 82.206
18
82.206 85.268
19
85.268 89.813
20
89.813 94.531
21
94.531 100.070
22
100.070 103.290
23
103.290 109.380
24
109.380 114.546
25
114.546 116.860
26
116.860 122.402
27
122.402 126.128
28
126.128 129.880
29
129.880 135.220
30
135.220 140.435
31
140.435 145.430
32
145.430 150.710
33
150.710 155.320
34
155.320 158.111
35
158.111 163.001
36
163.001 168.872
37
168.872 172.000
38
172.000 176.396
39
176.396 179.922
40
179.922 183.820
41
183.820 188.435
42
188.435 192.016
43
192.016 196.260
44
196.260 201.700
45
201.700 206.703
46
206.703 214.090
47
214.090 218.753
48
218.753 222.105
49
222.105 224.060
50
224.060 228.619
51
228.619 231.295
52
231.295 232.601
53
232.601 237.570
54
237.570 242.653
55
242.653 246.681
56
246.681 252.630
57
252.630 257.116
58
257.116 262.441
59
262.441 267.240
60
267.240 271.796
61
271.796 277.090
62
277.090 282.278
63
282.278 286.914
64
286.914 292.405
65
292.405 298.224
66
298.224 305.260
67
305.260 310.174
68
310.174 314.285
69
314.285 319.730
70
319.730 325.243
71
325.243 329.583
72
329.583 333.650
73
333.650 339.200
74
339.200 340.925
75
340.925 343.736
76
343.736 348.264
77
348.264 352.854
78
352.854 356.255
79
356.255 361.643
80
361.643 366.451
81
366.451 369.460
82
369.460 374.606
83
374.606 377.530
84
377.530 381.720
85
381.720 386.920
86
386.920 392.549
87
392.549 396.337
88
396.337 400.528
89
400.528 406.550
90
406.550 412.736
91
412.736 417.903
92
417.903 422.050
93
422.050 425.240
94
425.240 428.355
95
428.355 434.019
96
434.019 438.412
97
438.412 442.742
98
442.742 446.860
99
446.860 451.429
100
451.429 455.708
101
455.708 460.826
102
460.826 465.966
103
465.966 469.506
104
469.506 472.900
105
472.900 477.630
106
477.630 482.599
107
482.599 483.326
108
483.326 488.035
109
488.035 493.495
110
493.495 498.890
111
498.890 503.709
112
503.709 506.858
113
506.858 510.109
114
510.109 514.782
115
514.782 519.747
116
519.747 525.080
117
525.080 528.167
118
528.167 533.798
119
533.798 538.355
120
538.355 542.403
121
542.403 547.270
122
547.270 550.648
123
550.648 555.170
124
555.170 560.173
125
560.173 565.220
126
565.220 570.317
127
570.317 575.694
128
575.694 580.700
129
580.700 581.514
130
581.514 583.233
131
583.233 585.590
132
585.590 591.880
