0
0.000 7.530
1
7.530 11.174
2
11.174 16.560
3
16.560 21.880
4
21.880 26.280
5
26.280 27.101
6
27.101 32.324
7
32.324 38.395
8
38.395 43.353
9
43.353 48.263
10
48.263 55.440
11
55.440 61.552
12
61.552 67.908
13
67.908 73.450
14
73.450 74.314
15
74.314 77.780
16
77.780 82.730
17
82.730 87.880
18
87.880 97.280
19
97.280 101.310
20
101.310 107.070
21
107.070 114.560
22
114.560 119.470
23
119.470 124.345
24
124.345 129.220
25
129.220 137.040
26
137.040 142.175
27
142.175 145.848
28
145.848 146.532
29
146.532 149.294
30
149.294 151.730
31
151.730 156.331
32
156.331 161.079
33
161.079 163.090
34
163.090 169.030
35
169.030 174.400
36
174.400 178.678
37
178.678 182.090
38
182.090 187.280
39
187.280 192.555
40
192.555 197.830
41
197.830 203.551
42
203.551 206.316
43
206.316 211.250
44
211.250 218.246
45
218.246 225.860
46
225.860 233.235
47
233.235 237.390
48
237.390 240.760
49
240.760 241.687
50
241.687 242.717
51
242.717 248.505
52
248.505 253.298
53
253.298 258.000
54
258.000 263.510
55
263.510 267.097
56
267.097 271.140
57
271.140 277.139
58
277.139 278.275
59
278.275 281.683
60
281.683 287.050
61
287.050 291.309
62
291.309 295.550
63
295.550 301.070
64
301.070 305.960
65
305.960 311.720
66
311.720 317.297
67
317.297 321.280
68
321.280 323.604
69
323.604 329.590
70
329.590 335.663
71
335.663 340.870
72
340.870 343.803
73
343.803 350.474
74
350.474 353.737
75
353.737 356.190
76
356.190 361.472
77
361.472 367.418
78
367.418 372.074
79
372.074 373.930
80
373.930 378.530
81
378.530 382.740
82
382.740 390.454
83
390.454 397.070
84
397.070 402.446
85
402.446 406.657
86
406.657 411.267
87
411.267 416.990
88
416.990 422.040
89
422.040 427.123
90
427.123 433.380
91
433.380 438.750
92
438.750 443.450
93
443.450 448.356
94
448.356 455.470
95
455.470 460.398
96
460.398 465.820
97
465.820 470.230
98
470.230 475.560
99
475.560 480.590
100
480.590 485.352
101
485.352 490.310
102
490.310 492.444
103
492.444 498.630
104
498.630 505.329
105
505.329 510.376
106
510.376 515.124
107
515.124 519.169
108
519.169 523.145
109
523.145 528.500
110
528.500 532.180
111
532.180 537.740
112
537.740 542.930
113
542.930 547.518
114
547.518 552.540
115
552.540 555.365
116
555.365 562.250
117
562.250 568.680
118
568.680 571.610
119
571.610 574.930
120
574.930 580.320
121
580.320 584.200
122
584.200 589.850
123
589.850 594.241
124
594.241 595.630
125
595.630 600.960
126
600.960 604.756
127
604.756 610.018
128
610.018 614.875
129
614.875 619.117
130
619.117 622.352
131
622.352 627.790
132
627.790 631.065
133
631.065 635.984
134
635.984 641.360
135
641.360 647.070
136
647.070 651.725
137
651.725 654.486
138
654.486 659.890
