0
0.000 9.017
1
9.017 13.260
2
13.260 15.409
3
15.409 21.617
4
21.617 27.450
5
27.450 32.261
6
32.261 37.194
7
37.194 42.212
8
42.212 46.749
9
46.749 51.990
10
51.990 57.002
11
57.002 61.550
12
61.550 68.300
13
68.300 72.771
14
72.771 78.195
15
78.195 83.900
16
83.900 90.197
17
90.197 95.749
18
95.749 101.130
19
101.130 106.566
20
106.566 112.694
21
112.694 118.520
22
118.520 123.175
23
123.175 127.830
24
127.830 132.290
25
132.290 139.354
26
139.354 145.120
27
145.120 150.294
28
150.294 156.101
29
156.101 160.340
30
160.340 166.825
31
166.825 171.825
32
171.825 177.180
33
177.180 183.009
34
183.009 188.131
35
188.131 194.840
36
194.840 199.990
37
199.990 204.900
38
204.900 210.724
39
210.724 215.445
40
215.445 220.863
41
220.863 227.322
42
227.322 232.680
43
232.680 236.612
44
236.612 240.611
45
240.611 245.570
46
245.570 251.379
47
251.379 257.372
48
257.372 263.214
49
263.214 268.250
50
268.250 273.770
51
273.770 277.901
52
277.901 279.360
53
279.360 284.440
54
284.440 290.230
55
290.230 296.000
56
296.000 299.775
57
299.775 308.290
58
308.290 315.100
59
315.100 319.248
60
319.248 323.472
61
323.472 328.176
62
328.176 332.029
63
332.029 336.600
64
336.600 337.656
65
337.656 339.931
66
339.931 343.520
67
343.520 349.640
68
349.640 354.287
69
354.287 356.652
70
356.652 360.293
71
360.293 364.165
72
364.165 367.720
73
367.720 371.695
74
371.695 376.010
75
376.010 379.550
76
379.550 384.264
77
384.264 389.223
78
389.223 393.543
79
393.543 396.669
80
396.669 401.120
81
401.120 406.330
82
406.330 410.705
83
410.705 415.080
84
415.080 420.457
85
420.457 423.720
86
423.720 429.230
87
429.230 432.582
88
432.582 437.071
89
437.071 441.982
90
441.982 445.942
91
445.942 451.590
92
451.590 456.602
93
456.602 461.265
94
461.265 465.660
95
465.660 472.122
96
472.122 477.670
97
477.670 482.372
98
482.372 485.970
99
485.970 490.520
100
490.520 494.194
101
494.194 499.672
102
499.672 505.623
103
505.623 510.677
104
510.677 517.010
105
517.010 521.950
106
521.950 526.213
107
526.213 531.202
108
531.202 536.197
109
536.197 540.280
110
540.280 543.795
111
543.795 550.421
112
550.421 553.143
113
553.143 556.990
114
556.990 561.760
115
561.760 566.836
116
566.836 571.220
117
571.220 576.310
118
576.310 579.826
119
579.826 584.694
120
584.694 589.854
121
589.854 594.788
122
594.788 601.383
123
601.383 606.307
124
606.307 609.062
125
609.062 614.475
126
614.475 619.217
127
619.217 623.710
128
623.710 630.397
129
630.397 634.971
130
634.971 637.653
131
637.653 640.829
132
640.829 644.991
133
644.991 650.535
134
650.535 653.133
135
653.133 657.779
136
657.779 663.378
137
663.378 668.388
138
668.388 671.880
139
671.880 676.456
140
676.456 682.595
141
682.595 688.520
142
688.520 693.560
143
693.560 698.978
144
698.978 703.200
145
703.200 709.381
146
709.381 713.751
147
713.751 718.712
148
718.712 722.982
149
722.982 728.179
150
728.179 732.700
151
732.700 738.356
152
738.356 743.247
153
743.247 747.798
154
747.798 752.619
155
752.619 758.451
156
758.451 764.381
157
764.381 771.131
158
771.131 776.300
159
776.300 782.262
160
782.262 787.771
161
787.771 795.480
162
795.480 800.999
163
800.999 807.710
164
807.710 812.622
165
812.622 815.401
166
815.401 821.281
167
821.281 826.291
168
826.291 831.085
169
831.085 836.109
170
836.109 841.470
171
841.470 846.741
172
846.741 853.611
173
853.611 860.310
174
860.310 866.010
175
866.010 870.443
176
870.443 873.800
177
873.800 881.057
178
881.057 887.766
179
887.766 892.973
180
892.973 898.072
181
898.072 903.508
182
903.508 908.159
183
908.159 912.490
184
912.490 917.683
185
917.683 922.865
186
922.865 928.169
187
928.169 934.295
188
934.295 938.910
189
938.910 942.895
190
942.895 947.777
191
947.777 950.975
192
950.975 954.344
193
954.344 958.828
194
958.828 963.658
195
963.658 967.245
196
967.245 972.177
197
972.177 974.180
198
974.180 979.004
199
979.004 983.793
200
983.793 988.408
201
988.408 992.712
202
992.712 1000.460
203
1000.460 1005.101
204
1005.101 1007.838
205
1007.838 1012.722
206
1012.722 1017.779
207
1017.779 1022.951
208
1022.951 1025.305
209
1025.305 1030.111
210
1030.111 1034.973
211
1034.973 1040.681
212
1040.681 1045.696
213
1045.696 1051.202
214
1051.202 1056.560
215
1056.560 1060.989
216
1060.989 1064.596
217
1064.596 1068.170
218
1068.170 1073.126
219
1073.126 1077.100
220
1077.100 1082.270
221
1082.270 1088.330
222
1088.330 1095.795
223
1095.795 1100.938
224
1100.938 1106.255
225
1106.255 1110.558
226
1110.558 1116.320
227
1116.320 1122.819
228
1122.819 1128.887
229
1128.887 1134.174
230
1134.174 1139.559
231
1139.559 1145.150
232
1145.150 1148.891
233
1148.891 1151.883
234
1151.883 1154.630
235
1154.630 1156.657
236
1156.657 1161.139
237
1161.139 1166.116
238
1166.116 1171.215
239
1171.215 1178.164
240
1178.164 1181.822
241
1181.822 1186.409
242
1186.409 1193.160
243
1193.160 1197.785
244
1197.785 1201.570
245
1201.570 1205.370
246
1205.370 1207.988
247
1207.988 1211.178
248
1211.178 1215.924
249
1215.924 1220.916
250
1220.916 1225.897
251
1225.897 1228.950
252
1228.950 1234.604
253
1234.604 1239.634
254
1239.634 1245.700
255
1245.700 1250.589
256
1250.589 1255.000
257
1255.000 1259.695
258
1259.695 1264.437
259
1264.437 1269.676
260
1269.676 1275.246
261
1275.246 1282.100
262
1282.100 1287.229
263
1287.229 1291.452
264
1291.452 1295.269
265
1295.269 1297.925
266
1297.925 1302.783
267
1302.783 1309.069
268
1309.069 1313.809
269
1313.809 1318.560
270
1318.560 1323.755
271
1323.755 1328.458
272
1328.458 1334.037
273
1334.037 1338.689
274
1338.689 1343.257
275
1343.257 1349.100
276
1349.100 1352.601
277
1352.601 1357.597
278
1357.597 1358.448
279
1358.448 1364.330
