0
0.000 8.545
1
8.545 12.605
2
12.605 17.680
3
17.680 22.325
4
22.325 26.970
5
26.970 31.150
6
31.150 35.868
7
35.868 40.983
8
40.983 41.720
9
41.720 42.750
10
42.750 47.610
11
47.610 52.513
12
52.513 58.338
13
58.338 61.990
14
61.990 66.970
15
66.970 71.950
16
71.950 80.613
17
80.613 86.206
18
86.206 87.781
19
87.781 91.520
20
91.520 97.470
21
97.470 101.110
22
101.110 106.000
23
106.000 108.134
24
108.134 113.021
25
113.021 117.490
26
117.490 121.260
27
121.260 125.990
28
125.990 130.710
29
130.710 134.761
30
134.761 139.390
31
139.390 140.790
32
140.790 142.338
33
142.338 145.670
34
145.670 151.321
35
151.321 158.158
36
158.158 164.960
37
164.960 173.150
38
173.150 178.090
39
178.090 182.794
40
182.794 187.690
41
187.690 191.876
42
191.876 195.743
43
195.743 198.090
44
198.090 201.250
45
201.250 205.372
46
205.372 211.045
47
211.045 214.745
48
214.745 217.225
49
217.225 222.439
50
222.439 227.272
51
227.272 232.030
52
232.030 236.990
53
236.990 237.870
54
237.870 238.738
55
238.738 242.890
56
242.890 243.673
57
243.673 248.023
58
248.023 251.173
59
251.173 253.885
60
253.885 257.870
61
257.870 262.032
62
262.032 267.130
63
267.130 271.000
64
271.000 275.133
65
275.133 276.910
66
276.910 283.932
67
283.932 288.631
68
288.631 291.935
69
291.935 293.407
70
293.407 296.720
71
296.720 298.518
72
298.518 302.370
73
302.370 305.773
74
305.773 310.918
75
310.918 315.133
76
315.133 318.462
77
318.462 322.809
78
322.809 324.890
79
324.890 329.458
80
329.458 333.875
81
333.875 338.834
82
338.834 343.370
83
343.370 348.303
84
348.303 350.940
85
350.940 352.870
86
352.870 358.631
87
358.631 363.065
88
363.065 368.781
89
368.781 372.610
90
372.610 377.400
91
377.400 382.393
92
382.393 387.469
93
387.469 392.443
94
392.443 396.790
95
396.790 402.060
96
402.060 407.077
97
407.077 411.273
98
411.273 414.650
99
414.650 417.481
100
417.481 422.844
101
422.844 427.778
102
427.778 433.215
103
433.215 437.840
104
437.840 443.108
105
443.108 443.943
106
443.943 445.740
107
445.740 450.400
