0
0.000 8.540
1
8.540 12.480
2
12.480 14.550
3
14.550 17.430
4
17.430 22.352
5
22.352 24.420
6
24.420 29.475
7
29.475 33.700
8
33.700 34.338
9
34.338 37.708
10
37.708 42.221
11
42.221 44.930
12
44.930 49.608
13
49.608 52.248
14
52.248 56.706
15
56.706 60.957
16
60.957 66.061
17
66.061 70.856
18
70.856 73.903
19
73.903 77.370
20
77.370 82.460
21
82.460 84.687
22
84.687 90.780
23
90.780 94.408
24
94.408 99.429
25
99.429 104.113
26
104.113 108.990
27
108.990 114.665
28
114.665 120.335
29
120.335 127.641
30
127.641 132.809
31
132.809 138.349
32
138.349 142.856
33
142.856 149.100
34
149.100 151.348
35
151.348 155.355
36
155.355 157.822
37
157.822 163.824
38
163.824 169.010
39
169.010 171.506
40
171.506 175.363
41
175.363 177.347
42
177.347 183.560
43
183.560 188.650
44
188.650 190.876
45
190.876 195.545
46
195.545 197.690
47
197.690 204.670
48
204.670 208.698
49
208.698 213.260
50
213.260 217.345
51
217.345 221.908
52
221.908 226.894
53
226.894 232.006
54
232.006 237.920
55
237.920 241.460
56
241.460 244.164
57
244.164 248.361
58
248.361 250.025
59
250.025 254.963
60
254.963 257.318
61
257.318 262.610
62
262.610 266.010
63
266.010 270.580
64
270.580 275.335
65
275.335 278.482
66
278.482 283.186
67
283.186 284.947
68
284.947 288.130
69
288.130 292.635
70
292.635 295.628
71
295.628 296.681
72
296.681 297.580
73
297.580 301.882
74
301.882 306.641
75
306.641 309.898
76
309.898 314.679
77
314.679 316.900
78
316.900 321.917
79
321.917 325.830
80
325.830 331.584
81
331.584 336.544
82
336.544 340.180
83
340.180 344.016
84
344.016 349.054
85
349.054 352.449
86
352.449 354.920
87
354.920 360.355
88
360.355 365.152
89
365.152 369.140
90
369.140 373.761
91
373.761 377.140
92
377.140 381.715
93
381.715 386.290
94
386.290 391.994
95
391.994 396.140
96
396.140 400.371
97
400.371 405.347
98
405.347 409.590
99
409.590 413.003
100
413.003 418.830
101
418.830 422.040
102
422.040 426.464
103
426.464 431.128
104
431.128 435.452
105
435.452 440.330
106
440.330 445.447
107
445.447 450.553
108
450.553 454.747
109
454.747 456.794
110
456.794 462.096
111
462.096 467.515
112
467.515 471.805
113
471.805 476.472
114
476.472 479.809
115
479.809 483.809
116
483.809 485.676
117
485.676 491.678
118
491.678 496.347
119
496.347 500.964
120
500.964 505.600
121
505.600 508.989
122
508.989 514.145
123
514.145 519.843
124
519.843 525.330
125
525.330 528.320
126
528.320 532.740
