0
0.000 8.775
1
8.775 13.429
2
13.429 18.338
3
18.338 22.952
4
22.952 27.021
5
27.021 28.962
6
28.962 34.336
7
34.336 38.679
8
38.679 43.591
9
43.591 46.999
10
46.999 52.584
11
52.584 58.544
12
58.544 63.130
13
63.130 68.898
14
68.898 73.889
15
73.889 79.350
16
79.350 86.120
17
86.120 92.044
18
92.044 96.930
19
96.930 102.610
20
102.610 108.470
21
108.470 113.717
22
113.717 118.300
23
118.300 121.591
24
121.591 125.990
25
125.990 131.520
26
131.520 137.130
27
137.130 142.891
28
142.891 148.010
29
148.010 152.014
30
152.014 158.189
31
158.189 162.490
32
162.490 168.040
33
168.040 173.037
34
173.037 177.001
35
177.001 179.407
36
179.407 186.050
37
186.050 191.480
38
191.480 196.630
39
196.630 199.710
40
199.710 205.112
41
205.112 208.839
42
208.839 212.848
43
212.848 217.920
44
217.920 224.274
45
224.274 231.075
46
231.075 235.049
47
235.049 240.593
48
240.593 243.493
49
243.493 246.521
50
246.521 250.458
51
250.458 253.518
52
253.518 257.167
53
257.167 263.058
54
263.058 266.578
55
266.578 269.510
56
269.510 273.386
57
273.386 279.250
58
279.250 287.635
59
287.635 292.167
60
292.167 297.438
61
297.438 302.867
62
302.867 307.791
63
307.791 312.850
64
312.850 317.560
65
317.560 324.972
66
324.972 330.399
67
330.399 335.163
68
335.163 338.552
69
338.552 343.734
70
343.734 348.635
71
348.635 353.872
72
353.872 359.431
73
359.431 365.851
74
366.880 373.299
75
373.299 376.758
76
376.758 383.545
77
383.545 388.758
78
388.758 393.092
79
393.092 396.870
80
396.870 400.707
81
400.707 403.658
82
403.658 409.229
83
409.229 416.360
84
416.360 420.634
85
420.634 426.278
86
426.278 431.250
87
431.250 433.199
88
433.199 438.246
89
438.246 443.097
90
443.097 450.443
91
450.443 456.148
92
456.148 462.250
93
462.250 469.670
94
469.670 475.655
95
475.655 481.550
96
481.550 486.320
97
486.320 489.628
98
489.628 495.000
99
495.000 498.673
100
498.673 504.064
101
504.064 510.094
102
510.094 511.410
103
511.410 516.300
104
516.300 518.429
