0
0.000 8.601
1
8.601 12.885
2
12.885 18.240
3
18.240 23.660
4
23.660 24.647
5
24.647 30.375
6
30.375 34.744
7
34.744 39.985
8
39.985 44.302
9
44.302 45.566
10
45.566 48.842
11
48.842 54.225
12
54.225 59.029
13
59.029 61.880
14
61.880 64.799
15
64.799 68.620
16
68.620 73.420
17
73.420 78.440
18
78.440 83.980
19
83.980 89.140
20
89.140 93.442
21
93.442 96.934
22
96.934 101.434
23
101.434 106.170
24
106.170 110.210
25
110.210 114.135
26
114.135 117.974
27
117.974 121.428
28
121.428 125.976
29
125.976 132.090
30
132.090 134.760
31
134.760 139.022
32
139.022 143.700
33
143.700 148.145
34
148.145 152.020
35
152.020 154.408
36
154.408 158.221
37
158.221 162.010
38
162.010 162.811
39
162.811 166.200
40
166.200 170.390
41
170.390 174.592
42
174.592 180.033
43
180.033 184.501
44
184.501 189.189
45
189.189 192.926
46
192.926 196.470
47
196.470 201.308
48
201.308 205.970
49
205.970 208.061
50
208.061 210.730
51
210.730 215.315
52
215.315 219.900
53
219.900 223.599
54
223.599 224.271
55
224.271 228.168
56
228.168 232.690
57
232.690 235.597
58
235.597 240.284
59
240.284 246.540
60
246.540 249.846
61
249.846 253.404
62
253.404 256.200
63
256.200 259.320
64
259.320 264.792
65
264.792 269.739
66
269.739 271.510
67
271.510 275.832
68
275.832 278.622
69
278.622 280.949
70
280.949 284.751
71
284.751 290.870
72
290.870 293.755
73
293.755 296.255
74
296.255 301.195
75
301.195 307.176
76
307.176 310.907
77
310.907 314.312
78
314.312 319.625
79
319.625 324.203
80
324.203 328.540
81
328.540 333.431
82
333.431 338.843
83
338.843 341.740
84
341.740 343.385
85
343.385 347.942
86
347.942 350.100
87
350.100 350.921
88
350.921 356.761
89
356.761 361.970
90
361.970 366.597
91
366.597 371.520
92
371.520 375.781
93
375.781 378.998
94
378.998 383.240
95
383.240 387.010
96
387.010 393.172
97
393.172 396.762
98
396.762 400.728
99
400.728 402.015
100
402.015 403.550
101
403.550 409.661
102
409.661 414.030
103
414.030 418.177
104
418.177 423.286
105
423.286 428.005
106
428.005 432.830
107
432.830 433.608
108
433.608 434.905
109
434.905 436.380
110
436.380 442.410
