0
0.000 8.706
1
8.706 13.410
2
13.410 19.045
3
19.045 22.743
4
22.743 26.799
5
26.799 31.163
6
31.163 36.100
7
36.100 40.897
8
40.897 46.664
9
46.664 52.810
10
52.810 57.175
11
57.175 58.171
12
58.171 61.697
13
61.697 65.850
14
65.850 71.037
15
71.037 77.410
16
77.410 82.013
17
82.013 84.328
18
84.328 88.327
19
88.327 91.350
20
91.350 94.567
21
94.567 98.550
22
98.550 105.098
23
105.098 111.377
24
111.377 116.401
25
116.401 120.795
26
120.795 126.244
27
126.244 131.783
28
131.783 135.889
29
135.889 140.400
30
140.400 143.576
31
143.576 146.940
32
146.940 150.842
33
150.842 154.894
34
154.894 156.007
35
156.007 161.337
36
161.337 166.550
37
166.550 172.140
38
172.140 176.646
39
176.646 181.847
40
181.847 185.845
41
185.845 189.270
42
189.270 193.760
43
193.760 198.040
44
198.040 204.785
45
204.785 208.506
46
208.506 210.531
47
210.531 214.288
48
214.288 219.188
49
219.188 223.399
50
223.399 228.570
51
228.570 230.943
52
230.943 235.715
53
235.715 238.907
54
238.907 243.350
55
243.350 247.037
56
247.037 252.008
57
252.008 256.037
58
256.037 260.649
59
260.649 263.590
60
263.590 268.101
61
268.101 272.217
62
272.217 276.626
63
276.626 280.677
64
280.677 284.393
65
284.393 288.857
66
288.857 294.913
67
294.913 299.981
68
299.981 305.326
69
305.326 310.226
70
310.226 312.380
71
312.380 317.560
72
317.560 320.223
73
320.223 324.819
74
324.819 329.930
75
329.930 334.300
76
334.300 335.831
77
335.831 339.753
78
339.753 344.609
79
344.609 346.476
80
346.476 350.557
81
350.557 353.921
82
353.921 358.423
83
358.423 363.105
84
363.105 368.109
85
368.109 372.523
86
372.523 377.419
87
377.419 382.219
88
382.219 386.254
89
386.254 391.933
90
391.933 399.320
91
399.320 404.440
92
404.440 408.650
93
408.650 414.470
94
414.470 420.317
95
420.317 425.730
96
425.730 429.336
97
429.336 434.728
98
434.728 440.350
99
440.350 445.819
100
445.819 449.250
101
449.250 452.836
102
452.836 457.500
103
457.500 461.332
104
461.332 464.820
105
464.820 469.356
106
469.356 470.110
107
470.110 475.572
108
475.572 480.410
109
480.410 482.854
110
482.854 487.118
111
487.118 489.997
112
489.997 494.681
113
494.681 499.425
114
499.425 504.003
115
504.003 509.107
116
509.107 512.345
117
512.345 516.607
118
516.607 521.304
119
521.304 525.897
120
525.897 530.730
121
530.730 535.690
122
535.690 540.727
123
540.727 543.426
124
543.426 547.829
125
547.829 552.342
126
552.342 556.057
127
556.057 560.672
128
560.672 565.338
129
565.338 570.460
130
570.460 574.481
131
574.481 576.485
132
576.485 581.133
133
581.133 583.870
