0
0.000 8.504
1
8.504 12.396
2
12.396 14.645
3
14.645 17.441
4
17.441 21.760
5
21.760 28.718
6
28.718 33.379
7
33.379 37.363
8
37.363 39.166
9
39.166 43.619
10
43.619 47.850
11
47.850 52.503
12
52.503 56.465
13
56.465 60.888
14
60.888 64.430
15
64.430 69.980
16
69.980 75.113
17
75.113 81.150
18
81.150 82.199
19
82.199 85.620
20
85.620 91.652
21
91.652 96.411
22
96.411 99.285
23
99.285 102.993
24
102.993 108.359
25
108.359 113.408
26
113.408 119.014
27
119.014 124.752
28
124.752 127.710
29
127.710 134.121
30
134.121 139.690
31
139.690 144.030
32
144.030 148.460
33
148.460 154.490
34
154.490 160.370
35
160.370 165.388
36
165.388 170.950
37
170.950 175.804
38
175.804 181.080
39
181.080 182.695
40
182.695 187.105
41
187.105 191.510
42
191.510 197.150
43
197.150 199.966
44
199.966 201.453
45
201.453 205.180
46
205.180 210.670
47
210.670 214.950
48
214.950 220.748
49
220.748 225.999
50
225.999 230.280
51
230.280 236.248
52
236.248 241.107
53
241.107 245.914
54
245.914 250.677
55
250.677 253.390
56
253.390 258.310
57
258.310 261.908
58
261.908 265.707
59
265.707 268.590
60
268.590 274.620
61
274.620 279.650
62
279.650 282.275
63
282.275 287.094
64
287.094 292.377
65
292.377 297.531
66
297.531 301.210
67
301.210 306.085
68
306.085 309.784
69
309.784 314.838
70
314.838 318.880
71
318.880 324.605
72
324.605 329.988
73
329.988 334.628
74
334.628 339.622
75
339.622 340.770
76
340.770 346.830
77
346.830 350.834
78
350.834 355.213
79
355.213 360.055
80
360.055 363.648
81
363.648 367.809
82
367.809 373.124
83
373.124 374.530
84
374.530 380.600
