0
0.000 5.720
1
5.720 11.475
2
11.475 16.335
3
16.335 21.332
4
21.332 26.287
5
26.287 28.060
6
28.060 34.180
7
34.180 41.993
8
41.993 46.990
9
46.990 52.970
10
52.970 58.369
11
58.369 63.795
12
63.795 68.290
13
68.290 72.420
14
72.420 77.350
15
77.350 81.118
16
81.118 85.390
17
85.390 89.862
18
89.862 94.201
19
94.201 99.100
20
99.100 103.598
21
103.598 111.730
22
111.730 114.956
23
114.956 119.156
24
119.156 124.288
25
124.288 129.730
26
129.730 135.997
27
135.997 141.446
28
141.446 146.725
29
146.725 152.690
30
152.690 157.722
31
157.722 163.730
32
163.730 168.370
33
168.370 173.989
34
173.989 178.949
35
178.949 183.060
36
183.060 188.400
37
188.400 193.750
38
193.750 199.610
39
199.610 207.423
40
207.423 212.272
41
212.272 216.561
42
216.561 221.813
43
221.813 227.190
44
227.190 232.079
45
232.079 233.690
46
233.690 238.326
47
238.326 243.464
48
243.464 249.349
49
249.349 255.094
50
255.094 259.650
51
259.650 263.606
52
263.606 267.200
53
267.200 271.400
54
271.400 276.570
55
276.570 284.376
56
284.376 288.720
57
288.720 295.790
58
295.790 301.560
59
301.560 307.094
60
307.094 314.472
61
314.472 319.898
62
319.898 327.725
63
327.725 332.509
64
332.509 337.091
65
337.091 342.045
66
342.045 346.990
67
346.990 353.260
68
353.260 358.315
69
358.315 363.449
70
363.449 370.098
71
370.098 375.560
72
375.560 379.625
73
379.625 385.312
74
385.312 391.221
75
391.221 395.524
76
395.524 399.390
77
399.390 404.345
78
404.345 409.300
79
409.300 414.413
80
414.413 417.887
81
417.887 422.600
82
422.600 427.022
83
427.022 432.376
84
432.376 437.533
85
437.533 445.883
86
445.883 450.425
87
450.425 455.989
88
455.989 459.180
89
459.180 466.885
90
466.885 471.957
91
471.957 478.175
92
478.175 484.067
93
484.067 489.021
94
489.021 493.773
95
493.773 498.935
96
498.935 504.761
97
504.761 509.995
98
509.995 515.128
99
515.128 520.190
100
520.190 525.300
101
525.300 530.339
102
530.339 534.159
103
534.159 539.882
104
539.882 544.930
105
544.930 549.570
106
549.570 554.210
107
554.210 558.734
108
558.734 564.310
109
564.310 569.737
110
569.737 576.430
111
576.430 579.940
112
579.940 584.860
113
584.860 589.305
114
589.305 595.851
115
595.851 600.675
116
600.675 604.177
117
604.177 609.885
118
609.885 615.004
119
615.004 619.847
120
619.847 620.980
121
620.980 624.341
122
624.341 628.460
123
628.460 631.998
124
631.998 636.626
125
636.626 642.978
126
642.978 649.415
127
649.415 651.311
128
651.311 657.057
129
657.057 661.988
130
661.988 667.510
131
667.510 675.510
132
675.510 682.445
133
682.445 689.380
