0
0.000 8.921
1
8.921 14.337
2
14.337 15.880
3
15.880 21.020
4
21.020 25.590
5
25.590 32.090
6
32.090 33.117
7
33.117 38.623
8
38.623 44.329
9
44.329 50.270
10
50.270 52.213
11
52.213 55.492
12
55.492 59.931
13
59.931 63.860
14
63.860 69.315
15
69.315 77.500
16
77.500 80.446
17
81.756 87.040
18
87.040 91.900
19
91.900 96.850
20
96.850 99.721
21
99.721 103.690
22
103.690 105.010
23
105.010 111.920
24
111.920 112.421
25
112.421 115.782
26
115.782 124.110
27
124.110 129.663
28
129.663 135.719
29
135.719 140.450
30
140.450 149.170
31
149.170 156.390
32
156.390 164.535
33
164.535 167.880
34
167.880 173.650
35
173.650 178.350
36
178.350 183.411
37
183.411 185.154
38
185.154 189.920
39
189.920 193.306
40
193.306 200.739
41
200.739 206.100
42
206.100 211.692
43
211.692 215.898
44
215.898 219.670
45
219.670 223.510
46
223.510 228.850
47
228.850 234.438
48
234.438 239.220
49
239.220 244.053
50
244.053 248.914
51
248.914 254.428
52
254.428 259.082
53
259.082 264.753
54
264.753 270.040
55
270.040 275.773
56
275.773 280.540
57
280.540 285.866
58
285.866 293.560
59
293.560 300.575
60
300.575 306.692
61
306.692 310.345
62
310.345 315.594
63
315.594 321.836
64
321.836 324.290
65
324.290 325.902
66
325.902 329.587
67
329.587 332.257
68
332.257 338.190
69
338.190 343.350
70
343.350 344.998
71
344.998 348.462
72
348.462 353.260
73
353.260 360.400
74
360.400 366.787
75
366.787 371.613
76
371.613 376.367
77
376.367 381.440
78
381.440 385.794
79
385.794 390.550
80
390.550 394.910
81
394.910 399.918
82
399.918 404.218
83
404.218 407.925
84
407.925 414.792
85
414.792 420.410
86
420.410 425.140
87
425.140 430.067
88
430.067 435.114
89
435.114 439.936
90
439.936 444.690
91
444.690 451.332
92
451.332 456.580
93
456.580 462.840
94
462.840 469.115
95
469.115 475.250
96
475.250 478.385
97
478.385 482.810
98
482.810 487.830
99
487.830 492.678
100
492.678 498.312
101
498.312 503.006
102
503.006 506.860
103
506.860 510.580
104
510.580 517.155
105
517.155 523.010
106
523.010 527.670
107
527.670 532.820
108
532.820 538.090
109
538.090 543.990
110
543.990 544.912
111
544.912 549.790
112
549.790 550.489
113
550.489 551.422
114
551.422 553.640
115
553.640 559.156
116
559.156 563.476
117
563.476 569.284
118
569.284 572.655
119
572.655 577.880
120
577.880 583.570
121
583.570 584.233
122
584.233 587.840
123
587.840 592.845
124
592.845 599.274
125
599.274 603.850
126
603.850 608.644
127
608.644 614.151
128
614.151 619.120
129
619.120 624.060
130
624.060 627.427
131
627.427 634.172
132
634.172 637.780
133
637.780 638.874
134
638.874 643.260
135
643.260 646.860
136
646.860 651.240
137
651.240 655.340
138
655.340 658.780
139
658.780 664.700
140
664.700 666.580
141
666.580 669.130
142
669.130 674.485
143
674.485 678.297
144
678.297 681.320
145
681.320 681.894
146
681.894 687.260
147
687.260 692.156
148
692.156 697.996
149
697.996 703.120
150
703.120 707.720
151
707.720 708.730
152
708.730 716.170
