0
0.000 8.753
1
8.753 14.870
2
14.870 17.125
3
17.125 20.821
4
20.821 25.805
5
25.805 31.100
6
31.100 35.354
7
35.354 36.880
8
36.880 39.516
9
39.516 43.266
10
43.266 50.177
11
50.177 54.260
12
54.260 58.250
13
58.250 62.414
14
62.414 67.530
15
67.530 72.389
16
72.389 75.220
17
75.220 80.005
18
80.005 85.420
19
85.420 91.649
20
91.649 97.012
21
97.012 102.261
22
102.261 107.012
23
107.012 110.089
24
110.089 114.432
25
114.432 117.878
26
117.878 122.347
27
122.347 123.010
28
123.010 127.545
29
127.545 131.010
30
131.010 135.167
31
135.167 137.485
32
137.485 140.463
33
140.463 143.930
34
143.930 148.315
35
148.315 152.013
36
152.013 155.322
37
155.322 160.083
38
160.083 161.171
39
161.171 165.775
40
165.775 170.807
41
170.807 172.759
42
172.759 178.791
43
178.791 184.625
44
184.625 190.886
45
190.886 195.034
46
195.034 199.498
47
199.498 204.330
48
204.330 208.698
49
208.698 211.474
50
211.474 216.045
51
216.045 220.948
52
220.948 225.904
53
225.904 230.384
54
230.384 236.242
55
236.242 241.053
56
241.053 243.499
57
243.499 248.841
58
248.841 253.747
59
253.747 259.072
60
259.072 262.950
61
262.950 267.524
62
267.524 269.244
63
269.244 271.803
64
271.803 277.037
65
277.037 280.040
66
280.040 284.906
67
284.906 287.935
68
287.935 291.936
69
291.936 295.624
70
295.624 299.370
71
299.370 302.770
72
302.770 306.969
73
306.969 311.829
74
311.829 316.060
75
316.060 320.930
76
320.930 327.000
77
327.000 333.200
78
333.200 339.003
79
339.003 343.967
80
343.967 348.544
81
348.544 354.541
82
354.541 357.777
83
357.777 363.520
84
363.520 370.340
85
370.340 375.128
86
375.128 377.314
87
377.314 383.146
88
383.146 388.104
89
388.104 391.896
90
391.896 395.356
91
395.356 400.194
92
400.194 405.108
93
405.108 408.468
94
408.468 412.890
95
412.890 417.486
96
417.486 422.279
97
422.279 425.320
98
425.320 428.370
99
428.370 434.432
100
434.432 438.070
101
438.070 442.832
102
442.832 447.721
103
447.721 451.476
104
451.476 455.495
105
455.495 457.520
106
457.520 462.005
107
462.005 467.487
108
467.487 472.313
109
472.313 475.052
110
475.052 480.140
111
480.140 482.046
112
482.046 487.050
113
487.050 491.457
114
491.457 497.002
115
497.002 501.978
116
501.978 506.260
117
506.260 512.009
118
512.009 518.936
119
518.936 522.865
120
522.865 526.216
121
526.216 529.310
122
529.310 535.269
123
535.269 536.142
124
536.142 538.979
125
538.979 540.595
126
540.595 542.726
127
542.726 544.724
128
544.724 547.740
129
547.740 552.610
130
552.610 556.615
131
556.615 561.125
132
561.125 565.594
133
565.594 570.209
134
570.209 575.349
135
575.349 579.620
136
579.620 586.277
137
586.277 589.850
138
589.850 593.337
139
593.337 595.490
140
595.490 601.130
141
601.130 607.728
142
607.728 612.440
143
612.440 617.307
144
617.307 620.195
145
620.195 626.002
146
626.002 631.238
147
631.238 636.283
148
636.283 641.176
149
641.176 646.281
150
646.281 649.059
151
649.059 653.754
152
653.754 655.670
153
655.670 659.425
154
659.425 663.600
