0
0.000 1.135
1
1.135 4.453
2
4.453 9.759
3
9.759 14.530
4
14.530 18.705
5
19.897 24.986
6
24.986 28.319
7
28.319 31.160
8
31.160 36.210
9
36.210 44.514
10
44.514 48.209
11
48.209 52.150
12
52.150 56.522
13
56.522 60.540
14
60.540 66.334
15
66.334 70.848
16
70.848 74.710
17
74.710 79.746
18
79.746 85.592
19
85.592 90.305
20
90.305 94.816
21
94.816 99.720
22
99.720 106.122
23
106.122 113.080
24
113.080 117.732
25
117.732 121.585
26
121.585 125.370
27
125.370 128.976
28
128.976 133.932
29
133.932 135.813
30
135.813 140.398
31
140.398 143.360
32
143.360 147.990
33
147.990 155.590
34
155.590 160.636
35
160.636 165.508
36
165.508 166.879
37
166.879 168.661
38
168.661 172.714
39
172.714 177.325
40
177.325 181.750
41
181.750 187.245
42
187.245 191.431
43
191.431 196.821
44
196.821 201.371
45
201.371 205.610
46
205.610 211.602
47
211.602 215.034
48
215.034 222.160
49
222.160 228.789
50
228.789 231.880
51
231.880 236.755
52
236.755 241.136
53
241.136 246.040
54
246.040 248.902
55
248.902 254.775
56
254.775 262.125
57
262.125 268.702
58
268.702 273.977
59
273.977 278.022
60
278.022 280.975
61
280.975 286.034
62
286.034 290.490
63
290.490 293.010
