0
0.000 1.414
1
1.414 6.570
2
6.570 11.513
3
11.513 14.403
4
14.403 19.627
5
19.627 24.840
6
24.840 29.092
7
29.092 31.258
8
31.258 35.825
9
35.825 40.030
10
40.030 43.608
11
43.608 49.412
12
49.412 55.963
13
55.963 60.902
14
60.902 65.425
15
65.425 67.589
16
67.589 72.010
17
72.010 75.476
18
75.476 78.200
19
78.200 82.086
20
82.086 87.320
21
87.320 92.744
22
92.744 97.075
23
97.075 100.463
24
100.463 105.954
25
105.954 111.358
26
111.358 113.572
27
113.572 118.133
28
118.133 122.986
29
122.986 127.588
30
127.588 131.550
31
131.550 135.820
32
135.820 142.086
33
142.086 147.190
34
147.190 152.319
35
152.319 157.027
36
157.027 159.650
37
159.650 163.922
38
163.922 167.618
39
167.618 170.478
40
170.478 177.274
41
177.274 182.214
42
182.214 185.040
43
185.040 189.853
44
189.853 192.373
45
192.373 197.404
46
197.404 202.517
47
202.517 209.450
48
209.450 215.100
49
215.100 219.304
50
219.304 220.750
