0
0.000 1.564
1
1.564 5.646
2
5.646 10.647
3
10.647 16.460
4
16.460 21.972
5
21.972 28.210
6
28.210 32.820
7
32.820 37.174
8
37.174 42.616
9
42.616 49.340
10
49.340 56.257
11
56.257 61.852
12
61.852 67.360
13
67.360 73.147
14
73.147 78.524
15
78.524 81.431
16
81.431 85.240
17
85.240 90.540
18
90.540 95.882
19
95.882 100.876
20
100.876 105.510
21
105.510 107.695
22
107.695 113.611
23
113.611 118.504
24
118.504 123.024
25
123.024 128.133
26
128.133 131.492
27
131.492 135.730
28
135.730 140.285
29
140.285 144.214
30
144.214 147.240
31
147.240 150.339
32
150.339 152.410
33
152.410 155.461
34
155.461 159.150
35
159.150 164.680
36
164.680 167.610
37
167.610 174.015
38
174.015 175.975
39
175.975 178.448
40
178.448 180.420
