0
0.000 1.796
1
1.796 6.550
2
6.550 11.381
3
11.381 16.105
4
16.105 21.050
5
21.050 29.770
6
29.770 34.459
7
34.459 39.424
8
39.424 43.980
9
43.980 49.139
10
49.139 52.580
11
52.580 56.645
12
56.645 57.601
13
57.601 64.910
14
64.910 71.278
15
71.278 74.382
16
74.382 79.072
17
79.072 83.156
18
83.156 86.100
19
86.100 88.845
20
88.845 90.422
21
90.422 92.360
22
92.360 98.030
23
98.030 99.838
24
99.838 103.700
25
103.700 110.530
26
110.530 112.891
27
112.891 115.690
28
115.690 121.680
29
121.680 126.858
30
126.858 131.126
31
131.126 135.510
32
135.510 140.544
33
140.544 143.390
34
143.390 147.680
35
147.680 151.029
36
151.029 151.640
37
151.640 158.320
38
158.320 163.225
39
163.225 168.240
40
168.240 171.785
41
171.785 172.669
42
172.669 177.620
43
177.620 180.086
44
180.086 183.044
45
183.044 185.127
46
185.127 186.410
47
186.410 188.914
48
188.914 192.753
49
192.753 198.373
50
198.373 202.385
51
202.385 206.590
52
206.590 210.480
53
210.480 217.330
54
217.330 221.692
55
221.692 223.993
56
223.993 228.149
57
228.149 230.662
58
230.662 234.920
59
234.920 242.532
60
242.532 247.923
61
247.923 253.030
62
253.030 257.184
63
257.184 262.527
64
262.527 266.405
65
266.405 270.959
66
270.959 275.667
67
275.667 279.394
68
279.394 282.730
69
282.730 287.673
70
287.673 289.754
71
289.754 292.340
