0
0.000 0.738
1
0.738 4.735
2
4.735 9.470
3
9.470 16.344
4
16.344 20.770
5
20.770 23.170
6
23.170 29.802
7
29.802 34.580
8
34.580 40.801
9
40.801 44.460
10
44.460 45.272
11
45.272 49.335
12
49.335 54.041
13
54.041 59.358
14
59.358 64.698
15
64.698 68.850
16
68.850 72.767
17
72.767 77.580
18
77.580 81.128
19
81.128 84.449
20
84.449 88.167
21
88.167 91.396
22
91.396 95.224
23
95.224 100.788
24
100.788 101.780
25
101.780 109.201
26
109.201 113.185
27
113.185 119.365
28
119.365 124.153
29
124.153 126.890
30
126.890 134.496
31
134.496 137.660
32
137.660 139.717
33
139.717 143.095
34
143.095 148.950
35
148.950 151.262
36
151.262 156.000
37
156.000 160.950
38
160.950 166.502
39
166.502 171.015
40
171.015 172.758
41
172.758 173.925
42
173.925 178.900
43
178.900 182.487
44
182.487 183.455
45
183.455 184.995
46
184.995 188.010
47
188.010 193.040
48
193.040 199.220
49
199.220 204.360
50
204.360 207.191
51
207.191 209.660
52
209.660 211.066
53
211.066 211.658
54
211.658 212.920
55
212.920 215.163
56
215.163 219.952
57
219.952 226.420
58
226.420 227.102
59
227.102 232.132
60
232.132 237.641
61
237.641 242.140
62
242.140 243.713
63
243.713 247.980
64
247.980 253.010
65
253.010 258.180
66
258.180 263.627
67
263.627 268.559
68
268.559 273.400
69
273.400 277.430
70
277.430 280.079
71
280.079 282.796
72
282.796 285.040
73
285.040 288.760
74
288.760 289.861
75
289.861 292.476
76
292.476 293.040
77
293.040 297.239
78
297.239 299.948
79
299.948 303.440
80
303.440 307.480
81
307.480 311.520
82
311.520 313.959
83
313.959 320.457
84
320.457 326.180
85
326.180 329.410
86
329.410 332.621
87
332.621 336.782
88
336.782 342.292
89
342.292 342.910
