0
0.000 0.818
1
0.818 6.628
2
6.628 12.339
3
12.339 17.150
4
17.150 21.554
5
21.554 24.918
6
24.918 29.050
7
29.050 30.759
8
30.759 35.667
9
35.667 39.612
10
39.612 42.049
11
42.049 44.991
12
44.991 48.710
13
48.710 55.918
14
55.918 60.647
15
60.647 65.110
16
65.110 67.490
17
67.490 72.425
18
72.425 76.511
19
76.511 82.020
20
82.020 86.303
21
86.303 91.382
22
91.382 95.400
23
95.400 98.146
24
98.146 102.425
25
102.425 107.262
26
107.262 109.450
27
109.450 115.190
28
115.190 117.885
29
117.885 120.740
30
120.740 126.290
31
126.290 132.804
32
132.804 135.437
33
135.437 137.100
34
137.100 140.270
35
140.270 142.880
36
142.880 143.924
37
143.924 146.360
38
146.360 147.522
39
147.522 151.710
40
151.710 153.079
41
153.079 157.060
42
157.060 162.930
43
162.930 167.455
44
167.455 171.980
45
171.980 176.859
46
176.859 180.680
47
180.680 185.725
48
185.725 188.820
49
188.820 192.319
50
192.319 193.434
51
193.434 196.729
52
196.729 198.355
53
198.355 202.763
54
202.763 208.461
55
208.461 214.394
56
214.394 219.096
57
219.096 225.540
58
225.540 227.132
59
227.132 229.679
60
229.679 234.191
61
234.191 237.255
62
237.255 243.628
63
243.628 247.390
64
247.390 253.210
65
253.210 258.234
66
258.234 263.710
67
263.710 267.840
68
267.840 271.692
69
271.692 277.987
70
277.987 283.390
71
283.390 289.683
72
289.683 291.410
