0
0.000 5.710
1
5.710 11.085
2
11.085 15.780
3
15.780 19.782
4
19.782 24.789
5
24.789 30.237
6
30.237 35.150
7
35.150 38.194
8
38.194 42.100
9
42.100 45.730
10
45.730 49.918
11
49.918 55.822
12
55.822 59.137
13
59.137 63.306
14
63.306 68.483
15
68.483 73.866
16
73.866 78.893
17
78.893 83.920
18
83.920 88.545
19
88.545 89.380
20
89.380 95.967
21
95.967 102.150
22
102.150 105.614
23
105.614 110.751
24
110.751 114.890
25
114.890 121.342
26
121.342 126.960
27
126.960 132.880
28
132.880 140.499
29
140.499 144.973
30
144.973 150.880
31
150.880 155.520
32
155.520 160.347
33
160.347 166.339
34
166.339 171.739
35
171.739 176.655
36
176.655 181.570
37
181.570 187.486
38
187.486 192.570
39
192.570 197.400
40
197.400 198.507
41
198.507 204.017
42
204.017 209.620
43
209.620 214.213
44
214.213 219.994
45
219.994 225.540
46
225.540 230.299
47
230.299 234.700
48
234.700 239.347
49
239.347 245.091
50
245.091 251.316
51
251.316 257.295
52
257.295 261.093
53
261.093 267.150
54
267.150 272.386
55
272.386 277.739
56
277.739 280.970
57
280.970 286.973
58
286.973 290.427
59
290.427 295.752
60
295.752 301.462
61
301.462 307.010
62
307.010 312.590
63
312.590 318.790
