0
0.000 0.865
1
0.865 4.820
2
4.820 8.892
3
8.892 15.050
4
15.050 19.759
5
19.759 24.918
6
24.918 30.710
7
30.710 35.650
8
35.650 39.730
9
39.730 48.357
10
48.357 49.845
11
49.845 54.356
12
54.356 57.678
13
57.678 64.045
14
64.045 70.103
15
70.103 74.570
16
74.570 79.332
17
79.332 84.022
18
84.022 89.911
19
89.911 95.467
20
95.467 98.322
21
98.322 100.109
22
100.109 105.255
23
105.255 112.130
24
112.130 117.060
25
117.060 121.968
26
121.968 126.804
27
126.804 135.045
28
135.045 140.055
29
140.055 144.410
30
144.410 148.955
31
148.955 152.725
32
152.725 155.734
33
155.734 161.184
34
161.184 168.240
35
168.240 168.759
36
168.759 174.141
37
174.141 177.186
38
177.186 180.920
39
180.920 186.025
40
186.025 191.667
41
191.667 194.975
42
194.975 199.616
43
199.616 204.720
44
204.720 209.290
45
209.290 214.444
46
214.444 219.282
47
219.282 223.029
48
223.029 228.883
49
228.883 234.397
50
234.397 237.922
51
237.922 240.242
52
240.242 244.029
53
244.029 248.068
54
248.068 253.484
55
253.484 261.167
56
261.167 262.410
