0
0.000 4.990
1
4.990 7.771
2
7.771 12.317
3
12.317 17.282
4
17.282 21.478
5
21.478 25.010
6
25.010 29.554
7
29.554 33.894
8
33.894 36.248
9
36.248 40.904
10
40.904 45.276
11
45.276 49.350
12
49.350 54.150
13
54.150 59.023
14
59.023 62.020
15
62.020 66.501
16
66.501 69.325
17
69.325 73.690
18
73.690 78.577
19
78.577 82.123
20
82.123 86.646
21
86.646 90.958
22
90.958 91.620
23
91.620 95.442
24
95.442 98.410
25
98.410 101.584
26
101.584 104.975
27
104.975 107.770
28
107.770 111.470
29
111.470 115.930
30
115.930 121.385
31
121.385 126.160
32
126.160 130.290
33
130.290 134.912
34
134.912 139.774
35
139.774 143.690
36
143.690 147.350
37
147.350 153.231
38
153.231 159.130
39
159.130 163.246
40
163.246 167.030
41
167.030 171.611
42
171.611 176.370
43
176.370 181.871
44
181.871 186.551
45
186.551 191.533
46
191.533 196.396
47
196.396 201.300
48
201.300 205.290
49
205.290 209.824
50
209.824 214.603
51
214.603 218.836
52
218.836 223.350
53
223.350 227.005
54
227.005 231.980
55
231.980 234.745
56
234.745 239.409
57
239.409 244.167
58
244.167 249.090
59
249.090 253.554
60
253.554 257.930
61
257.930 259.510
62
259.510 264.279
63
264.279 268.741
64
268.741 272.898
65
272.898 274.510
66
274.510 278.880
67
278.880 281.979
68
281.979 287.110
69
287.110 289.886
70
289.886 293.830
71
293.830 298.616
72
298.616 303.434
73
303.434 304.810
74
304.810 309.200
