0
0.000 0.553
1
0.553 8.250
2
8.250 11.407
3
11.407 13.178
4
13.178 19.130
5
19.130 23.190
6
23.190 28.100
7
28.100 32.360
8
32.360 37.439
9
37.439 44.410
10
44.410 48.089
11
48.089 52.117
12
52.117 54.799
13
54.799 59.783
14
59.783 64.866
15
64.866 70.138
16
70.138 73.630
17
73.630 77.924
18
77.924 83.507
19
83.507 85.624
20
85.624 90.184
21
90.184 93.950
22
93.950 97.538
23
97.538 102.440
24
102.440 106.535
25
106.535 110.360
26
110.360 114.483
27
114.483 119.320
28
119.320 125.834
29
125.834 131.290
30
131.290 136.750
31
136.750 140.881
32
140.881 146.238
33
146.238 150.845
34
150.845 157.340
35
157.340 162.230
36
162.230 168.101
37
168.101 172.560
38
172.560 178.074
39
178.074 181.704
40
181.704 189.207
41
189.207 192.003
42
192.003 197.323
43
197.323 202.750
44
202.750 205.815
45
205.815 210.860
46
210.860 214.419
47
214.419 216.800
48
216.800 221.010
49
221.010 226.068
50
226.068 231.790
51
231.790 235.359
52
235.359 240.392
53
240.392 245.051
54
245.051 247.220
