0
0.000 8.189
1
8.189 13.053
2
13.053 16.281
3
16.281 18.835
4
18.835 22.231
5
22.231 26.804
6
26.804 31.512
7
31.512 34.460
8
34.460 42.460
9
42.460 45.087
10
45.087 49.120
11
49.120 53.284
12
53.284 56.907
13
56.907 59.380
14
59.380 63.869
15
63.869 64.420
16
64.420 66.416
17
66.416 69.350
18
69.350 73.208
19
73.208 76.927
20
76.927 77.503
21
77.503 81.810
22
81.810 86.386
23
86.386 87.968
24
87.968 93.291
25
93.291 96.680
26
96.680 101.659
27
101.659 102.580
28
102.580 107.798
29
107.798 113.235
30
113.235 117.171
31
117.171 121.900
32
121.900 127.712
33
127.712 131.905
34
131.905 136.128
35
136.128 139.118
36
139.118 143.600
37
143.600 147.984
38
147.984 151.530
39
151.530 154.087
40
154.087 156.896
41
156.896 162.355
42
162.355 167.620
43
167.620 174.640
