0
0.000 0.700
1
0.700 4.491
2
4.491 9.030
3
9.030 14.960
4
14.960 20.149
5
20.149 25.131
6
25.131 31.540
7
31.540 36.920
8
36.920 43.203
9
43.203 48.310
10
48.310 53.445
11
53.445 59.230
12
59.230 66.066
13
66.066 70.180
14
70.180 73.823
15
73.823 79.195
16
79.195 84.090
17
84.090 85.049
18
85.049 87.930
19
87.930 91.702
20
91.702 96.410
21
96.410 101.169
22
101.169 107.615
23
107.615 110.710
24
110.710 112.942
25
112.942 117.868
26
117.868 121.953
27
121.953 125.679
28
125.679 132.529
29
132.529 136.950
30
136.950 138.950
31
138.950 143.338
32
143.338 145.568
33
145.568 150.420
34
150.420 153.363
35
153.363 158.107
36
158.107 162.980
37
162.980 166.637
38
166.637 170.830
39
170.830 175.110
40
175.110 176.970
41
176.970 183.070
42
183.070 186.879
43
186.879 192.971
44
192.971 195.830
45
195.830 199.665
46
199.665 202.283
47
202.283 207.089
48
207.089 209.040
49
209.040 213.260
50
213.260 219.150
51
219.150 223.450
52
223.450 227.150
53
227.150 231.790
54
231.790 236.409
55
236.409 239.692
56
239.692 242.987
57
242.987 247.532
58
247.532 251.834
59
251.834 254.925
60
254.925 259.571
61
259.571 261.631
62
261.631 262.175
63
262.175 269.361
64
269.361 274.106
65
274.106 278.670
66
278.670 280.570
67
280.570 286.620
68
286.620 292.310
69
292.310 294.191
70
294.191 298.080
71
298.080 302.760
72
302.760 305.159
73
305.159 307.340
