0
0.000 5.080
1
5.080 11.224
2
11.224 17.074
3
17.074 22.041
4
22.041 25.910
5
25.910 29.154
6
29.154 30.920
7
30.920 33.387
8
33.387 38.103
9
38.103 41.800
10
41.800 47.930
11
47.930 51.515
12
51.515 54.060
13
54.060 59.170
14
59.170 65.480
15
65.480 69.874
16
69.874 71.900
17
71.900 76.550
18
76.550 80.890
19
80.890 85.290
20
85.290 89.625
21
89.625 92.940
22
92.940 97.174
23
97.174 102.800
24
102.800 105.372
25
105.372 106.898
26
106.898 109.582
27
109.582 110.456
28
110.456 115.258
29
115.258 117.754
30
117.754 122.595
31
122.595 127.273
32
127.273 133.299
33
133.299 133.890
34
133.890 139.310
35
139.310 143.384
36
143.384 147.693
37
147.693 151.966
38
151.966 155.161
39
155.161 155.760
40
155.760 160.618
41
160.618 161.990
42
161.990 165.028
43
165.028 168.220
44
168.220 172.875
45
172.875 176.006
46
176.006 177.530
47
177.530 179.359
48
179.359 181.700
49
181.700 185.870
50
185.870 188.664
51
188.664 192.535
52
192.535 197.178
53
197.178 199.600
54
199.600 203.835
55
203.835 208.070
56
208.070 210.359
57
210.359 214.817
58
214.817 221.334
59
221.334 225.130
60
225.130 228.268
61
228.268 232.160
62
232.160 236.691
63
236.691 240.260
64
240.260 245.640
65
245.640 248.365
66
248.365 253.166
67
253.166 258.052
68
258.052 263.325
69
263.325 268.303
70
268.303 269.820
