0
0.000 8.967
1
8.967 18.093
2
18.093 20.800
3
20.800 23.240
4
23.240 26.590
5
26.590 31.466
6
31.466 34.459
7
34.459 42.000
8
42.000 47.682
9
47.682 51.670
10
51.670 58.390
11
58.390 62.543
12
62.543 66.548
13
66.548 70.600
14
70.600 74.876
15
74.876 81.070
16
81.070 85.375
17
85.375 88.263
18
88.263 92.547
19
92.547 94.710
20
94.710 99.740
21
99.740 105.610
22
105.610 110.765
23
110.765 115.920
24
115.920 120.725
25
120.725 122.815
26
122.815 127.224
27
127.224 132.152
28
132.152 134.558
29
134.558 137.489
30
137.489 141.264
31
141.264 144.500
32
144.500 146.804
33
146.804 151.720
34
151.720 155.866
35
155.866 159.140
36
159.140 164.128
37
164.128 167.559
38
167.559 171.710
39
171.710 177.045
40
177.045 182.222
41
182.222 187.750
42
187.750 191.781
43
191.781 192.588
44
192.588 197.070
45
197.070 201.315
46
201.315 202.745
47
202.745 205.930
48
205.930 213.930
49
213.930 219.560
50
219.560 225.190
