0
0.000 4.503
1
4.503 9.264
2
9.264 14.002
3
14.002 18.530
4
18.530 26.776
5
26.776 29.850
6
29.850 35.350
7
35.350 41.222
8
41.222 45.110
9
45.110 45.827
10
45.827 49.174
11
49.174 55.652
12
55.652 59.656
13
59.656 62.420
14
62.420 66.559
15
66.559 72.812
16
72.812 78.766
17
78.766 80.832
18
80.832 86.850
19
86.850 91.992
20
91.992 97.680
21
97.680 101.980
22
101.980 105.152
23
105.152 110.610
24
110.610 114.256
25
114.256 116.325
26
116.325 121.081
27
121.081 122.040
28
122.040 125.820
29
125.820 130.465
30
130.465 132.544
31
132.544 140.250
32
140.250 148.282
33
148.282 152.514
34
152.514 158.407
35
158.407 159.080
