0
0.000 1.589
1
1.589 5.190
2
5.190 9.108
3
9.108 16.295
4
16.295 19.101
5
19.101 22.627
6
22.627 27.047
7
27.047 31.491
8
31.491 35.845
9
35.845 40.916
10
40.916 45.940
11
45.940 51.435
12
51.435 53.683
13
53.683 59.036
14
59.036 63.735
15
63.735 67.546
16
67.546 70.540
17
70.540 75.260
18
75.260 80.570
19
80.570 83.840
20
83.840 88.440
21
88.440 90.324
22
90.324 94.170
23
94.170 98.675
24
98.675 102.551
25
102.551 107.440
26
107.440 111.765
27
111.765 114.939
28
114.939 116.090
29
116.090 122.109
30
122.109 123.700
31
123.700 129.730
32
129.730 135.420
33
135.420 142.140
34
142.140 144.906
35
144.906 146.027
36
146.027 151.189
37
151.189 151.827
38
151.827 156.465
39
156.465 160.790
40
160.790 163.493
41
163.493 169.917
42
169.917 171.607
43
171.607 174.033
44
174.033 177.884
45
177.884 179.505
46
179.505 180.115
47
180.115 185.526
48
185.526 191.152
49
191.152 195.111
50
195.111 197.500
51
197.500 202.155
52
202.155 202.870
53
202.870 208.240
54
208.240 212.369
55
212.369 214.435
56
214.435 215.520
57
215.520 217.708
58
217.708 219.040
59
219.040 222.470
60
222.470 226.580
61
226.580 232.135
62
232.135 237.690
63
237.690 241.970
64
241.970 245.724
65
245.724 247.060
66
247.060 252.010
67
252.010 258.949
68
258.949 264.708
69
264.708 269.744
70
269.744 273.295
71
273.295 278.530
72
278.530 281.682
73
281.682 286.293
74
286.293 289.930
75
289.930 291.100
76
291.100 293.150
