0
0.000 4.623
1
4.623 8.720
2
8.720 12.660
3
12.660 17.330
4
17.330 20.010
5
20.010 23.620
6
23.620 28.269
7
28.269 29.700
8
29.700 34.480
9
34.480 36.594
10
36.594 39.030
11
39.030 42.929
12
42.929 45.561
13
45.561 50.954
14
50.954 55.756
15
55.756 60.700
16
60.700 65.470
17
65.470 70.240
18
70.240 74.911
19
74.911 78.230
20
78.230 81.956
21
81.956 85.590
22
85.590 90.040
23
90.040 93.921
24
93.921 97.059
25
97.059 101.603
26
101.603 104.030
27
104.030 107.143
28
107.143 111.612
29
111.612 116.487
30
116.487 120.839
31
120.839 125.341
32
125.341 128.214
33
128.214 129.610
34
129.610 132.518
35
132.518 135.295
36
135.295 137.660
37
137.660 142.910
38
142.910 149.198
39
149.198 154.174
40
154.174 159.720
41
159.720 162.275
42
162.275 166.360
43
166.360 167.316
44
167.316 167.873
45
167.873 171.222
46
171.222 176.125
47
176.125 177.845
48
177.845 183.351
49
183.351 187.606
50
187.606 189.870
51
189.870 192.280
52
192.280 193.706
53
193.706 200.970
54
200.970 202.454
55
202.454 204.151
56
204.151 209.993
57
209.993 215.414
58
215.414 216.410
