0
0.000 8.362
1
8.362 12.445
2
12.445 17.628
3
17.628 23.341
4
23.341 29.004
5
29.004 32.209
6
32.209 35.715
7
35.715 41.322
8
41.322 45.630
9
45.630 52.955
10
52.955 56.529
11
56.529 62.018
12
62.018 68.368
13
68.368 72.758
14
72.758 79.640
15
79.640 84.510
16
84.510 89.380
17
89.380 93.840
18
93.840 97.690
19
97.690 102.610
20
102.610 108.686
21
108.686 113.785
22
113.785 118.790
23
118.790 123.992
24
123.992 127.289
25
127.289 127.947
26
127.947 133.205
27
133.205 138.458
28
138.458 142.808
29
142.808 146.767
30
146.767 151.827
31
151.827 153.785
32
153.785 159.447
33
159.447 164.994
34
164.994 170.960
35
170.960 173.564
36
173.564 178.060
37
178.060 183.362
38
183.362 188.608
39
188.608 194.933
40
194.933 199.079
41
199.079 203.165
42
203.165 208.493
43
208.493 212.210
44
212.210 218.770
45
218.770 223.395
46
223.395 228.147
47
228.147 233.057
48
233.057 238.287
49
238.287 243.445
50
243.445 247.261
51
247.261 250.065
52
250.065 254.490
53
254.490 258.678
54
258.678 263.406
55
263.406 268.356
56
268.356 272.880
57
272.880 278.076
58
278.076 283.920
59
283.920 288.820
60
288.820 295.266
61
295.266 300.417
62
300.417 305.725
63
305.725 310.752
64
310.752 315.468
65
315.468 321.210
66
321.210 326.824
67
326.824 331.572
68
331.572 336.103
69
336.103 339.829
70
339.829 344.537
71
344.537 348.900
72
348.900 355.868
73
355.868 360.654
74
360.654 365.790
75
365.790 370.120
76
370.120 376.484
77
376.484 381.159
78
381.159 385.360
79
385.360 391.212
80
391.212 396.900
81
396.900 402.722
82
402.722 407.874
83
407.874 412.040
84
412.040 416.460
85
416.460 421.297
86
421.297 426.309
87
426.309 431.729
88
431.729 436.250
89
436.250 440.985
90
440.985 444.855
91
444.855 445.720
92
445.720 447.682
93
447.682 452.812
94
452.812 458.680
95
458.680 462.592
96
462.592 467.290
97
467.290 472.525
98
472.525 479.660
99
479.660 484.833
100
484.833 490.140
101
490.140 494.680
102
494.680 499.926
103
499.926 503.433
104
503.433 511.335
105
511.335 516.385
106
516.385 521.351
107
521.351 522.545
108
522.545 527.140
