0
0.000 4.570
1
4.570 9.247
2
9.247 11.450
3
11.450 15.242
4
15.242 17.138
5
17.138 21.663
6
21.663 23.815
7
23.815 28.644
8
28.644 31.816
9
31.816 35.837
10
35.837 39.445
11
39.445 46.415
12
46.415 49.399
13
49.399 54.380
14
54.380 57.992
15
57.992 61.539
16
61.539 63.798
17
63.798 66.794
18
66.794 67.874
19
67.874 71.060
20
71.060 72.153
21
72.153 77.190
22
77.190 81.307
23
81.307 88.330
24
88.330 92.436
25
92.436 96.400
26
96.400 100.670
27
100.670 104.795
28
104.795 108.670
29
108.670 113.585
30
113.585 118.085
31
118.085 121.727
32
121.727 124.970
33
124.970 132.063
34
132.063 136.320
35
136.320 142.010
36
142.010 147.700
37
147.700 153.702
38
153.702 158.168
39
158.168 162.200
40
162.200 165.304
41
165.304 169.685
42
169.685 172.965
43
172.965 176.755
44
176.755 179.278
45
179.278 181.615
46
181.615 185.750
47
185.750 189.442
48
189.442 195.110
49
195.110 199.935
50
199.935 204.760
51
204.760 209.690
52
209.690 211.584
53
211.584 214.620
