0
0.000 6.132
1
6.132 10.350
2
10.350 14.309
3
14.309 19.395
4
19.395 24.318
5
24.318 29.841
6
29.841 35.175
7
35.175 40.157
8
40.157 44.240
9
44.240 47.685
10
47.685 52.471
11
52.471 56.892
12
56.892 59.320
13
59.320 65.408
14
65.408 68.809
15
68.809 72.285
16
72.285 77.895
17
77.895 81.480
18
81.480 86.336
19
86.336 89.784
20
89.784 93.508
21
93.508 97.240
22
97.240 100.137
23
100.137 105.000
24
105.000 112.040
25
112.040 117.090
26
117.090 121.886
27
121.886 126.340
28
126.340 131.041
29
131.041 134.340
30
134.340 138.878
31
138.878 139.435
32
139.435 143.675
33
143.675 144.530
34
144.530 149.248
35
149.248 153.280
36
153.280 156.800
37
156.800 161.292
38
161.292 166.070
39
166.070 169.126
40
169.126 172.167
41
172.167 177.070
42
177.070 182.160
43
182.160 187.180
44
187.180 192.200
45
192.200 198.424
46
198.424 203.219
47
203.219 205.898
48
205.898 210.531
49
210.531 215.040
50
215.040 219.894
51
219.894 224.009
52
224.009 229.569
53
229.569 231.625
54
231.625 235.885
55
235.885 239.795
56
239.795 246.309
57
246.309 250.045
58
250.045 252.522
59
252.522 258.260
60
258.260 263.053
61
263.053 267.926
62
267.926 272.854
63
272.854 277.341
64
277.341 281.691
65
281.691 286.517
66
286.517 291.438
67
291.438 295.817
68
295.817 301.007
69
301.007 305.821
70
305.821 310.482
71
310.482 315.406
72
315.406 317.490
73
317.490 322.220
74
322.220 326.770
75
326.770 328.720
76
328.720 334.040
77
334.040 339.020
78
339.020 343.275
79
343.275 346.147
80
346.147 350.405
81
350.405 351.880
82
351.880 356.508
83
356.508 359.700
