0
0.000 0.655
1
0.655 4.604
2
4.604 8.660
3
8.660 11.189
4
11.189 15.330
5
15.330 19.994
6
19.994 25.086
7
25.086 30.625
8
30.625 36.682
9
36.682 41.500
10
41.500 42.800
11
42.800 47.930
12
47.930 52.540
13
52.540 56.980
14
56.980 62.991
15
62.991 64.680
16
64.680 71.616
17
71.616 74.260
18
74.260 79.080
19
79.080 82.607
20
82.607 87.080
21
87.080 90.932
22
90.932 94.143
23
94.143 98.698
24
98.698 103.596
25
103.596 107.560
26
107.560 112.165
27
112.165 116.272
28
116.272 119.662
29
119.662 122.099
30
122.099 128.417
31
128.417 132.050
32
132.050 136.896
33
136.896 141.028
34
141.028 145.707
35
145.707 146.821
36
146.821 150.040
37
150.040 152.235
38
152.235 156.976
39
156.976 161.460
40
161.460 166.435
41
166.435 168.232
42
168.232 171.521
43
171.521 173.894
44
173.894 176.788
45
176.788 182.878
46
182.878 187.335
47
187.335 191.870
48
191.870 197.850
49
197.850 201.832
50
201.832 206.284
51
206.284 211.130
52
211.130 215.014
53
215.014 217.754
54
217.754 223.399
55
223.399 229.760
56
229.760 234.298
57
234.298 238.200
58
238.200 240.996
59
240.996 242.725
60
242.725 247.250
61
247.250 252.234
62
252.234 255.123
63
255.123 259.802
64
259.802 261.995
65
261.995 263.701
66
263.701 264.360
