0
0.000 2.153
1
2.153 6.560
2
6.560 12.114
3
12.114 17.682
4
17.682 24.695
5
24.695 29.926
6
29.926 34.968
7
34.968 39.317
8
39.317 44.031
9
44.031 46.966
10
46.966 52.306
11
52.306 57.124
12
57.124 61.212
13
61.212 66.110
14
66.110 71.273
15
71.273 75.826
16
75.826 79.230
17
79.230 81.737
18
81.737 84.486
19
84.486 88.790
20
88.790 93.720
21
93.720 97.575
22
97.575 102.698
23
102.698 106.746
24
106.746 108.310
25
108.310 114.312
26
114.312 118.118
27
118.118 122.461
28
122.461 126.838
29
126.838 131.294
30
131.294 135.179
31
135.179 137.739
32
137.739 142.018
33
142.018 145.939
34
145.939 146.748
35
146.748 151.400
36
151.400 154.515
37
154.515 159.460
38
159.460 164.490
39
164.490 170.000
40
170.000 174.680
41
174.680 179.493
42
179.493 181.019
43
181.019 185.874
44
185.874 189.598
45
189.598 193.505
46
193.505 194.570
47
194.570 199.381
48
199.381 204.324
49
204.324 209.825
50
209.825 215.152
51
215.152 219.857
52
219.857 221.913
53
221.913 226.624
54
226.624 230.150
55
230.150 233.778
56
233.778 239.993
57
239.993 246.232
58
246.232 250.430
59
250.430 254.510
60
254.510 256.630
61
256.630 261.530
62
261.530 266.234
63
266.234 271.707
64
271.707 276.716
65
276.716 281.463
66
281.463 285.993
67
285.993 291.719
68
291.719 294.788
69
294.788 299.146
70
299.146 302.483
71
302.483 307.177
72
307.177 312.145
73
312.145 318.153
74
318.153 322.237
75
322.237 327.275
76
327.275 333.957
77
333.957 334.740
