0
0.000 6.780
1
6.780 11.902
2
11.902 17.413
3
17.413 24.740
4
24.740 29.334
5
29.334 30.863
6
30.863 34.983
7
34.983 37.740
8
37.740 42.842
9
42.842 49.189
10
49.189 54.707
11
54.707 57.470
12
57.470 62.490
13
62.490 65.634
14
65.634 69.275
15
69.275 72.930
16
72.930 78.240
17
78.240 83.238
18
83.238 88.890
19
88.890 94.751
20
94.751 99.640
21
99.640 103.770
22
103.770 108.021
23
108.021 111.810
24
111.810 117.338
25
117.338 122.430
26
122.430 128.950
27
128.950 133.070
28
133.070 136.374
29
136.374 141.114
30
141.114 143.578
31
143.578 149.911
32
149.911 155.292
33
155.292 160.550
34
160.550 167.280
35
167.280 172.700
36
172.700 177.363
37
177.363 182.588
38
182.588 185.720
39
185.720 189.395
40
189.395 193.820
41
193.820 198.099
42
198.099 202.309
43
202.309 203.242
44
203.242 207.610
45
207.610 210.730
46
210.730 215.920
47
215.920 221.370
48
221.370 227.149
49
227.149 232.754
50
232.754 237.644
51
237.644 242.700
52
242.700 248.800
