0
0.000 0.689
1
0.689 7.036
2
7.036 12.491
3
12.491 16.760
4
16.760 21.615
5
21.615 25.722
6
25.722 30.880
7
30.880 37.041
8
37.041 42.647
9
42.647 46.354
10
46.354 52.094
11
52.094 57.511
12
57.511 64.392
13
64.392 68.770
14
68.770 71.475
15
71.475 75.390
16
75.390 80.502
17
80.502 84.744
18
84.744 88.257
19
88.257 91.690
20
91.690 96.320
21
96.320 102.595
22
102.595 108.300
23
108.300 112.340
24
112.340 117.720
25
117.720 122.370
26
122.370 128.379
27
128.379 133.909
28
133.909 139.215
29
139.215 143.280
30
143.280 148.899
31
148.899 154.259
32
154.259 158.457
33
158.457 163.288
34
163.288 167.140
35
167.140 171.843
36
171.843 176.692
37
176.692 181.230
38
181.230 186.636
39
186.636 191.700
40
191.700 196.166
41
196.166 200.376
42
200.376 204.759
43
204.759 209.350
44
209.350 211.585
45
211.585 216.920
46
216.920 220.137
47
220.137 223.280
48
223.280 226.089
49
226.089 230.158
50
230.158 236.547
51
236.547 241.860
52
241.860 246.105
53
246.105 250.580
54
250.580 255.270
55
255.270 260.110
56
260.110 264.824
57
264.824 270.217
58
270.217 274.613
59
274.613 279.657
60
279.657 286.201
61
286.201 291.102
62
291.102 294.750
63
294.750 299.068
64
299.068 304.005
65
304.005 308.228
66
308.228 313.828
67
313.828 318.852
68
318.852 324.771
69
324.771 330.670
70
330.670 334.962
71
334.962 339.222
72
339.222 340.150
