0
0.000 7.010
1
7.010 11.864
2
11.864 17.647
3
17.647 21.278
4
21.278 22.490
5
22.490 27.792
6
27.792 34.065
7
34.065 40.205
8
40.205 44.750
9
44.750 49.720
10
49.720 51.750
11
51.750 56.730
12
56.730 61.307
13
61.307 65.873
14
65.873 71.090
15
71.090 76.528
16
76.528 82.846
17
82.846 87.192
18
87.192 92.457
19
92.457 96.380
20
96.380 97.925
21
97.925 99.520
22
99.520 101.865
23
101.865 104.834
24
104.834 108.239
25
108.239 111.797
26
111.797 116.353
27
116.353 121.254
28
121.254 127.494
29
127.494 131.156
30
131.156 136.447
31
136.447 141.451
32
141.451 142.840
33
142.840 143.998
34
143.998 149.103
35
149.103 154.312
36
154.312 159.724
37
159.724 164.597
38
164.597 169.866
39
169.866 172.885
40
172.885 177.438
41
177.438 183.080
42
183.080 190.450
