0
0.000 0.506
1
0.506 4.966
2
4.966 9.066
3
9.066 13.718
4
13.718 20.082
5
20.082 24.350
6
24.350 29.770
7
29.770 35.508
8
35.508 41.876
9
41.876 46.359
10
46.359 51.920
11
51.920 56.444
12
56.444 60.969
13
60.969 64.650
14
64.650 70.110
15
70.110 72.210
16
72.210 74.379
17
74.379 79.770
18
79.770 84.658
19
84.658 88.907
20
88.907 93.560
21
93.560 99.378
22
99.378 107.360
23
107.360 113.336
24
113.336 118.233
25
118.233 121.676
26
121.676 127.496
27
127.496 133.636
28
133.636 138.507
29
138.507 143.160
30
143.160 148.757
31
148.757 155.270
32
155.270 158.828
33
158.828 162.210
34
162.210 166.039
35
166.039 169.150
36
173.930 178.710
37
178.710 180.125
38
180.125 184.839
39
184.839 190.780
40
190.780 193.802
41
193.802 199.420
42
199.420 204.361
43
204.361 210.262
44
210.262 216.102
45
216.102 220.907
46
220.907 226.289
47
226.289 231.208
48
231.208 234.017
49
234.017 238.919
50
238.919 244.338
51
244.338 249.736
52
249.736 255.405
53
255.405 258.160
