0
0.000 1.743
1
1.743 7.780
2
7.780 12.137
3
12.137 17.163
4
17.163 22.454
5
22.454 27.710
6
27.710 33.607
7
33.607 39.060
8
39.060 43.050
9
43.050 46.300
10
46.300 50.460
11
50.460 54.920
12
54.920 57.710
13
57.710 62.394
14
62.394 65.350
15
65.350 71.080
16
71.080 74.464
17
74.464 76.880
18
76.880 81.685
19
81.685 85.371
20
85.371 88.989
21
88.989 91.870
22
91.870 97.265
23
97.265 101.597
24
101.597 106.525
25
106.525 109.830
26
109.830 115.110
27
115.110 119.325
28
119.325 123.540
29
123.540 128.670
30
128.670 132.177
31
132.177 136.980
32
136.980 139.497
33
139.497 143.550
34
143.550 148.220
35
148.220 150.549
36
150.549 154.725
37
154.725 155.780
