0
0.000 8.345
1
8.345 12.395
2
12.395 17.432
3
17.432 23.613
4
23.613 29.275
5
29.275 34.633
6
34.633 39.630
7
39.630 44.270
8
44.270 49.269
9
49.269 52.580
10
52.580 56.580
11
56.580 62.440
12
62.440 68.300
13
68.300 72.081
14
72.081 78.400
15
78.400 83.064
16
83.064 89.818
17
89.818 95.880
18
95.880 99.415
19
99.415 103.390
20
103.390 109.872
21
109.872 114.753
22
114.753 116.903
23
116.903 122.734
24
122.734 129.088
25
129.088 134.755
26
134.755 140.635
27
140.635 146.286
28
146.286 152.995
29
152.995 158.736
30
158.736 164.721
31
164.721 169.604
32
169.604 174.679
33
174.679 178.553
34
178.553 184.420
35
184.420 188.854
36
188.854 192.318
37
192.318 196.411
38
196.411 200.560
39
200.560 205.391
40
205.391 211.677
41
211.677 218.916
42
218.916 223.470
43
223.470 227.517
44
227.517 231.300
45
231.300 237.035
46
237.035 241.076
47
241.076 245.880
48
245.880 250.526
49
250.526 254.928
50
254.928 260.614
51
260.614 265.034
52
265.034 269.522
53
269.522 274.447
54
274.447 279.471
55
279.471 284.333
56
284.333 288.671
57
288.671 294.393
58
294.393 299.412
59
299.412 304.738
60
304.738 310.699
61
310.699 317.612
62
317.612 324.299
63
324.299 331.367
64
331.367 336.090
65
336.090 340.580
66
340.580 346.245
67
346.245 351.020
68
351.020 355.250
69
355.250 363.085
70
363.085 368.368
71
368.368 374.400
72
374.400 379.351
73
379.351 384.950
74
384.950 392.609
75
392.609 396.710
76
396.710 401.071
77
401.071 405.673
78
405.673 410.976
79
410.976 415.980
80
415.980 421.970
81
421.970 426.905
82
426.905 431.630
83
431.630 437.679
84
437.679 443.418
85
443.418 448.807
86
448.807 456.824
87
456.824 463.380
88
463.380 469.970
89
469.970 478.373
90
478.373 483.962
91
483.962 489.573
92
489.573 496.430
93
496.430 501.981
94
501.981 506.745
95
506.745 511.759
96
511.759 515.887
97
515.887 519.948
98
519.948 525.487
99
525.487 530.881
100
530.881 537.052
101
537.052 543.094
102
543.094 547.863
103
547.863 552.920
104
552.920 558.840
105
558.840 564.550
106
564.550 569.425
107
569.425 574.881
108
574.881 580.370
109
580.370 585.845
110
585.845 591.320
