0
0.000 4.325
1
4.325 8.879
2
8.879 14.012
3
14.012 19.084
4
19.084 24.187
5
24.187 28.735
6
28.735 32.870
7
32.870 37.110
8
37.110 42.060
9
42.060 47.600
10
47.600 51.623
11
51.623 55.072
12
55.072 57.745
13
57.745 62.514
14
62.514 67.310
15
67.310 73.065
16
73.065 78.918
17
78.918 84.832
18
84.832 89.320
19
89.320 94.187
20
94.187 99.163
21
99.163 104.032
22
104.032 109.304
23
109.304 115.670
24
115.670 121.180
25
121.180 125.570
26
125.570 129.957
27
129.957 133.010
28
133.010 138.610
29
138.610 142.530
30
142.530 147.160
31
147.160 152.074
32
152.074 152.700
33
152.700 159.938
34
159.938 165.106
35
165.106 170.152
36
170.152 174.860
37
174.860 180.195
38
180.195 185.600
39
185.600 189.760
40
189.760 194.560
41
194.560 199.270
42
199.270 200.698
43
200.698 202.960
44
202.960 208.420
45
208.420 213.880
46
213.880 218.800
47
218.800 222.100
48
222.100 226.010
49
226.010 231.630
50
231.630 236.568
51
236.568 241.920
52
241.920 247.247
53
247.247 252.770
54
252.770 257.298
55
257.298 263.020
56
263.020 269.597
57
269.597 273.330
58
273.330 276.235
59
276.235 277.858
60
277.858 282.629
61
282.629 287.050
62
287.050 293.850
63
293.850 300.450
64
300.450 305.000
65
305.000 310.840
66
310.840 315.040
67
315.040 319.459
68
319.459 321.090
