0
0.000 4.975
1
4.975 9.950
2
9.950 14.767
3
14.767 17.270
4
17.270 21.510
5
21.510 26.490
6
26.490 31.402
7
31.402 35.350
8
35.350 39.405
9
39.405 43.460
10
43.460 48.055
11
48.055 52.650
12
52.650 57.398
13
57.398 62.874
14
62.874 68.090
15
68.090 75.293
16
75.293 79.880
17
79.880 83.594
18
83.594 88.721
19
88.721 91.810
20
91.810 96.630
21
96.630 101.136
22
101.136 104.167
23
104.167 108.844
24
108.844 114.010
25
114.010 119.824
26
119.824 125.270
27
125.270 130.420
28
130.420 135.570
29
135.570 140.686
30
140.686 145.756
31
145.756 151.470
32
151.470 156.382
33
156.382 161.830
34
161.830 164.682
35
164.682 166.360
36
166.360 170.016
37
170.016 175.074
38
175.074 180.675
39
180.675 185.513
40
185.513 190.413
41
190.413 194.811
42
194.811 199.618
43
199.618 202.990
