0
0.000 4.189
1
4.189 7.740
2
7.740 9.938
3
9.938 13.263
4
13.263 17.937
5
17.937 23.270
6
23.270 28.255
7
28.255 32.215
8
32.215 37.390
9
37.390 41.540
10
41.540 46.768
11
46.768 52.310
12
52.310 57.395
13
57.395 62.480
14
62.480 67.570
15
67.570 72.675
16
72.675 76.344
17
76.344 80.940
18
80.940 85.904
19
85.904 89.698
20
89.698 92.680
21
92.680 97.485
22
97.485 101.929
23
101.929 104.490
24
104.490 109.650
25
109.650 114.810
26
114.810 118.150
27
118.150 123.360
28
123.360 128.670
29
128.670 133.980
30
133.980 138.205
31
138.205 142.430
32
142.430 146.330
33
146.330 150.862
34
150.862 155.750
35
155.750 160.363
36
160.363 165.700
37
165.700 170.400
38
170.400 173.722
39
173.722 178.160
40
178.160 181.600
41
181.600 187.170
42
187.170 191.462
43
191.462 196.169
44
196.169 201.390
45
201.390 206.804
46
206.804 211.891
47
211.891 216.960
48
216.960 221.747
49
221.747 226.731
50
226.731 231.749
51
231.749 236.541
52
236.541 241.446
53
241.446 246.681
54
246.681 251.104
55
251.104 254.480
56
254.480 256.463
57
256.463 262.077
58
262.077 267.280
59
267.280 272.335
60
272.335 277.390
61
277.390 282.705
62
282.705 286.280
63
286.280 292.150
64
292.150 298.203
65
298.203 303.278
66
303.278 308.395
67
308.395 313.059
68
313.059 318.336
69
318.336 323.277
70
323.277 329.130
