0
0.000 4.734
1
4.734 9.621
2
9.621 14.178
3
14.178 20.001
4
20.001 26.035
5
26.035 30.985
6
30.985 35.960
7
35.960 40.861
8
40.861 45.769
9
45.769 50.607
10
50.607 56.170
11
56.170 62.183
12
62.183 67.040
13
67.040 72.181
14
72.181 77.577
15
77.577 84.050
16
84.050 89.674
17
89.674 94.310
18
94.310 99.735
19
99.735 105.060
20
105.060 109.959
21
109.959 114.900
22
114.900 119.135
23
119.135 123.980
24
123.980 128.048
25
128.048 132.359
26
132.359 137.187
27
137.187 142.170
28
142.170 147.805
29
147.805 153.440
30
153.440 156.170
31
156.170 161.295
32
161.295 166.635
33
166.635 172.094
34
172.094 178.470
35
178.470 184.541
36
184.541 190.641
37
190.641 195.884
38
195.884 200.713
39
200.713 205.330
40
205.330 210.333
41
210.333 215.408
42
215.408 221.199
43
221.199 227.082
44
227.082 231.958
45
231.958 236.046
46
236.046 239.940
47
239.940 244.682
48
244.682 248.020
49
248.020 254.048
50
254.048 257.856
51
257.856 263.480
52
263.480 268.341
53
268.341 273.065
54
273.065 277.243
55
277.243 280.203
56
280.203 286.158
57
286.158 290.900
58
290.900 295.521
59
295.521 300.151
60
300.151 305.305
61
305.305 310.544
62
310.544 312.700
63
312.700 317.590
64
317.590 324.646
65
324.646 329.590
66
329.590 332.890
