0
0.000 6.655
1
6.655 11.380
2
11.380 16.810
3
16.810 21.100
4
21.100 25.733
5
25.733 30.542
6
30.542 34.750
7
34.750 39.649
8
39.649 45.245
9
45.245 49.540
10
49.540 53.060
11
53.060 58.263
12
58.263 64.040
13
64.040 70.547
14
70.547 75.294
15
75.294 81.660
16
81.660 86.270
17
86.270 93.118
18
93.118 99.270
19
99.270 104.840
20
104.840 110.211
21
110.211 115.345
22
115.345 120.900
23
120.900 125.364
24
125.364 130.810
25
130.810 135.417
26
135.417 140.130
27
140.130 145.190
28
145.190 152.570
29
152.570 158.860
30
158.860 165.620
31
165.620 170.804
32
170.804 173.400
33
173.400 179.616
34
179.616 184.917
35
184.917 189.230
36
189.230 195.539
37
195.539 200.202
38
200.202 205.010
39
205.010 209.230
40
209.230 215.597
41
215.597 220.770
42
220.770 225.504
43
225.504 227.285
44
227.285 232.021
45
232.021 233.800
46
233.800 238.890
47
238.890 244.070
48
244.070 247.216
49
247.216 252.076
50
252.076 255.860
51
255.860 258.843
52
258.843 264.180
53
264.180 269.310
54
269.310 273.690
55
273.690 276.162
56
276.162 282.156
57
282.156 288.691
58
288.691 293.244
59
293.244 298.356
60
298.356 303.050
61
303.050 308.363
62
308.363 313.645
63
313.645 319.664
64
319.664 325.160
65
325.160 330.172
66
330.172 335.060
67
335.060 340.540
68
340.540 345.100
69
345.100 350.512
70
350.512 355.272
71
355.272 360.678
72
360.678 367.250
73
367.250 373.240
74
373.240 378.327
75
378.327 383.000
76
383.000 388.455
77
388.455 393.376
78
393.376 398.367
79
398.367 402.240
80
402.240 408.528
81
408.528 414.660
82
414.660 419.368
83
419.368 424.456
84
424.456 428.870
85
428.870 434.009
86
434.009 437.735
87
437.735 442.700
88
442.700 446.980
89
446.980 451.757
90
451.757 456.473
91
456.473 463.350
92
463.350 469.250
93
469.250 476.130
94
476.130 480.860
95
480.860 485.390
96
485.390 490.860
97
490.860 497.260
98
497.260 502.658
99
502.658 507.710
100
507.710 513.207
101
513.207 517.750
102
517.750 523.055
103
523.055 528.202
104
528.202 536.275
105
536.275 541.650
106
541.650 545.718
107
545.718 550.290
108
550.290 556.580
109
556.580 561.881
110
561.881 567.068
111
567.068 574.730
112
574.730 579.020
113
579.020 584.808
114
584.808 590.520
115
590.520 595.770
116
595.770 601.028
117
601.028 607.021
118
607.021 612.571
119
612.571 618.550
120
618.550 622.242
121
622.242 627.653
122
627.653 634.824
123
634.824 638.959
124
638.959 643.770
125
643.770 648.310
126
648.310 653.211
127
653.211 658.410
128
658.410 663.419
129
663.419 667.530
130
667.530 672.762
131
672.762 678.810
132
678.810 684.457
133
684.457 691.242
134
691.242 696.357
135
696.357 702.037
136
702.037 709.320
137
709.320 716.150
