0
0.000 4.219
1
4.219 9.039
2
9.039 14.000
3
14.000 21.058
4
21.058 25.622
5
25.622 29.365
6
33.710 41.710
7
41.710 46.657
8
46.657 49.219
9
49.219 50.370
10
50.370 55.060
11
55.060 60.193
12
60.193 65.282
13
65.282 70.551
14
70.551 75.321
15
75.321 80.350
16
80.350 85.860
17
85.860 89.911
18
89.911 93.577
19
93.577 98.025
20
98.025 102.190
21
102.190 107.097
22
107.097 112.000
23
112.000 116.414
24
116.414 120.026
25
120.026 125.900
26
125.900 129.778
27
129.778 134.390
28
134.390 138.369
29
138.369 142.948
30
142.948 148.461
31
148.461 153.093
32
153.093 157.765
33
157.765 162.942
34
162.942 169.174
35
169.174 174.323
36
174.323 178.304
37
178.304 181.850
38
181.850 186.500
39
186.500 190.311
40
190.311 195.295
41
195.295 200.242
42
200.242 205.834
43
205.834 211.927
44
211.927 214.680
45
214.680 219.190
46
219.190 222.760
47
222.760 227.061
48
227.061 231.634
49
231.634 237.010
