0
0.000 4.305
1
4.305 12.270
2
12.270 18.659
3
18.659 22.605
4
22.605 25.999
5
25.999 26.870
6
26.870 31.775
7
31.775 36.219
8
36.219 40.330
9
40.330 44.655
10
44.655 49.537
11
49.537 54.350
12
54.350 58.787
13
58.787 62.530
14
62.530 68.035
15
68.035 73.100
16
73.100 80.035
17
80.035 86.009
18
86.009 90.719
19
90.719 94.935
20
94.935 98.888
21
98.888 103.249
22
103.249 106.687
23
106.687 111.650
24
111.650 115.943
25
115.943 120.807
26
120.807 124.880
27
124.880 127.418
28
127.418 132.627
29
132.627 138.320
30
138.320 143.050
31
143.050 148.224
32
148.224 154.431
33
154.431 160.420
34
160.420 165.790
35
165.790 170.851
36
170.851 175.750
37
175.750 181.033
38
181.033 185.705
39
185.705 189.695
40
189.695 194.290
41
194.290 198.254
42
198.254 202.627
43
202.627 207.260
44
207.260 211.915
45
211.915 215.540
46
215.540 218.468
47
218.468 221.100
48
221.100 225.331
49
225.331 229.499
50
229.499 232.850
51
232.850 235.971
52
235.971 237.780
53
237.780 242.715
54
242.715 246.164
55
246.164 247.650
56
247.650 252.484
57
252.484 257.337
58
257.337 261.662
59
261.662 267.191
60
267.191 270.387
61
270.387 277.169
62
277.169 281.010
63
281.010 285.257
64
285.257 290.319
65
290.319 294.992
66
294.992 300.239
67
300.239 305.326
68
305.326 310.790
69
310.790 314.890
70
314.890 320.923
71
320.923 325.246
72
325.246 329.374
73
329.374 333.079
74
333.079 338.008
75
338.008 343.470
76
343.470 348.401
77
348.401 351.770
78
351.770 356.027
79
356.027 359.966
80
359.966 365.220
81
365.220 369.810
82
369.810 373.408
83
373.408 377.930
84
377.930 381.732
85
381.732 386.762
86
386.762 389.959
87
389.959 393.829
88
393.829 396.615
89
396.615 401.605
90
401.605 405.640
91
405.640 406.859
92
406.859 411.240
93
411.240 415.240
94
415.240 418.091
95
418.091 421.163
96
421.163 424.547
97
424.547 429.740
98
429.740 434.290
99
434.290 439.633
100
439.633 442.350
101
442.350 446.650
102
446.650 450.914
103
450.914 456.040
