0
0.000 8.610
1
8.610 13.873
2
13.873 18.685
3
18.685 22.491
4
22.491 25.981
5
25.981 29.566
6
29.566 30.290
7
30.290 34.367
8
34.367 36.060
9
36.060 40.134
10
40.134 45.407
11
45.407 49.997
12
49.997 55.030
13
55.030 58.939
14
58.939 63.292
15
63.292 67.929
16
67.929 72.240
17
72.240 77.020
18
77.020 80.237
19
80.237 84.324
20
84.324 88.446
21
88.446 91.200
22
91.200 93.762
23
93.762 96.385
24
96.385 100.929
25
100.929 105.525
26
105.525 108.010
27
108.010 112.515
28
112.515 113.610
29
113.610 117.610
30
117.610 122.805
31
122.805 128.213
32
128.213 133.433
33
133.433 138.234
34
138.234 142.115
35
142.115 143.905
36
143.905 148.114
37
148.114 152.499
38
152.499 154.330
39
154.330 158.532
40
158.532 162.520
41
162.520 166.378
42
166.378 167.750
43
167.750 173.315
44
173.315 178.880
45
178.880 186.880
46
186.880 194.880
47
194.880 203.450
48
203.450 211.890
49
211.890 219.020
50
219.020 223.452
51
223.452 224.190
52
224.190 225.210
53
225.210 229.850
54
229.850 234.925
55
234.925 241.130
56
241.130 246.707
57
246.707 252.268
58
252.268 256.489
59
256.489 259.922
60
259.922 262.893
61
262.893 265.316
62
265.316 270.405
63
270.405 276.120
64
276.120 278.191
65
278.191 283.024
66
283.024 286.580
67
286.580 287.765
68
287.765 291.850
69
291.850 296.232
70
296.232 298.630
71
298.630 303.260
72
303.260 308.235
73
308.235 312.040
74
312.040 314.753
75
314.753 319.840
76
319.840 324.257
77
324.257 328.167
78
328.167 331.501
79
331.501 333.110
80
333.110 335.573
81
335.573 339.916
82
339.916 341.151
83
341.151 345.313
84
345.313 348.959
85
348.959 351.610
86
351.610 356.190
87
356.190 359.320
88
359.320 361.850
89
361.850 364.390
90
364.390 369.970
91
369.970 373.752
92
373.752 377.000
93
377.000 383.074
94
383.074 388.976
95
388.976 394.662
96
394.662 399.355
97
399.355 404.440
98
404.440 409.210
99
409.210 415.695
100
415.695 421.672
101
421.672 423.729
102
423.729 428.159
103
428.159 431.630
104
431.630 435.160
105
435.160 438.971
106
438.971 441.910
107
441.910 445.662
108
445.662 449.650
109
449.650 454.258
110
454.258 458.196
111
458.196 462.280
112
462.280 466.410
113
466.410 472.080
114
472.080 476.750
115
476.750 481.070
