0
5.990 7.970
1
7.970 13.220
2
13.220 16.880
3
16.880 19.463
4
19.463 24.020
5
24.020 27.087
6
27.087 31.996
7
31.996 33.386
8
33.386 38.031
9
38.031 42.818
10
42.818 46.425
11
46.425 52.430
12
52.430 55.438
13
55.438 59.480
14
59.480 63.310
15
63.310 67.660
16
67.660 72.346
17
72.346 76.500
18
76.500 80.553
19
80.553 81.418
20
81.418 86.172
21
86.172 88.080
22
88.080 92.680
23
92.680 97.855
24
97.855 101.891
25
101.891 103.030
26
103.030 106.852
27
106.852 109.560
28
109.560 114.101
29
114.101 117.552
30
117.552 119.077
31
119.077 120.420
