0
0.000 4.914
1
4.914 9.290
2
9.290 13.506
3
13.506 16.701
4
16.701 21.064
5
21.064 22.226
6
22.226 26.413
7
26.413 27.760
8
27.760 31.944
9
31.944 35.970
10
35.970 39.754
11
39.754 42.270
12
42.270 45.478
13
45.478 49.620
14
49.620 53.257
15
53.257 57.074
16
57.074 61.618
17
61.618 64.429
18
64.429 66.640
19
66.640 71.312
20
71.312 76.250
21
76.250 79.473
22
79.473 84.152
23
84.152 89.032
24
89.032 91.990
25
91.990 95.800
26
95.800 99.548
27
99.548 104.529
28
104.529 107.734
29
107.734 112.505
30
112.505 117.703
31
117.703 122.005
32
122.005 126.237
33
126.237 127.813
34
127.813 131.972
35
131.972 136.289
36
136.289 137.510
37
137.510 139.640
38
139.640 143.570
39
143.570 148.340
40
148.340 151.326
41
151.326 154.312
42
154.312 158.847
43
158.847 163.441
44
163.441 167.400
45
167.400 172.420
46
172.420 177.440
47
177.440 182.225
48
182.225 186.480
49
186.480 191.750
50
191.750 195.105
51
195.105 197.020
52
197.020 201.462
53
201.462 205.390
54
205.390 210.815
55
210.815 216.071
56
216.071 220.235
57
220.235 223.979
58
223.979 228.420
59
228.420 232.653
60
232.653 235.403
61
235.403 240.280
62
240.280 244.668
63
244.668 249.486
64
249.486 254.640
65
254.640 259.509
66
259.509 264.263
67
264.263 268.855
68
268.855 273.820
69
273.820 277.981
70
277.981 281.877
71
281.877 285.215
72
285.215 289.787
73
289.787 293.670
74
293.670 296.085
75
296.085 300.530
76
300.530 305.281
77
305.281 306.468
78
306.468 311.394
79
311.394 316.380
80
316.380 320.820
81
320.820 323.680
82
323.680 328.551
83
328.551 331.100
84
331.100 335.026
85
335.026 338.245
86
338.245 340.399
87
340.399 344.160
88
344.160 348.085
89
348.085 350.436
90
350.436 354.600
91
354.600 359.080
92
359.080 363.210
93
363.210 367.340
94
367.340 370.583
95
370.583 374.676
96
374.676 378.350
97
378.350 382.736
98
382.736 385.287
99
385.287 388.760
100
388.760 393.015
101
393.015 397.047
102
397.047 401.324
103
401.324 405.153
104
405.153 409.660
105
409.660 414.416
106
414.416 419.152
107
419.152 421.310
108
421.310 424.847
109
424.847 428.602
110
428.602 429.353
111
429.353 433.120
112
433.120 436.262
113
436.262 440.379
114
440.379 442.430
115
442.430 447.339
116
447.339 451.314
117
451.314 453.983
118
453.983 456.080
119
456.080 460.295
120
460.295 464.510
121
464.510 467.085
122
467.085 470.560
123
470.560 475.347
124
475.347 476.030
125
476.030 480.180
126
480.180 484.100
127
484.100 489.117
128
489.117 493.870
129
493.870 498.750
130
498.750 503.041
131
503.041 506.954
132
506.954 508.134
133
508.134 511.806
134
511.806 515.230
