0
16.690 19.044
1
19.044 21.190
2
21.190 24.851
3
24.851 25.598
4
25.598 30.374
5
30.374 33.182
6
33.182 36.530
7
36.530 40.064
8
40.064 42.390
9
42.390 43.606
10
43.606 47.415
11
47.415 52.513
12
52.513 57.520
13
57.520 59.023
14
59.023 62.600
15
62.600 66.625
16
66.625 70.650
17
70.650 73.924
18
73.924 78.780
19
78.780 82.601
20
82.601 86.683
21
86.683 92.110
22
92.110 96.920
23
96.920 101.805
24
101.805 106.019
25
106.019 106.570
26
112.470 118.704
27
118.704 122.280
28
122.280 126.582
29
126.582 129.290
30
129.290 132.447
31
132.447 135.550
32
135.550 137.837
33
137.837 138.940
34
138.940 142.710
35
142.710 147.025
36
147.025 151.048
37
151.048 155.267
38
155.267 160.220
39
160.220 164.360
40
164.360 166.789
41
166.789 171.943
42
171.943 175.610
43
175.610 181.170
44
181.170 185.650
45
185.650 187.619
46
187.619 190.130
47
190.130 195.052
48
195.052 198.214
49
198.214 202.981
50
202.981 207.273
51
207.273 211.789
52
211.789 217.071
53
217.071 222.330
54
222.330 227.630
55
227.630 232.734
56
232.734 237.560
57
237.560 241.645
58
241.645 245.730
59
245.730 250.720
60
250.720 252.240
61
252.240 253.209
62
253.209 257.805
63
257.805 263.370
64
263.370 266.735
65
266.735 270.307
66
270.307 276.476
67
276.476 281.442
68
281.442 283.251
69
283.251 284.720
70
284.720 286.095
71
286.095 289.710
72
289.710 293.086
73
293.086 295.311
74
295.311 297.760
75
297.760 301.624
76
301.624 306.302
77
306.302 310.620
78
310.620 314.037
79
314.037 318.133
80
318.133 323.776
81
323.776 326.670
82
412.910 417.079
83
417.079 419.740
84
419.740 423.282
85
423.282 426.607
86
426.607 428.370
87
428.370 432.957
88
432.957 433.520
89
433.520 436.667
90
436.667 440.510
91
440.510 443.302
92
443.302 446.890
93
446.890 447.975
94
447.975 452.258
95
452.258 454.440
96
454.440 458.976
97
458.976 463.972
98
463.972 468.595
99
468.595 472.365
100
472.365 474.341
101
474.341 477.780
102
477.780 483.235
103
483.235 488.690
104
488.690 494.070
105
494.070 499.160
106
499.160 500.622
107
500.622 505.401
108
505.401 510.700
109
510.700 514.400
110
514.400 518.030
111
518.030 522.647
112
522.647 527.120
113
527.120 531.639
114
531.639 533.770
115
533.770 539.640
116
539.640 544.115
117
544.115 547.879
118
547.879 553.385
119
553.385 557.660
120
557.660 561.284
121
561.284 562.760
122
562.760 566.981
123
566.981 571.044
124
571.044 571.560
