0
0.000 7.325
1
7.325 13.500
2
13.500 18.500
3
18.500 24.215
4
24.215 29.680
5
29.680 34.518
6
34.518 39.547
7
39.547 45.070
8
45.070 51.751
9
51.751 57.769
10
57.769 65.005
11
65.005 70.008
12
70.008 75.705
13
75.705 81.630
14
81.630 87.920
15
87.920 94.550
16
94.550 100.665
17
100.665 104.320
18
104.320 109.735
19
109.735 114.576
20
114.576 119.950
21
119.950 125.690
22
125.690 131.122
23
131.122 136.116
24
136.116 140.400
25
140.400 145.360
26
145.360 151.748
27
151.748 155.610
28
155.610 160.410
29
160.410 165.410
30
165.410 169.600
31
169.600 174.726
32
174.726 179.271
33
179.271 186.190
34
186.190 190.880
35
190.880 196.310
36
196.310 200.536
37
200.536 207.840
38
207.840 212.830
39
212.830 215.246
40
215.246 220.862
41
220.862 225.504
42
225.504 230.160
43
230.160 235.060
44
235.060 239.283
45
239.283 243.669
46
243.669 249.043
47
249.043 254.530
48
254.530 262.050
49
262.050 267.243
50
267.243 272.610
51
272.610 277.070
52
277.070 281.621
53
281.621 286.149
54
286.149 290.422
55
290.422 295.243
56
295.243 300.186
57
300.186 306.149
58
306.149 310.855
59
310.855 315.640
60
315.640 321.214
61
321.214 324.583
62
324.583 330.320
63
330.320 334.670
64
334.670 338.990
65
338.990 344.220
66
344.220 349.740
67
349.740 353.930
68
353.930 359.810
69
359.810 362.590
70
362.590 368.180
71
368.180 374.658
72
374.658 379.157
73
379.157 382.533
74
382.533 386.100
75
386.100 391.235
76
391.235 395.475
77
395.475 399.430
78
399.430 403.600
79
403.600 411.113
80
411.113 416.934
81
416.934 421.780
82
421.780 425.431
83
425.431 429.757
84
429.757 432.700
85
432.700 437.110
86
437.110 445.340
87
445.340 451.910
88
451.910 458.410
89
458.410 466.588
90
466.588 470.790
91
470.790 477.330
92
477.330 482.066
93
482.066 487.400
94
487.400 488.260
95
488.260 494.365
96
494.365 499.864
97
499.864 501.500
98
501.500 506.782
99
506.782 511.920
100
511.920 516.100
101
516.100 520.385
102
520.385 525.588
103
525.588 530.478
104
530.478 535.880
105
535.880 540.040
106
540.040 545.690
107
545.690 553.380
108
553.380 557.231
109
557.231 561.090
110
561.090 566.072
111
566.072 570.910
112
570.910 575.750
113
575.750 580.620
114
580.620 588.842
115
588.842 594.760
116
594.760 600.460
117
600.460 606.197
118
606.197 611.330
119
611.330 615.459
120
615.459 618.720
121
618.720 623.840
122
623.840 628.960
123
628.960 635.312
124
635.312 642.570
125
642.570 647.823
126
647.823 652.805
127
652.805 657.370
128
657.370 660.557
129
660.557 666.013
130
666.013 671.300
131
671.300 677.052
132
677.052 683.660
133
683.660 688.762
134
688.762 694.089
135
694.089 700.780
136
700.780 705.905
137
705.905 711.213
138
711.213 716.800
139
716.800 720.046
140
720.046 723.380
141
723.380 729.040
142
729.040 734.179
143
734.179 741.642
144
741.642 747.382
145
747.382 752.923
146
752.923 757.454
147
757.454 762.220
148
762.220 766.835
149
766.835 771.931
150
771.931 778.929
151
778.929 784.089
152
784.089 789.044
153
789.044 794.694
154
794.694 801.875
155
801.875 808.120
156
808.120 815.151
157
815.151 821.252
158
821.252 825.594
159
825.594 831.310
160
831.310 835.934
161
835.934 841.080
162
841.080 847.130
163
847.130 852.436
164
852.436 859.310
165
859.310 865.477
166
865.477 870.277
167
870.277 875.236
168
875.236 879.731
169
879.731 884.979
170
884.979 890.506
171
890.506 893.940
172
893.940 900.176
173
900.176 905.830
174
905.830 910.647
175
910.647 915.380
176
915.380 920.605
177
920.605 927.565
178
927.565 935.040
