0
0.000 8.610
1
8.610 18.052
2
18.052 21.990
3
21.990 26.811
4
26.811 31.805
5
31.805 33.824
6
33.824 37.993
7
37.993 41.780
8
41.780 45.060
9
45.060 48.648
10
48.648 52.980
11
52.980 55.654
12
55.654 60.401
13
60.401 63.060
14
63.060 67.677
15
67.677 72.718
16
72.718 80.381
17
80.381 85.142
18
85.142 90.094
19
90.094 94.634
20
94.634 98.102
21
98.102 101.566
22
101.566 105.520
23
105.520 109.520
24
109.520 113.700
25
113.700 119.060
26
119.060 122.546
27
122.546 126.210
28
126.210 131.136
29
131.136 136.190
30
136.190 141.014
31
141.014 143.390
32
143.390 147.837
33
147.837 151.000
34
151.000 155.439
35
155.439 158.900
36
158.900 162.490
37
162.490 168.571
38
168.571 174.190
39
174.190 177.830
40
177.830 181.300
41
181.300 186.250
42
186.250 190.900
43
190.900 195.800
44
195.800 199.094
45
199.094 202.740
46
202.740 208.074
47
208.074 209.371
48
209.371 214.650
49
214.650 219.950
50
219.950 224.790
51
224.790 227.430
52
227.430 232.505
53
232.505 237.774
54
237.774 243.920
55
243.920 247.466
56
247.466 251.634
57
251.634 257.421
58
257.421 258.979
59
258.979 263.311
60
263.311 268.433
61
268.433 274.620
62
274.620 278.440
63
278.440 282.600
64
282.600 287.560
65
287.560 292.410
66
292.410 296.160
67
296.160 300.442
68
300.442 305.390
69
305.390 308.730
70
308.730 314.045
71
314.045 318.840
72
318.840 323.480
73
323.480 327.620
74
327.620 331.972
75
331.972 333.940
76
333.940 337.431
77
337.431 339.930
78
339.930 345.100
79
345.100 347.644
80
347.644 351.020
81
351.020 355.929
82
355.929 360.216
83
360.216 363.480
84
363.480 367.080
