0
0.000 6.402
1
6.402 10.270
2
10.270 12.810
3
12.810 14.161
4
14.161 19.039
5
19.039 22.824
6
22.824 24.950
7
24.950 30.770
8
30.770 34.560
9
34.560 39.720
10
39.720 44.840
11
44.840 49.828
12
49.828 51.980
13
51.980 55.698
14
55.698 59.070
15
59.070 63.425
16
63.425 67.780
17
67.780 72.523
18
72.523 76.311
19
76.311 77.140
20
77.140 80.583
21
80.583 88.420
22
88.420 95.930
23
95.930 103.440
24
103.440 110.955
25
110.955 119.119
26
119.119 121.065
27
121.065 125.860
28
125.860 129.120
29
129.120 134.300
30
134.300 139.279
31
139.279 142.028
32
142.028 146.505
33
146.505 150.470
34
150.470 152.407
35
152.407 156.510
36
156.510 161.176
37
161.176 164.950
38
164.950 169.555
39
169.555 174.378
40
174.378 178.467
41
178.467 182.790
42
182.790 187.888
43
187.888 192.560
44
192.560 196.470
45
196.470 201.060
