0
0.000 7.124
1
7.124 10.420
2
10.420 15.351
3
15.351 18.770
4
18.770 22.969
5
22.969 23.540
6
23.540 28.200
7
28.200 31.009
8
31.009 34.595
9
34.595 37.630
10
37.630 42.150
11
42.150 46.260
12
46.260 50.556
13
50.556 55.349
14
55.349 56.657
15
56.657 61.700
16
61.700 66.291
17
66.291 69.678
18
69.678 72.130
19
72.130 74.835
20
74.835 79.113
21
79.113 83.666
22
83.666 88.006
23
88.006 92.567
24
92.567 96.430
25
96.430 102.657
26
102.657 108.558
27
108.558 112.420
28
112.420 115.536
29
115.536 118.527
30
118.527 123.379
31
123.379 128.074
32
128.074 131.505
33
131.505 135.976
34
135.976 138.900
35
138.900 142.130
36
142.130 147.682
37
147.682 153.126
38
153.126 157.360
39
157.360 159.657
40
159.657 163.540
41
163.540 164.503
42
164.503 168.378
43
168.378 171.040
44
171.040 174.730
45
174.730 182.309
46
182.309 187.204
47
187.204 191.357
48
191.357 195.479
49
195.479 200.741
50
200.741 205.223
51
205.223 209.568
52
209.568 213.855
53
213.855 219.018
54
219.018 224.278
55
224.278 229.482
56
229.482 232.951
57
232.951 236.400
58
236.400 241.545
59
241.545 246.783
60
246.783 249.750
61
249.750 255.064
62
255.064 258.540
63
258.540 263.240
64
263.240 266.130
65
266.130 270.928
66
270.928 276.025
67
276.025 280.460
68
280.460 283.433
69
283.433 286.360
70
286.360 290.324
71
290.324 293.320
72
293.320 297.362
73
297.362 301.840
74
301.840 305.362
75
305.362 306.206
76
306.206 310.425
77
310.425 314.220
78
314.220 317.889
79
317.889 320.187
80
320.187 322.600
81
322.600 326.799
82
326.799 330.923
83
330.923 333.365
84
333.365 336.450
85
336.450 341.155
86
341.155 342.777
87
342.777 347.100
88
347.100 350.870
89
350.870 355.126
90
355.126 359.305
91
359.305 363.155
92
363.155 366.449
93
366.449 369.630
94
369.630 373.093
95
373.093 376.940
96
376.940 379.030
97
379.030 382.541
98
382.541 386.802
99
386.802 389.093
100
389.093 392.963
101
392.963 396.975
102
396.975 400.214
103
400.214 403.376
104
403.376 404.420
105
404.420 409.150
106
409.150 410.979
107
410.979 414.385
108
414.385 417.610
109
417.610 418.874
110
418.874 422.490
111
422.490 426.843
112
426.843 430.945
113
430.945 432.230
114
432.230 434.994
115
434.994 437.528
116
437.528 441.378
117
441.378 446.000
118
446.000 448.825
119
448.825 450.517
120
450.517 453.890
121
453.890 456.656
122
456.656 460.852
123
460.852 464.520
124
464.520 468.330
125
468.330 471.935
126
471.935 475.486
127
475.486 479.959
128
479.959 484.473
129
484.473 488.039
130
488.039 491.531
131
491.531 492.960
132
492.960 496.678
133
496.678 500.990
134
500.990 506.124
135
506.124 510.211
136
510.211 514.156
137
514.156 518.756
138
518.756 523.378
139
523.378 527.325
140
527.325 530.090
