0
0.000 4.825
1
4.825 10.940
2
10.940 15.640
3
15.640 17.890
4
17.890 19.167
5
19.167 22.551
6
22.551 27.210
7
27.210 31.802
8
31.802 36.748
9
36.748 41.010
10
41.010 43.770
11
43.770 48.765
12
48.765 51.832
13
51.832 56.520
14
56.520 61.510
15
61.510 64.658
16
64.658 68.117
17
68.117 73.390
18
73.390 76.918
19
76.918 81.080
20
81.080 84.243
21
84.243 86.752
22
86.752 89.580
23
89.580 91.793
24
91.793 95.165
25
95.165 96.710
26
96.710 100.514
27
100.514 103.375
28
103.375 108.358
29
108.358 112.961
30
112.961 117.918
31
117.918 122.385
32
122.385 125.213
33
125.213 128.044
34
128.044 131.664
35
131.664 134.684
36
134.684 140.329
37
140.329 145.475
38
145.475 150.900
39
150.900 156.411
40
156.411 159.780
41
159.780 162.011
42
162.011 165.054
43
165.054 169.185
44
169.185 173.977
45
173.977 178.819
46
178.819 183.642
47
183.642 187.472
48
187.472 190.448
49
190.448 195.781
50
195.781 201.290
51
201.290 206.370
52
206.370 210.955
53
210.955 212.519
54
212.519 216.944
55
216.944 222.660
56
222.660 226.590
57
226.590 232.124
58
232.124 236.816
59
236.816 240.610
60
240.610 245.565
61
245.565 250.893
62
250.893 254.818
63
254.818 259.340
64
259.340 262.131
65
262.131 265.650
66
265.650 270.410
67
270.410 272.829
68
272.829 276.700
69
276.700 281.247
70
281.247 286.053
71
286.053 290.110
72
290.110 294.775
73
294.775 298.987
74
298.987 301.839
75
301.839 306.836
76
306.836 308.790
77
308.790 312.174
78
312.174 314.700
79
314.700 319.977
80
319.977 324.402
81
324.402 328.200
82
328.200 331.773
83
331.773 336.866
84
336.866 340.866
85
340.866 345.565
86
345.565 348.727
87
348.727 353.847
88
353.847 358.820
89
358.820 363.170
90
363.170 367.061
91
367.061 370.200
92
370.200 375.400
93
375.400 380.320
94
380.320 384.730
