0
6.140 11.470
1
11.470 16.280
2
16.280 21.090
3
21.090 23.823
4
23.823 28.533
5
28.533 32.723
6
32.723 39.070
7
39.070 44.910
8
44.910 49.833
9
49.833 54.640
10
54.640 59.718
11
59.718 65.340
12
65.340 69.630
13
69.630 71.731
14
71.731 76.553
15
76.553 81.487
16
81.487 83.053
17
83.053 84.484
18
84.484 88.510
19
88.510 93.388
20
93.388 98.814
21
98.814 102.327
22
102.327 107.176
23
107.176 111.941
24
111.941 116.490
25
116.490 118.960
26
118.960 120.670
27
120.670 124.790
28
124.790 128.910
29
128.910 133.335
30
133.335 137.760
31
137.760 143.531
32
143.531 149.051
33
149.051 154.191
34
154.191 159.660
35
159.660 164.122
36
164.122 168.796
37
168.796 173.490
38
173.490 174.931
39
174.931 178.224
40
178.224 182.620
41
182.620 187.305
42
187.305 192.101
43
192.101 194.870
44
194.870 200.643
45
200.643 203.801
46
203.801 204.374
47
204.374 209.038
48
209.038 214.006
49
214.006 219.419
50
219.419 224.624
51
224.624 229.222
52
229.222 233.717
53
233.717 236.780
54
236.780 241.179
55
241.179 243.920
56
243.920 246.762
57
246.762 250.185
58
250.185 252.241
59
252.241 255.977
60
255.977 258.730
61
258.730 261.952
62
261.952 265.180
63
265.180 268.332
64
268.332 271.237
65
271.237 275.444
66
275.444 279.002
67
279.002 282.000
68
282.000 284.542
69
284.542 288.539
70
288.539 291.432
71
291.432 294.991
72
294.991 297.900
73
297.900 302.850
74
302.850 308.623
75
308.623 311.374
76
311.374 316.020
77
316.020 321.042
78
321.042 325.822
79
325.822 328.792
80
328.792 332.909
81
332.909 336.649
82
336.649 340.945
83
340.945 341.830
84
341.830 345.903
85
345.903 350.196
86
350.196 355.093
87
355.093 359.752
88
359.752 362.800
89
603.495 607.644
90
607.644 608.800
91
608.800 615.908
92
615.908 621.100
93
621.100 624.094
94
624.094 628.541
95
628.541 633.195
96
633.195 638.390
97
638.390 643.136
98
643.136 644.869
99
644.869 649.128
100
649.128 653.419
101
653.419 654.950
102
654.950 659.430
103
659.430 664.730
104
664.730 666.002
105
666.002 668.618
106
668.618 671.100
107
671.100 675.757
108
675.757 677.930
109
677.930 682.313
110
682.313 686.693
111
686.693 690.881
112
690.881 692.570
113
692.570 697.490
114
697.490 701.590
115
701.590 705.690
116
705.690 711.323
117
711.323 715.920
118
715.920 720.552
119
720.552 725.201
120
725.201 727.580
121
727.580 732.841
122
732.841 737.840
123
737.840 742.320
124
742.320 746.845
125
746.845 750.320
126
750.320 754.665
127
754.665 756.574
128
756.574 759.010
129
759.010 763.800
130
763.800 768.544
131
768.544 772.996
132
772.996 776.820
133
776.820 779.625
134
779.625 784.701
135
784.701 785.927
136
785.927 789.223
137
789.223 791.096
138
791.096 793.980
139
793.980 799.960
140
799.960 805.746
141
805.746 811.036
142
811.036 815.776
143
815.776 820.360
144
820.360 821.784
145
821.784 825.346
146
825.346 829.440
147
829.440 835.124
148
835.124 837.125
149
837.125 838.300
150
838.300 840.356
151
840.356 843.504
152
843.504 844.917
153
844.917 846.280
154
846.280 851.340
155
851.340 858.532
156
858.532 863.330
157
863.330 867.660
158
867.660 872.577
159
872.577 876.743
160
876.743 880.850
