0
0.000 8.787
1
8.787 13.225
2
13.225 14.860
3
14.860 19.624
4
19.624 24.379
5
24.379 25.384
6
25.384 29.220
7
29.220 31.789
8
31.789 34.770
9
34.770 38.539
10
38.539 40.490
11
40.490 43.722
12
43.722 48.389
13
48.389 52.552
14
52.552 55.997
15
55.997 57.980
16
57.980 61.884
17
61.884 65.980
18
65.980 70.240
19
70.240 74.500
20
74.500 77.995
21
77.995 79.050
22
79.050 82.202
23
82.202 85.545
24
85.545 90.510
25
90.510 95.328
26
95.328 98.182
27
98.182 104.230
28
104.230 105.503
29
105.503 108.280
30
108.280 112.834
31
112.834 117.160
32
117.160 120.220
33
120.220 125.482
34
125.482 128.750
35
128.750 133.436
36
133.436 136.620
37
136.620 141.884
38
141.884 146.170
39
146.170 148.730
40
148.730 152.890
41
152.890 157.739
42
157.739 159.215
43
159.215 160.461
44
160.461 163.120
45
163.120 167.501
46
167.501 171.430
