0
0.000 8.610
1
8.610 16.105
2
16.105 22.365
3
22.365 24.947
4
24.947 27.910
5
27.910 31.889
6
31.889 32.890
7
32.890 37.870
8
37.870 42.778
9
42.778 47.654
10
47.654 52.016
11
52.016 55.600
12
55.600 60.492
13
60.492 63.881
14
63.881 67.000
15
67.000 71.385
16
71.385 74.024
17
74.024 77.930
18
77.930 83.685
19
83.685 87.260
20
87.260 89.440
21
89.440 95.718
22
95.718 99.655
23
99.655 103.880
24
103.880 107.080
25
107.080 110.070
26
110.070 114.798
27
114.798 119.349
28
119.349 123.398
29
123.398 128.128
30
128.128 131.000
31
131.000 134.054
32
134.054 139.540
33
139.540 144.029
34
144.029 150.005
35
150.005 154.660
36
154.660 159.562
37
159.562 162.760
38
162.760 167.866
39
167.866 172.739
40
172.739 175.870
41
175.870 178.450
42
178.450 183.070
43
183.070 183.810
44
183.810 188.709
45
188.709 191.020
46
191.020 195.490
47
195.490 196.890
48
196.890 201.505
49
201.505 205.387
50
205.387 209.460
51
209.460 214.755
52
214.755 218.630
53
218.630 223.622
54
223.622 228.096
55
228.096 230.290
56
230.290 235.216
57
235.216 235.970
58
235.970 241.429
59
241.429 246.480
60
246.480 250.695
61
250.695 254.910
62
254.910 257.914
63
257.914 262.341
64
262.341 267.250
65
267.250 271.374
66
271.374 274.910
67
274.910 280.217
68
280.217 285.738
69
285.738 289.630
70
289.630 294.090
71
294.090 299.600
72
299.600 304.240
73
304.240 307.367
74
307.367 312.055
75
312.055 316.760
76
316.760 322.190
77
322.190 327.224
78
327.224 336.390
79
336.390 341.020
80
341.020 347.927
81
347.927 353.170
82
353.170 362.778
83
362.778 367.690
84
367.690 373.845
85
373.845 381.236
86
381.236 384.850
87
384.850 394.114
88
394.114 399.410
89
399.410 403.569
90
403.569 406.500
91
406.500 410.835
92
410.835 415.170
