0
0.000 7.432
1
7.432 10.805
2
10.805 13.780
3
13.780 18.170
4
18.170 22.560
5
22.560 27.810
6
27.810 32.635
7
32.635 37.240
8
37.240 39.474
9
39.474 43.793
10
43.793 46.852
11
46.852 50.700
12
50.700 54.904
13
54.904 58.982
14
58.982 63.836
15
63.836 67.840
16
67.840 72.830
17
72.830 78.960
18
78.960 83.120
19
83.120 85.646
20
85.646 90.355
21
90.355 93.588
22
93.588 97.590
23
97.590 102.680
24
102.680 107.605
25
107.605 112.530
26
112.530 115.850
27
115.850 120.321
28
120.321 125.008
29
125.008 129.357
30
129.357 134.125
31
134.125 137.868
32
137.868 140.813
33
140.813 144.160
34
144.160 147.664
35
147.664 152.184
36
152.184 156.925
37
156.925 159.636
38
159.636 164.250
39
164.250 168.579
40
168.579 172.731
41
172.731 176.170
42
176.170 180.225
43
180.225 184.280
44
184.280 189.455
45
189.455 193.501
46
193.501 197.830
47
197.830 202.408
48
202.408 206.650
49
206.650 208.930
50
208.930 212.075
51
212.075 216.293
52
216.293 220.268
53
220.268 224.646
54
224.646 227.720
55
227.720 230.558
56
230.558 232.930
57
232.930 237.360
58
237.360 240.738
59
240.738 243.883
60
243.883 249.173
61
249.173 253.785
62
253.785 258.810
63
258.810 261.656
64
261.656 264.640
65
264.640 269.438
66
269.438 273.310
67
273.310 277.630
68
277.630 284.635
69
284.635 290.242
70
290.242 295.240
71
295.240 301.842
72
301.842 304.080
73
304.080 308.766
74
308.766 311.110
75
311.110 314.685
76
314.685 316.215
77
316.215 319.740
78
319.740 324.680
79
324.680 328.299
80
328.299 332.911
81
332.911 337.481
82
337.481 341.250
83
341.250 344.641
84
344.641 347.314
85
347.314 351.693
86
351.693 356.039
87
356.039 358.470
88
358.470 360.924
89
360.924 365.915
90
365.915 369.533
91
369.533 373.930
92
373.930 379.444
93
379.444 383.733
94
383.733 389.441
95
389.441 393.943
96
393.943 397.914
97
397.914 400.437
98
400.437 405.106
99
405.106 408.395
100
408.395 411.737
101
411.737 415.842
102
415.842 420.159
103
420.159 423.024
104
423.024 426.370
105
426.370 430.150
106
430.150 434.170
107
434.170 438.190
108
438.190 441.194
109
441.194 443.120
110
443.120 447.047
111
447.047 453.020
112
453.020 457.990
113
457.990 462.880
114
462.880 466.922
115
466.922 471.438
116
471.438 477.198
117
477.198 481.862
118
481.862 486.673
119
486.673 490.890
120
490.890 496.401
121
496.401 501.578
122
501.578 506.416
123
506.416 510.490
124
510.490 514.954
125
514.954 518.810
126
518.810 523.054
127
523.054 528.150
128
528.150 533.070
129
533.070 537.394
130
537.394 542.950
131
542.950 547.570
132
547.570 554.795
133
602.120 605.922
134
605.922 611.023
135
611.023 617.393
136
617.393 621.850
137
621.850 625.187
138
625.187 628.754
139
628.754 633.360
140
633.360 638.540
141
638.540 644.280
142
644.280 648.688
143
648.688 649.620
144
649.620 653.707
145
653.707 656.722
146
656.722 659.150
147
659.150 663.540
148
663.540 666.118
149
666.118 667.930
150
667.930 673.470
151
673.470 681.810
152
681.810 687.086
153
687.086 691.542
154
691.542 692.310
155
692.310 693.829
156
693.829 697.010
157
697.010 701.760
158
701.760 705.451
159
705.451 710.333
160
710.333 711.800
161
711.800 715.181
162
715.181 719.040
163
719.040 726.349
164
726.349 731.310
165
731.310 735.162
166
735.162 740.545
167
740.545 745.480
168
745.480 751.940
169
751.940 755.666
170
755.666 757.750
171
757.750 761.621
172
761.621 764.487
173
764.487 766.290
174
766.290 770.820
175
770.820 775.804
176
775.804 780.531
177
780.531 784.639
178
784.639 788.291
179
788.291 793.159
180
793.159 796.820
181
796.820 801.240
182
801.240 805.290
183
805.290 810.278
184
810.278 812.350
185
812.350 815.780
186
815.780 818.236
187
818.236 822.440
188
822.440 825.832
189
825.832 831.193
190
831.193 834.247
191
834.247 837.660
192
837.660 839.527
193
839.527 840.715
194
840.715 842.131
195
842.131 843.500
196
843.500 849.846
197
849.846 852.318
198
852.318 857.370
199
857.370 865.221
200
865.221 867.810
201
867.810 870.032
202
870.032 874.445
203
874.445 878.646
204
878.646 882.880
205
882.880 885.863
206
885.863 888.924
207
888.924 890.218
208
890.218 894.507
209
894.507 896.108
210
896.108 897.734
211
897.734 901.290
212
901.290 902.659
213
902.659 905.020
214
905.020 908.668
215
908.668 909.409
216
909.409 912.891
217
912.891 915.532
218
915.532 918.691
219
918.691 923.600
220
923.600 927.981
221
927.981 931.602
222
931.602 933.818
223
933.818 937.980
224
937.980 942.233
225
942.233 943.138
226
943.138 946.042
227
946.042 949.020
228
949.020 952.868
229
952.868 957.670
230
957.670 960.982
231
960.982 965.110
232
965.110 970.770
233
970.770 974.187
234
974.187 978.118
235
978.118 980.143
236
980.143 984.090
237
984.090 986.542
238
986.542 988.660
239
988.660 993.645
240
993.645 996.770
241
996.770 999.622
242
999.622 1003.910
243
1003.910 1006.493
244
1006.493 1011.670
245
1011.670 1014.029
246
1014.029 1016.270
247
1016.270 1020.000
248
1020.000 1023.335
249
1023.335 1024.840
250
1024.840 1027.150
251
1027.150 1028.690
252
1028.690 1031.540
253
1031.540 1033.440
254
1033.440 1036.856
255
1036.856 1040.404
256
1040.404 1043.650
257
1043.650 1047.171
258
1047.171 1050.887
259
1050.887 1053.020
260
1053.020 1055.605
261
1055.605 1059.235
262
1059.235 1061.655
263
1061.655 1066.108
264
1066.108 1069.422
265
1069.422 1072.639
266
1072.639 1075.580
267
1075.580 1078.121
268
1078.121 1081.936
269
1081.936 1085.720
270
1085.720 1090.983
271
1090.983 1095.745
272
1095.745 1099.336
273
1099.336 1100.638
274
1100.638 1103.898
275
1103.898 1105.529
276
1105.529 1109.022
277
1109.022 1111.248
278
1111.248 1112.170
279
1112.170 1113.331
280
1113.331 1116.542
281
1116.542 1120.861
282
1120.861 1122.510
283
1122.510 1124.492
284
1124.492 1125.933
285
1125.933 1127.380
286
1127.380 1130.236
287
1130.236 1132.210
288
1132.210 1134.972
289
1134.972 1137.295
290
1137.295 1139.101
291
1139.101 1140.456
292
1140.456 1141.246
293
1141.246 1142.380
294
1142.380 1146.775
295
1146.775 1149.759
296
1149.759 1151.170
297
1151.170 1153.734
298
1153.734 1156.850
299
1156.850 1160.158
300
1160.158 1162.393
301
1162.393 1165.530
302
1165.530 1169.580
303
1169.580 1171.010
304
1171.010 1175.110
305
1175.110 1178.044
306
1178.044 1182.147
307
1182.147 1185.656
308
1185.656 1188.972
309
1188.972 1192.980
310
1192.980 1196.805
311
1196.805 1198.575
312
1198.575 1201.155
313
1201.155 1202.880
314
1202.880 1207.333
315
1207.333 1210.110
316
1210.110 1213.956
317
1213.956 1217.503
318
1217.503 1219.729
319
1219.729 1221.493
320
1221.493 1223.300
321
1223.300 1226.106
322
1226.106 1227.820
323
1227.820 1231.302
324
1231.302 1234.800
325
1234.800 1237.364
326
1237.364 1240.295
327
1240.295 1243.345
328
1243.345 1246.940
329
1246.940 1249.512
330
1249.512 1252.405
331
1252.405 1256.842
332
1256.842 1258.386
333
1258.386 1260.605
334
1260.605 1262.228
335
1262.228 1264.892
336
1264.892 1266.280
337
1266.280 1270.661
338
1270.661 1273.341
339
1273.341 1276.794
340
1276.794 1279.370
341
1279.370 1286.831
342
1286.831 1291.533
343
1291.533 1295.636
344
1295.636 1299.647
345
1299.647 1303.178
346
1303.178 1305.819
347
1305.819 1308.226
348
1308.226 1310.854
349
1310.854 1313.892
350
1313.892 1316.847
351
1316.847 1319.476
352
1319.476 1322.183
353
1322.183 1324.870
354
1324.870 1327.360
355
1327.360 1332.046
356
1332.046 1333.685
357
1333.685 1335.517
358
1335.517 1338.296
359
1338.296 1340.010
360
1340.010 1343.293
361
1343.293 1346.094
362
1346.094 1347.610
363
1347.610 1352.910
364
1352.910 1355.128
365
1355.128 1358.210
366
1358.210 1361.900
367
1361.900 1366.607
368
1366.607 1368.147
369
1368.147 1372.650
370
1372.650 1374.788
371
1374.788 1377.165
372
1377.165 1379.487
373
1379.487 1382.912
374
1382.912 1386.220
375
1386.220 1391.130
376
1391.130 1394.320
377
1394.320 1397.077
378
1397.077 1398.625
379
1398.625 1400.906
380
1400.906 1405.581
381
1405.581 1409.490
382
1409.490 1416.540
383
1416.540 1421.789
384
1421.789 1425.164
385
1425.164 1427.997
386
1427.997 1432.375
387
1432.375 1433.630
388
1433.630 1438.130
389
1438.130 1441.683
390
1441.683 1442.980
391
1442.980 1446.083
392
1446.083 1447.830
393
1447.830 1449.608
394
1449.608 1453.480
395
1453.480 1457.990
396
1457.990 1459.765
397
1459.765 1462.994
398
1462.994 1467.678
399
1467.678 1470.569
400
1470.569 1474.203
401
1474.203 1477.370
402
1477.370 1480.919
403
1480.919 1485.200
404
1485.200 1486.944
405
1486.944 1491.564
406
1491.564 1493.680
407
1493.680 1497.902
408
1497.902 1498.890
409
1498.890 1503.679
410
1503.679 1507.659
411
1507.659 1515.090
412
1515.090 1519.603
413
1519.603 1520.510
414
1520.510 1527.770
415
1527.770 1535.770
416
1535.770 1543.770
417
1543.770 1551.770
418
1551.770 1560.950
419
1560.950 1565.774
420
1565.774 1570.214
421
1570.214 1572.289
422
1572.289 1572.965
423
1572.965 1575.049
424
1575.049 1577.036
425
1577.036 1578.310
426
1578.310 1580.927
427
1580.927 1584.593
428
1584.593 1586.357
429
1586.357 1587.464
430
1587.464 1588.580
431
1588.580 1592.179
432
1592.179 1595.762
433
1595.762 1598.222
434
1598.222 1600.160
435
1600.160 1606.030
436
1606.030 1608.282
437
1608.282 1612.720
438
1612.720 1617.473
439
1617.473 1620.130
440
1620.130 1622.714
441
1622.714 1624.430
442
1624.430 1628.015
443
1628.015 1630.691
444
1630.691 1635.200
445
1635.200 1638.034
446
1638.034 1640.544
447
1640.544 1642.352
448
1642.352 1645.522
449
1645.522 1647.112
450
1647.112 1649.715
451
1649.715 1650.836
452
1650.836 1653.204
453
1653.204 1655.710
454
1655.710 1659.780
455
1659.780 1663.604
456
1663.604 1666.650
457
1666.650 1670.395
458
1670.395 1671.046
459
1671.046 1673.270
460
1673.270 1673.990
461
1673.990 1676.722
462
1676.722 1679.588
463
1679.588 1683.485
464
1683.485 1688.159
465
1688.159 1691.756
466
1691.756 1693.284
467
1693.284 1694.180
468
1694.180 1696.951
469
1696.951 1701.298
470
1701.298 1703.150
471
1703.150 1707.926
472
1707.926 1712.211
473
1712.211 1713.500
474
1713.500 1715.210
475
1715.210 1718.631
476
1718.631 1723.905
477
1723.905 1727.902
478
1727.902 1728.925
479
1728.925 1731.790
480
1731.790 1735.291
481
1735.291 1739.368
482
1739.368 1742.260
483
1742.260 1746.965
484
1746.965 1748.520
485
1748.520 1749.976
486
1749.976 1753.160
487
1753.160 1754.782
488
1754.782 1756.730
