0
0.000 5.700
1
5.700 13.605
2
13.605 18.044
3
18.044 21.510
4
21.510 25.700
5
25.700 30.855
6
30.855 35.924
7
35.924 40.512
8
40.512 44.505
9
44.505 48.146
10
48.146 49.934
11
49.934 54.850
12
54.850 58.648
13
58.648 61.786
14
61.786 66.757
15
66.757 72.902
16
72.902 79.545
17
79.545 83.720
18
83.720 87.350
19
87.350 91.668
20
91.668 95.023
21
95.023 99.360
22
99.360 104.705
23
104.705 108.009
24
108.009 112.065
25
112.065 116.693
26
116.693 117.439
27
117.439 119.394
28
119.394 123.198
29
123.198 124.502
30
124.502 128.273
31
128.273 132.940
32
132.940 138.588
33
138.588 144.170
34
144.170 149.090
35
149.090 154.010
36
154.010 160.657
37
160.657 164.072
38
164.072 168.727
39
168.727 170.010
40
170.010 174.661
41
174.661 179.603
42
179.603 184.512
43
184.512 189.495
44
189.495 193.630
45
193.630 199.300
46
199.300 205.665
47
205.665 211.749
48
211.749 217.680
49
217.680 222.705
50
222.705 227.730
51
227.730 232.671
52
232.671 237.083
53
237.083 243.284
54
243.284 248.380
55
248.380 253.299
56
253.299 254.330
57
254.330 259.865
58
259.865 263.950
59
263.950 267.560
60
267.560 274.947
61
274.947 280.188
62
280.188 284.360
63
284.360 290.544
64
290.544 294.480
65
294.480 300.345
66
300.345 305.570
67
305.570 310.357
68
310.357 314.700
69
314.700 319.411
70
319.411 324.192
71
324.192 327.833
72
327.833 332.847
73
332.847 338.150
74
338.150 342.917
75
342.917 347.644
76
347.644 352.605
77
352.605 357.620
78
357.620 362.794
79
362.794 368.466
80
368.466 373.865
81
373.865 379.760
82
379.760 383.331
83
383.331 388.947
84
388.947 392.972
85
392.972 396.550
86
396.550 400.314
87
400.314 405.273
88
405.273 410.179
89
410.179 416.203
90
416.203 422.720
91
422.720 428.450
