0
0.000 5.902
1
5.902 9.374
2
9.374 11.060
3
11.060 16.060
4
16.060 21.060
5
21.060 21.963
6
21.963 26.445
7
26.445 30.999
8
30.999 34.588
9
34.588 37.990
10
37.990 41.330
11
41.330 45.291
12
45.291 50.556
13
50.556 55.270
14
55.270 60.032
15
60.032 64.488
16
64.488 69.093
17
69.093 74.022
18
74.022 77.568
19
77.568 82.101
20
82.101 86.847
21
86.847 90.240
22
90.240 91.880
23
91.880 96.019
24
96.019 100.970
25
100.970 103.530
26
103.530 107.913
27
107.913 111.320
28
111.320 115.886
29
115.886 119.551
30
119.551 124.507
31
124.507 125.160
32
125.160 131.630
33
131.630 135.520
34
135.520 140.360
35
140.360 145.200
36
145.200 148.220
37
148.220 152.501
38
152.501 155.580
39
155.580 160.420
40
160.420 163.350
41
163.350 168.170
42
168.170 172.720
43
172.720 175.239
44
175.239 179.527
45
179.527 183.150
46
183.150 187.735
47
187.735 192.320
48
192.320 195.867
49
195.867 200.475
50
200.475 203.802
51
203.802 208.598
52
208.598 213.310
53
213.310 215.259
54
215.259 219.838
55
219.838 222.972
56
222.972 227.610
57
227.610 228.999
58
228.999 233.564
59
233.564 235.950
60
235.950 241.310
61
241.310 245.620
62
245.620 250.492
63
250.492 255.090
64
255.090 259.348
65
259.348 261.400
66
261.400 265.613
67
265.613 268.312
68
268.312 272.920
69
272.920 277.781
70
277.781 282.710
71
282.710 287.060
72
287.060 291.103
73
291.103 296.970
74
296.970 302.057
75
302.057 306.216
76
306.216 310.220
77
310.220 315.044
78
315.044 316.090
79
316.090 321.030
80
321.030 322.400
81
322.400 327.949
82
327.949 333.401
83
333.401 338.560
84
338.560 343.321
85
343.321 347.922
86
347.922 349.614
87
349.614 353.559
88
353.559 356.530
89
356.530 361.227
90
361.227 364.844
91
364.844 369.579
92
369.579 373.902
93
373.902 374.860
94
374.860 378.920
95
378.920 383.903
96
383.903 388.150
97
388.150 391.800
98
391.800 396.779
99
396.779 401.277
100
401.277 403.670
101
403.670 408.238
102
408.238 411.946
103
411.946 416.928
104
416.928 417.930
105
417.930 422.154
106
422.154 427.515
107
427.515 432.010
108
432.010 434.738
109
434.738 436.895
110
436.895 438.260
111
438.260 442.457
112
442.457 446.740
113
446.740 451.647
114
451.647 454.630
115
454.630 456.664
116
456.664 461.760
117
461.760 465.505
118
465.505 469.510
119
469.510 472.587
120
472.587 475.381
121
475.381 479.690
122
479.690 484.309
123
484.309 485.400
124
485.400 488.169
125
488.169 491.375
126
491.375 495.374
127
495.374 499.830
128
499.830 502.686
129
502.686 506.907
130
506.907 507.600
131
507.600 510.692
132
510.692 512.625
133
512.625 514.750
134
514.750 517.650
135
517.650 522.366
136
522.366 523.081
137
523.081 527.950
138
527.950 532.390
139
532.390 536.230
140
536.230 539.670
141
539.670 544.300
142
544.300 548.977
143
548.977 551.430
144
551.430 556.580
145
556.580 561.376
146
561.376 562.170
147
562.170 565.867
148
565.867 568.810
149
568.810 573.738
150
573.738 576.933
151
576.933 579.396
152
579.396 584.138
153
584.138 586.650
154
586.650 589.943
155
589.943 592.670
