0
0.000 6.876
1
6.876 12.030
2
12.030 18.890
3
18.890 23.600
4
23.600 27.382
5
27.382 29.426
6
29.426 33.490
7
33.490 36.036
8
36.036 38.018
9
38.018 40.707
10
40.707 44.414
11
44.414 49.108
12
49.108 52.775
13
52.775 57.730
14
57.730 61.669
15
61.669 66.035
16
66.035 70.407
17
70.407 74.568
18
74.568 78.818
19
78.818 83.427
20
83.427 88.111
21
88.111 90.653
22
90.653 96.193
23
96.193 102.117
24
102.117 103.783
25
103.783 108.450
26
108.450 116.035
27
116.035 125.256
28
125.256 129.316
29
129.316 133.932
30
133.932 137.082
31
137.082 139.558
32
139.558 141.709
33
141.709 143.977
34
143.977 148.347
35
148.347 149.990
36
149.990 154.490
37
154.490 158.412
38
158.412 161.217
39
161.217 165.111
40
165.111 166.055
41
166.055 169.619
42
169.619 170.419
43
170.419 174.552
44
174.552 179.005
45
179.005 181.187
46
181.187 188.249
47
188.249 197.945
48
197.945 204.539
49
204.539 207.520
50
207.520 211.267
51
211.267 215.996
52
215.996 219.920
53
219.920 225.250
54
225.250 232.743
55
232.743 238.515
56
238.515 241.403
57
241.403 246.237
58
246.237 248.540
59
248.540 251.866
60
251.866 256.512
61
256.512 264.530
62
264.530 269.886
63
269.886 275.445
64
275.445 279.750
