0
0.000 8.060
1
8.060 15.176
2
15.176 21.362
3
21.362 26.410
4
26.410 30.766
5
30.766 33.020
6
33.020 33.899
7
33.899 38.374
8
38.374 43.293
9
43.293 47.539
10
47.539 50.650
11
50.650 55.065
12
55.065 57.359
13
57.359 62.111
14
62.111 64.608
15
64.608 68.676
16
68.676 72.900
17
72.900 76.921
18
76.921 81.242
19
81.242 82.100
20
82.100 87.454
21
87.454 92.317
22
92.317 93.410
23
93.410 97.840
24
97.840 101.467
25
101.467 106.446
26
106.446 111.550
27
111.550 115.348
28
115.348 118.316
29
118.316 121.370
30
121.370 123.309
31
123.309 127.807
32
127.807 129.090
33
129.090 132.490
34
132.490 137.281
35
137.281 141.450
36
141.450 145.430
37
145.430 148.469
38
148.469 150.730
39
150.730 153.537
40
153.537 157.822
41
157.822 162.160
42
162.160 166.043
43
166.043 169.658
44
169.658 174.059
45
174.059 178.373
46
178.373 183.124
47
183.124 185.650
48
185.650 190.252
49
190.252 194.379
50
194.379 199.100
51
199.100 201.629
52
201.629 203.220
53
203.220 206.799
54
206.799 209.760
55
209.760 214.420
56
214.420 218.310
57
218.310 222.430
58
222.430 226.550
59
226.550 232.060
60
232.060 235.781
61
235.781 241.210
62
241.210 244.920
63
244.920 247.160
64
247.160 250.918
65
250.918 254.744
66
254.744 256.990
67
256.990 260.908
68
260.908 263.801
69
263.801 266.697
70
266.697 271.230
71
271.230 274.660
72
274.660 277.281
73
277.281 280.040
74
280.040 284.493
75
284.493 288.720
76
288.720 291.750
77
291.750 294.859
78
294.859 298.230
79
298.230 302.490
80
302.490 307.540
81
307.540 311.424
82
311.424 314.045
83
314.045 318.818
84
318.818 320.550
85
320.550 325.115
86
325.115 329.795
87
329.795 331.340
88
331.340 337.065
89
337.065 342.407
90
342.407 347.373
91
347.373 351.500
92
351.500 355.439
93
355.439 360.920
94
360.920 365.513
95
365.513 367.126
96
367.126 371.913
97
371.913 376.090
98
376.090 380.207
99
380.207 384.257
100
384.257 387.450
101
387.450 392.130
102
392.130 397.287
103
397.287 401.446
104
401.446 405.410
105
405.410 410.399
106
410.399 414.070
107
414.070 417.055
108
417.055 422.432
109
422.432 427.370
110
427.370 428.225
111
428.225 432.052
112
432.052 436.876
113
436.876 440.534
114
440.534 442.362
115
442.362 445.136
116
445.136 449.160
117
449.160 454.290
118
454.290 458.704
119
458.704 459.420
120
459.420 462.640
121
462.640 467.165
122
467.165 471.983
123
471.983 476.412
124
476.412 479.507
125
479.507 482.800
126
482.800 487.665
127
487.665 491.445
128
491.445 494.869
129
494.869 499.500
130
499.500 503.638
131
503.638 507.123
132
507.123 509.870
133
509.870 513.720
134
513.720 516.000
135
516.000 520.301
136
520.301 525.176
137
525.176 529.222
138
529.222 533.360
