0
5.300 10.471
1
10.471 16.130
2
16.130 21.500
3
21.500 25.160
4
25.160 26.060
5
26.060 29.250
6
29.250 33.560
7
33.560 39.345
8
39.345 43.390
9
43.390 47.280
10
47.280 48.851
11
48.851 53.185
12
53.185 57.930
13
57.930 59.364
14
59.364 64.148
15
64.148 65.870
16
65.870 69.870
17
69.870 73.810
18
73.810 79.432
19
79.432 83.974
20
83.974 87.238
21
87.238 92.009
22
92.009 95.842
23
95.842 98.920
24
98.920 101.944
25
101.944 105.800
26
105.800 109.870
27
109.870 112.403
28
112.403 117.552
29
117.552 122.388
30
122.388 125.022
31
125.022 128.516
32
128.516 132.500
33
132.500 134.943
34
134.943 138.196
35
138.196 142.057
36
142.057 145.864
37
145.864 150.296
38
150.296 153.954
39
153.954 154.850
40
154.850 161.060
41
161.060 166.785
42
166.785 169.770
43
169.770 173.590
44
173.590 178.520
45
178.520 182.300
46
182.300 187.730
47
187.730 192.520
48
192.520 197.417
49
197.417 201.943
50
201.943 206.552
51
206.552 209.600
52
209.600 212.505
53
212.505 217.480
54
217.480 223.150
55
223.150 227.744
56
227.744 231.510
57
231.510 237.623
58
237.623 242.530
59
242.530 245.442
60
245.442 249.487
61
249.487 251.430
62
251.430 255.306
63
255.306 259.796
64
259.796 263.460
65
263.460 265.010
66
265.010 268.256
67
268.256 271.990
68
271.990 276.474
69
276.474 281.585
70
281.585 285.632
71
285.632 289.810
72
289.810 294.252
73
294.252 295.240
74
295.240 298.563
75
298.563 302.310
76
302.310 303.753
77
303.753 306.702
78
306.702 310.431
79
310.431 315.390
80
315.390 319.582
81
319.582 323.390
82
323.390 326.133
83
326.133 329.764
84
329.764 333.380
85
333.380 336.831
86
336.831 341.066
87
341.066 342.200
88
342.200 346.472
89
346.472 349.475
90
349.475 353.167
91
353.167 356.750
92
356.750 360.255
93
360.255 363.814
94
363.814 365.426
95
365.426 367.922
96
367.922 369.430
97
369.430 373.610
98
373.610 376.592
99
376.592 378.935
100
378.935 382.725
101
382.725 386.596
102
386.596 390.223
103
390.223 393.988
104
393.988 397.469
105
397.469 401.670
106
401.670 405.715
107
405.715 409.775
108
409.775 413.321
109
413.321 416.211
110
416.211 420.180
111
420.180 422.922
112
422.922 427.467
113
427.467 430.060
114
430.060 433.954
115
433.954 438.303
116
438.303 441.570
117
441.570 446.465
118
446.465 450.910
