0
12.190 18.055
1
18.055 23.920
2
23.920 28.720
3
28.720 30.167
4
30.167 33.520
5
33.520 35.594
6
35.594 40.461
7
40.461 42.310
8
42.310 47.229
9
47.229 52.020
10
52.020 55.626
11
55.626 60.498
12
60.498 63.976
13
63.976 69.604
14
69.604 74.520
15
74.520 79.140
16
79.140 80.473
17
80.473 87.038
18
87.038 92.830
19
92.830 100.109
20
100.109 104.940
21
104.940 109.391
22
109.391 114.005
23
114.005 116.470
24
116.470 119.782
25
119.782 121.360
26
121.360 126.461
27
126.461 131.552
28
131.552 135.325
29
135.325 140.000
30
140.000 143.490
31
143.490 148.275
32
148.275 153.060
33
153.060 158.600
34
158.600 164.140
35
164.140 168.710
36
168.710 173.982
37
173.982 179.345
38
179.345 184.506
39
184.506 189.534
40
189.534 194.239
41
194.239 196.171
42
196.171 201.055
43
201.055 204.130
44
204.130 209.760
45
209.760 215.390
46
215.390 220.580
47
220.580 225.347
48
225.347 229.328
49
229.328 231.590
50
231.590 236.240
51
236.240 238.981
52
238.981 243.972
53
243.972 247.037
54
247.037 251.990
55
251.990 256.460
56
256.460 259.076
57
259.076 264.547
58
264.547 268.249
59
268.249 271.929
60
271.929 276.948
61
276.948 282.760
62
282.760 287.155
63
287.155 287.710
64
287.710 292.660
65
292.660 297.283
66
297.283 301.290
67
301.290 302.998
68
302.998 306.720
69
306.720 311.400
70
311.400 316.370
71
316.370 321.402
72
321.402 326.870
73
326.870 331.740
74
331.740 336.745
75
336.745 341.750
