0
0.000 7.330
1
7.330 11.678
2
11.678 13.981
3
13.981 18.930
4
18.930 21.379
5
21.379 26.933
6
26.933 31.455
7
31.455 32.993
8
32.993 38.111
9
38.111 42.760
10
42.760 47.457
11
47.457 52.532
12
52.532 55.390
13
55.390 60.090
14
60.090 64.146
15
64.146 67.859
16
67.859 73.360
17
73.360 78.280
18
78.280 83.200
19
83.200 87.780
20
87.780 92.360
21
92.360 97.095
22
97.095 101.830
23
101.830 107.450
24
107.450 111.680
25
111.680 116.282
26
116.282 121.130
27
121.130 126.350
28
126.350 131.193
29
131.193 135.660
30
135.660 140.190
31
140.190 143.750
32
143.750 148.510
33
148.510 153.432
34
153.432 158.320
35
158.320 165.791
36
165.791 170.390
37
170.390 175.157
38
175.157 179.290
39
179.290 185.130
