0
5.880 10.478
1
10.478 13.620
2
13.620 18.270
3
18.270 22.407
4
22.407 26.340
5
26.340 30.635
6
30.635 34.930
7
34.930 39.469
8
39.469 45.650
9
45.650 50.043
10
50.043 54.718
11
54.718 59.786
12
59.786 64.748
13
64.748 69.478
14
69.478 73.070
15
73.070 76.250
16
76.250 82.820
17
82.820 88.685
18
88.685 90.300
19
90.300 95.711
20
95.711 98.720
21
98.720 101.799
22
101.799 106.620
23
106.620 111.518
24
111.518 115.786
25
115.786 120.100
26
120.100 124.998
27
124.998 126.896
28
126.896 129.320
29
129.320 130.270
30
130.270 136.640
31
136.640 141.209
32
141.209 143.860
33
143.860 147.380
34
147.380 152.525
35
152.525 156.417
36
156.417 160.480
37
160.480 163.430
38
163.430 167.563
39
167.563 169.970
40
169.970 175.800
41
175.800 179.547
42
179.547 182.716
43
182.716 185.311
44
185.311 189.382
45
189.382 190.690
46
190.690 194.300
47
194.300 195.550
48
195.550 200.410
