0
0.000 8.057
1
8.057 12.313
2
12.313 14.510
3
14.510 18.675
4
18.675 22.840
5
22.840 26.699
6
26.699 28.531
7
28.531 32.400
8
32.400 35.372
9
35.372 40.365
10
40.365 42.649
11
42.649 46.184
12
46.184 51.000
13
51.000 55.283
14
55.283 60.087
15
60.087 65.500
16
65.500 70.695
17
70.695 75.300
18
75.300 80.851
19
80.851 85.572
20
85.572 90.138
21
90.138 95.433
22
95.433 100.420
23
100.420 105.183
24
105.183 109.870
25
109.870 113.350
26
113.350 118.550
27
118.550 123.602
28
123.602 126.438
29
126.438 131.186
30
131.186 136.069
31
136.069 139.880
