0
12.190 17.702
1
17.702 22.540
2
22.540 27.250
3
27.250 31.612
4
31.612 35.732
5
35.732 40.415
6
40.415 44.527
7
44.527 46.520
8
46.520 51.100
9
51.100 54.426
10
54.426 59.370
11
59.370 60.140
12
60.140 61.035
13
61.035 64.625
14
64.625 69.110
15
69.110 73.240
16
73.240 79.366
17
79.366 84.080
18
84.080 87.493
19
87.493 92.440
20
92.440 96.119
21
96.119 97.300
22
97.300 98.837
23
98.837 104.038
24
104.038 109.080
25
109.080 113.506
26
113.506 118.250
27
118.250 121.650
28
121.650 126.220
29
126.220 130.790
30
130.790 133.385
31
133.385 138.581
32
138.581 143.681
33
143.681 148.990
34
148.990 152.360
35
152.360 154.085
36
154.085 156.517
37
156.517 162.232
38
162.232 167.260
39
167.260 171.835
40
171.835 176.410
41
176.410 179.670
42
179.670 182.605
43
182.605 185.246
44
185.246 190.556
45
190.556 196.040
46
196.040 199.376
47
199.376 203.280
48
203.280 207.547
49
207.547 211.603
50
211.603 215.807
51
215.807 219.984
52
219.984 223.425
53
223.425 228.490
54
228.490 234.290
55
234.290 238.270
56
238.270 242.883
57
242.883 247.755
58
247.755 250.567
59
250.567 254.946
60
254.946 259.473
61
259.473 263.985
62
263.985 267.769
63
267.769 269.840
64
269.840 273.594
65
273.594 276.493
66
276.493 279.770
67
279.770 284.349
68
284.349 288.596
69
288.596 291.187
70
291.187 293.900
71
293.900 298.076
72
298.076 302.727
73
302.727 307.834
74
307.834 313.157
75
313.157 317.933
76
317.933 321.469
77
321.469 325.476
78
325.476 330.544
79
330.544 335.490
80
335.490 341.000
81
341.000 345.790
82
345.790 350.580
83
350.580 354.387
84
354.387 358.440
85
358.440 363.713
86
363.713 368.797
87
368.797 374.290
88
374.290 378.625
89
378.625 382.960
90
382.960 387.005
91
387.005 390.283
92
390.283 393.558
93
393.558 398.595
94
398.595 401.480
95
401.480 406.450
96
406.450 409.148
97
409.148 412.743
98
412.743 416.630
99
416.630 421.640
100
421.640 426.596
101
426.596 431.742
102
431.742 436.800
103
436.800 440.020
104
440.020 441.898
105
441.898 445.140
106
445.140 446.980
107
446.980 450.989
108
450.989 454.695
109
454.695 455.802
110
455.802 459.130
111
459.130 463.170
