0
0.000 5.710
1
5.710 13.515
2
13.515 18.758
3
18.758 24.425
4
24.425 27.633
5
27.633 32.622
6
32.622 36.655
7
36.655 41.554
8
41.554 46.374
9
46.374 49.535
10
49.535 52.879
11
52.879 58.474
12
58.474 64.434
13
64.434 69.620
14
69.620 74.713
15
74.713 79.154
16
79.154 85.190
17
85.190 87.730
18
87.730 91.731
19
91.731 94.200
20
94.200 98.756
21
98.756 101.540
22
101.540 104.770
23
104.770 108.740
24
108.740 114.419
25
114.419 119.353
26
119.353 123.624
27
123.624 128.280
28
128.280 133.283
29
133.283 138.147
30
138.147 142.513
31
142.513 147.360
32
147.360 152.552
33
152.552 157.276
34
157.276 159.787
35
159.787 164.940
36
164.940 169.075
37
169.075 173.522
38
173.522 177.215
39
177.215 181.990
40
181.990 187.648
41
187.648 190.924
42
190.924 195.180
43
195.180 199.815
44
199.815 205.957
45
205.957 210.963
46
210.963 215.779
47
215.779 220.476
48
220.476 224.891
49
224.891 230.324
50
230.324 234.060
51
234.060 239.736
52
239.736 243.030
53
243.030 247.370
54
247.370 252.958
55
252.958 258.051
56
258.051 259.057
57
259.057 265.073
58
265.073 269.391
59
269.391 272.882
60
272.882 274.934
61
274.934 279.477
62
279.477 284.450
63
284.450 289.443
64
289.443 294.028
65
294.028 298.703
66
298.703 302.222
67
302.222 305.978
68
305.978 310.794
69
310.794 315.206
70
315.206 320.100
71
320.100 324.410
72
324.410 328.838
73
328.838 333.918
74
333.918 338.523
75
338.523 345.070
76
345.070 349.957
77
349.957 354.722
78
354.722 358.433
79
358.433 362.990
80
362.990 367.590
81
367.590 372.895
82
372.895 378.322
83
378.322 383.558
84
383.558 390.196
85
390.196 395.589
86
395.589 400.103
87
400.103 404.234
88
404.234 409.988
89
409.988 414.800
90
414.800 419.950
91
419.950 424.431
92
424.431 429.870
93
429.870 434.018
94
434.018 439.466
95
439.466 443.231
96
443.231 449.430
97
449.430 455.619
98
455.619 461.081
99
461.081 465.518
100
465.518 470.480
101
470.480 474.995
102
474.995 480.151
103
480.151 486.670
104
486.670 491.920
105
491.920 496.834
106
496.834 501.925
107
501.925 506.920
108
506.920 515.315
109
515.315 520.180
110
520.180 525.055
111
525.055 530.179
112
530.179 535.119
113
535.119 539.462
114
539.462 543.722
115
543.722 547.612
116
547.612 552.266
117
552.266 556.846
118
556.846 559.963
119
559.963 564.013
120
564.013 569.251
121
569.251 574.310
122
574.310 579.640
123
579.640 586.017
124
586.017 593.049
125
593.049 597.845
126
597.845 602.790
127
602.790 605.460
128
605.460 610.457
129
610.457 613.060
130
613.060 620.149
131
620.149 626.998
132
626.998 632.885
133
632.885 641.103
134
641.103 646.351
135
646.351 652.426
136
652.426 657.187
137
657.187 661.888
138
661.888 664.687
139
664.687 669.359
140
669.359 673.018
141
673.018 674.790
142
674.790 678.496
143
678.496 679.365
144
679.365 683.940
