0
0.000 7.349
1
7.349 11.180
2
11.180 15.686
3
15.686 17.251
4
17.251 20.897
5
20.897 21.840
6
21.840 24.485
7
24.485 29.642
8
29.642 35.197
9
35.197 42.390
10
42.390 47.741
11
47.741 53.670
12
53.670 58.973
13
58.973 64.649
14
64.649 69.490
15
69.490 73.625
16
73.625 76.188
17
76.188 79.450
18
79.450 84.850
19
84.850 89.698
20
89.698 94.227
21
94.227 96.140
22
96.140 99.660
23
99.660 102.156
24
102.156 105.441
25
105.441 109.216
26
109.216 109.980
27
109.980 114.299
28
114.299 118.220
29
118.220 121.860
30
121.860 125.940
31
125.940 129.125
32
129.125 133.130
33
133.130 134.777
34
134.777 139.765
35
139.765 143.445
36
143.445 146.788
37
146.788 149.690
38
149.690 152.232
39
152.232 155.970
40
155.970 158.772
41
158.772 163.660
42
163.660 168.685
43
168.685 172.913
44
172.913 175.120
45
175.120 179.140
46
179.140 183.282
47
183.282 185.821
48
185.821 187.611
49
187.611 192.425
50
192.425 196.096
51
196.096 196.840
52
196.840 200.923
53
200.923 205.540
