0
0.000 7.450
1
7.450 12.980
2
12.980 15.688
3
15.688 18.510
4
18.510 21.387
5
21.387 24.460
6
24.460 29.316
7
29.316 34.280
8
34.280 36.548
9
36.548 39.457
10
39.457 40.920
11
40.920 45.192
12
45.192 49.283
13
49.283 53.084
14
53.084 56.197
15
56.197 58.620
16
58.620 59.955
17
59.955 62.882
18
62.882 66.395
19
66.395 68.950
20
68.950 69.755
21
69.755 74.258
22
74.258 76.286
23
76.286 78.630
24
78.630 79.496
25
79.496 84.335
26
84.335 85.430
27
85.430 86.654
28
86.654 87.610
29
87.610 88.580
30
88.580 92.267
31
92.267 94.280
32
94.280 98.138
33
98.138 99.625
34
99.625 100.742
35
100.742 101.806
36
101.806 102.618
37
102.618 104.470
38
104.470 106.248
39
106.248 110.050
40
110.050 112.149
41
112.149 116.449
42
116.449 118.750
43
118.750 121.896
44
121.896 125.726
45
125.726 130.200
46
130.200 134.240
47
134.240 137.611
48
137.611 142.414
49
142.414 143.717
50
143.717 147.242
51
147.242 150.451
52
150.451 151.403
53
151.403 154.429
54
154.429 158.079
55
158.079 160.250
56
160.250 164.220
57
164.220 168.000
58
168.000 172.982
59
172.982 176.776
60
176.776 181.753
61
181.753 183.260
62
183.260 188.606
63
188.606 192.951
64
192.951 193.710
65
193.710 198.350
66
198.350 200.390
67
200.390 202.152
68
202.152 204.936
69
204.936 208.200
70
208.200 212.321
71
212.321 217.839
72
217.839 222.204
73
222.204 224.007
74
224.007 228.365
75
228.365 232.116
76
232.116 235.251
77
235.251 238.001
78
238.001 241.948
79
241.948 243.140
80
243.140 244.185
81
244.185 247.920
82
247.920 249.279
83
249.279 253.600
84
253.600 256.900
85
256.900 260.589
86
260.589 264.059
87
264.059 266.530
88
266.530 269.875
89
269.875 274.789
90
274.789 277.750
91
277.750 279.614
92
279.614 281.943
93
281.943 285.020
94
285.020 289.570
95
289.570 293.677
96
293.677 295.320
97
295.320 300.270
98
300.270 302.564
99
302.564 306.425
100
306.425 309.720
101
309.720 312.580
102
312.580 314.350
103
314.350 317.575
104
317.575 320.180
105
320.180 322.565
106
322.565 327.200
107
327.200 330.720
108
330.720 333.836
109
333.836 337.217
110
337.217 338.300
111
338.300 343.205
112
343.205 345.154
113
345.154 347.371
114
347.371 350.120
115
350.120 353.648
116
353.648 356.810
117
356.810 358.495
118
358.495 360.120
119
360.120 361.244
120
361.244 364.868
121
364.868 366.310
122
366.310 371.103
123
371.103 375.650
124
375.650 378.540
125
378.540 382.618
126
382.618 387.510
127
387.510 389.023
128
389.023 391.701
129
391.701 393.500
130
393.500 397.520
131
397.520 401.525
132
401.525 405.282
133
405.282 406.033
134
406.033 407.140
