0
6.100 7.311
1
7.311 8.696
2
8.696 11.990
3
11.990 13.303
4
13.303 17.050
5
17.050 22.110
6
22.110 27.500
7
27.500 31.394
8
31.394 32.520
9
32.520 36.560
10
36.560 42.012
11
42.012 47.853
12
47.853 51.210
13
51.210 55.638
14
55.638 56.965
15
56.965 61.562
16
61.562 66.750
17
66.750 72.686
18
72.686 73.540
19
73.540 75.716
20
75.716 78.050
21
78.050 82.156
22
82.156 85.338
23
85.338 88.703
24
88.703 90.790
25
90.790 97.395
26
97.395 101.147
27
101.147 106.025
28
106.025 109.795
29
109.795 110.783
30
110.783 112.428
31
112.428 113.003
32
113.003 114.325
33
114.325 116.809
34
116.809 118.211
35
118.211 119.760
36
119.760 122.816
37
122.816 124.040
38
124.040 128.550
39
128.550 129.646
40
129.646 130.972
41
130.972 131.606
42
131.606 134.698
43
134.698 138.922
44
138.922 141.740
45
141.740 144.902
46
144.902 147.430
