0
0.000 9.278
1
9.278 13.790
2
13.790 18.641
3
18.641 19.860
4
19.860 24.870
5
24.870 29.255
6
29.255 33.640
7
33.640 38.221
8
38.221 43.150
9
43.150 47.445
10
47.445 52.418
11
52.418 55.260
12
55.260 57.501
13
57.501 60.870
14
60.870 65.678
15
65.678 70.053
16
70.053 73.049
17
73.049 77.605
18
77.605 81.471
19
81.471 84.290
20
84.290 87.627
21
87.627 90.530
22
90.530 95.232
23
95.232 97.660
24
97.660 101.970
25
101.970 106.940
26
106.940 111.910
27
111.910 116.612
28
116.612 117.130
29
117.130 121.246
30
121.246 126.000
31
126.000 130.323
32
130.323 133.769
33
133.769 136.345
34
136.345 141.170
35
141.170 143.480
36
143.480 144.350
37
144.350 151.510
