0
0.004 6.233
1
6.233 16.200
2
16.200 17.818
3
17.818 19.312
4
19.312 24.838
5
24.838 27.800
6
27.800 31.260
7
31.260 35.030
8
35.030 40.120
9
40.120 43.290
10
43.290 44.980
11
44.980 48.990
12
48.990 52.310
13
52.310 54.760
14
54.760 56.100
15
56.100 58.900
16
58.900 61.490
17
61.490 66.446
18
66.446 71.877
19
71.877 77.948
20
77.948 81.477
21
81.477 85.738
22
85.738 91.520
23
91.520 96.110
24
96.110 97.550
25
97.550 100.510
26
102.570 103.790
27
103.790 106.770
28
106.770 112.360
29
112.360 114.840
30
114.840 118.660
31
118.660 121.780
32
121.780 125.670
33
125.670 127.970
34
127.970 129.889
35
131.130 135.445
36
135.445 143.150
37
143.150 146.210
38
146.210 149.020
39
149.020 153.390
40
153.390 155.120
41
155.120 157.680
42
157.680 159.080
43
160.160 164.160
44
164.160 168.790
45
168.790 171.600
46
171.600 176.120
47
176.120 178.060
48
178.060 180.340
49
180.340 181.760
50
181.760 185.490
51
185.490 189.020
52
189.020 193.840
53
193.840 196.810
54
196.810 198.730
55
198.730 201.830
56
201.830 206.680
57
206.680 212.410
58
212.410 217.430
59
217.430 219.410
60
219.410 223.010
61
223.010 226.770
62
226.770 228.070
63
230.100 233.650
64
233.650 236.730
65
236.730 239.185
66
239.185 244.190
67
244.190 247.005
68
247.005 248.220
69
249.290 251.740
70
251.740 254.780
71
254.780 255.800
72
255.800 259.270
73
259.270 263.900
74
263.900 266.161
75
266.161 270.730
76
270.730 272.420
77
272.420 273.070
78
273.070 274.790
79
274.790 277.130
80
277.130 281.580
81
281.580 284.900
82
284.900 288.750
83
288.750 293.180
84
293.180 296.530
85
296.530 300.180
86
300.180 303.310
87
303.310 304.530
88
304.530 305.470
89
306.770 308.970
90
308.970 314.765
91
314.765 316.675
92
316.675 322.795
93
322.795 330.140
94
330.140 333.040
95
333.040 336.580
96
336.580 340.970
97
340.970 348.805
98
348.805 349.940
99
349.940 350.775
100
350.775 355.330
101
355.330 358.060
102
358.060 359.640
103
359.640 362.290
104
362.290 364.900
105
364.900 365.480
106
365.480 367.580
107
367.580 371.760
108
371.760 372.690
109
372.690 376.410
110
376.410 381.400
111
381.400 386.340
112
386.340 391.275
113
391.275 393.520
114
393.520 396.120
115
396.120 400.380
116
400.380 402.990
117
402.990 405.240
118
405.240 409.010
119
409.010 410.200
120
410.200 413.810
121
413.810 416.780
122
416.780 419.470
123
419.470 422.630
124
422.630 424.420
125
424.420 427.820
126
427.820 433.480
127
433.480 436.200
128
436.200 440.230
129
440.230 441.760
130
441.760 445.510
131
445.510 447.700
132
447.700 449.020
133
449.020 451.570
134
451.570 454.440
135
454.440 457.870
136
457.870 459.890
137
459.890 463.270
138
463.270 466.211
139
466.211 468.954
140
468.954 473.777
141
473.777 475.489
142
475.489 478.883
143
478.883 482.641
144
482.641 485.356
145
485.356 488.650
146
488.650 490.660
147
491.890 494.459
148
494.459 494.965
149
494.965 498.740
150
498.740 503.583
151
503.583 506.122
152
506.122 510.555
153
510.555 513.802
154
513.802 517.660
155
517.660 521.376
156
521.376 523.380
157
523.380 528.220
158
528.220 531.910
159
531.910 534.169
160
534.169 538.350
161
538.350 542.860
162
542.860 545.381
163
545.381 548.843
164
548.843 552.670
165
552.670 557.650
166
557.650 560.500
167
560.500 563.720
168
563.720 567.330
169
567.330 571.660
170
571.660 575.760
171
575.760 578.896
172
578.896 582.700
173
582.700 585.100
174
585.100 586.730
175
586.730 589.330
176
591.350 593.000
177
593.000 594.740
178
594.740 596.930
179
598.050 599.420
180
599.420 601.460
181
601.460 603.153
182
603.153 604.740
183
604.740 607.970
184
607.970 611.090
185
611.090 612.980
186
612.980 615.820
187
615.820 619.370
188
619.370 621.914
189
621.914 624.760
190
624.760 628.110
191
628.110 633.650
192
633.650 636.840
193
636.840 640.710
194
640.710 641.810
195
641.810 645.590
196
645.590 649.710
197
649.710 652.740
198
652.740 654.920
199
656.150 659.830
200
659.830 660.570
201
660.570 662.828
202
662.828 665.390
203
665.390 668.999
204
668.999 672.427
205
672.427 675.495
206
675.495 678.771
207
678.771 682.410
208
682.410 683.700
209
683.700 685.530
210
685.530 686.670
211
686.670 690.290
212
690.290 693.170
213
693.170 696.720
214
696.720 697.590
215
697.590 700.380
216
700.380 704.210
217
704.210 709.360
218
709.360 712.000
219
712.000 715.190
220
715.190 718.930
221
718.930 722.340
222
722.340 724.420
223
724.420 727.090
224
727.090 729.000
225
729.000 732.260
226
732.260 733.750
227
733.750 738.550
228
738.550 743.357
229
743.357 749.220
230
751.000 753.680
231
753.680 756.960
232
756.960 760.400
233
760.400 763.490
234
763.490 766.872
235
766.872 768.163
236
768.163 771.079
237
771.079 773.537
238
773.537 776.670
239
776.670 778.100
240
778.100 779.330
241
779.330 780.790
242
780.790 781.990
243
781.990 783.650
244
783.650 784.910
245
784.910 787.290
246
787.290 789.200
247
791.430 792.755
248
792.755 795.680
249
795.680 797.670
250
797.670 800.470
251
800.470 801.870
252
801.870 805.100
253
805.100 808.130
254
808.130 809.090
255
809.090 810.690
256
813.600 817.140
257
817.140 820.810
258
820.810 824.410
259
824.410 828.334
260
828.334 832.316
261
832.316 835.047
262
835.047 838.185
263
838.185 840.350
264
840.350 841.933
265
841.933 844.520
266
844.520 847.751
267
847.751 848.700
268
848.700 852.924
269
852.924 856.800
270
856.800 859.761
271
859.761 861.400
272
861.400 863.780
273
863.780 866.960
274
866.960 871.449
275
874.830 879.074
276
879.074 883.111
277
883.111 887.090
278
887.090 890.850
279
890.850 895.430
280
895.430 899.930
281
899.930 901.520
282
901.520 904.710
283
904.710 906.532
284
906.532 908.940
285
908.940 910.530
286
910.530 912.590
287
912.590 915.920
288
915.920 919.820
289
920.970 922.400
290
922.400 926.100
291
926.100 929.060
292
929.060 936.120
293
936.120 940.280
294
940.280 944.448
295
944.448 947.730
296
947.730 952.294
297
952.294 955.781
298
955.781 960.416
299
960.416 961.188
300
961.188 966.178
301
966.178 969.348
302
969.348 974.193
303
974.193 977.000
304
978.310 981.808
305
981.808 983.075
306
983.075 991.750
307
991.750 993.905
308
993.905 994.533
309
994.533 1004.533
310
1014.014 1015.059
311
1015.059 1024.358
312
1024.358 1026.350
313
1026.350 1030.060
314
1030.060 1032.460
315
1032.460 1034.600
316
1034.600 1035.340
317
1035.340 1036.900
318
1036.900 1039.150
319
1039.150 1040.590
320
1040.590 1043.260
321
1043.260 1045.790
322
1045.790 1049.020
323
1049.020 1052.790
324
1052.790 1056.120
325
1056.120 1059.820
326
1059.820 1063.110
327
1063.110 1064.880
328
1064.880 1069.780
329
1069.780 1072.560
330
1072.560 1075.580
331
1075.580 1077.490
332
1077.490 1080.160
333
1080.160 1080.770
334
1080.770 1084.200
335
1084.200 1086.720
336
1086.720 1088.040
337
1088.040 1089.990
338
1089.990 1091.880
339
1091.880 1094.625
340
1094.625 1097.810
341
1097.810 1099.160
342
1099.160 1101.690
343
1101.690 1104.720
344
1104.720 1107.840
345
1107.840 1110.090
346
1110.090 1111.770
347
1111.770 1112.730
348
1112.730 1115.870
349
1115.870 1118.000
350
1118.000 1122.160
351
1122.160 1124.540
352
1124.540 1128.670
353
1128.670 1133.080
354
1133.080 1134.170
355
1134.170 1137.680
356
1137.680 1140.320
357
1140.320 1142.900
358
1142.900 1145.520
359
1145.520 1148.890
360
1148.890 1151.380
361
1151.380 1153.510
362
1153.510 1156.600
363
1156.600 1157.940
364
1157.940 1164.138
365
1164.138 1167.505
366
1167.505 1169.200
367
1169.200 1171.310
368
1171.310 1176.240
369
1176.240 1178.650
370
1178.650 1181.530
371
1181.530 1185.780
372
1185.780 1190.860
373
1190.860 1191.580
374
1191.580 1194.330
375
1194.330 1197.770
376
1197.770 1202.340
377
1202.340 1204.660
378
1204.660 1209.740
379
1209.740 1210.486
380
1210.486 1211.942
381
1211.942 1215.401
382
1215.401 1216.204
383
1216.204 1218.896
384
1218.896 1220.580
385
1220.580 1227.240
