0
0.000 5.715
1
5.715 7.896
2
7.896 11.636
3
11.636 16.555
4
16.555 20.440
5
20.440 24.840
6
24.840 29.460
7
29.460 35.490
8
35.490 42.050
9
42.050 47.065
10
47.065 52.080
11
52.080 58.040
12
58.040 64.653
13
64.653 71.281
14
71.281 77.517
15
77.517 83.760
16
83.760 90.340
17
90.340 94.689
18
94.689 98.340
19
98.340 103.604
20
103.604 108.784
21
108.784 115.315
22
115.315 122.419
23
122.419 125.540
24
125.540 130.724
25
130.724 137.213
26
137.213 142.180
27
142.180 150.180
28
150.180 156.087
29
156.087 161.204
30
161.204 166.293
31
166.293 171.340
32
171.340 175.890
33
175.890 180.440
