0
0.000 8.360
1
8.360 13.120
2
13.120 15.840
3
15.840 21.133
4
21.133 23.030
5
23.030 29.006
6
29.006 33.922
7
33.922 39.110
8
39.110 41.537
9
41.537 45.900
10
45.900 50.680
11
50.680 55.234
12
55.234 58.185
13
58.185 63.750
14
63.750 69.151
15
69.151 74.280
16
74.280 79.085
17
79.085 83.462
18
83.462 85.980
19
85.980 90.080
20
90.080 94.180
21
94.180 98.425
22
98.425 101.480
23
101.480 105.907
24
105.907 110.216
25
110.216 112.933
26
112.933 116.300
27
116.300 121.360
28
121.360 125.204
29
125.204 129.350
30
129.350 134.780
31
134.780 140.210
32
140.210 144.780
33
144.780 149.354
34
149.354 151.860
35
151.860 157.072
36
157.072 161.660
37
161.660 166.450
38
166.450 170.781
39
170.781 174.779
40
174.779 179.703
41
179.703 181.030
42
181.030 184.210
43
184.210 191.680
