0
0.000 8.445
1
8.445 12.710
2
12.710 17.470
3
17.470 22.240
4
22.240 25.493
5
25.493 30.223
6
30.223 35.280
7
35.280 39.760
8
39.760 43.101
9
43.101 47.525
10
47.525 49.370
11
49.370 55.181
12
55.181 60.539
13
60.539 63.651
14
63.651 67.861
15
67.861 73.217
16
73.217 78.540
17
78.540 83.363
18
83.363 88.357
19
88.357 92.791
20
92.791 97.546
21
97.546 102.250
22
102.250 107.350
23
107.350 110.350
24
110.350 115.530
25
115.530 119.918
26
119.918 125.045
27
125.045 129.570
28
129.570 132.727
29
132.727 137.545
30
137.545 138.547
31
138.547 143.640
32
143.640 147.529
33
147.529 150.043
34
150.043 154.810
35
154.810 159.400
36
159.400 164.472
37
164.472 169.632
38
169.632 174.570
39
174.570 180.000
40
180.000 185.929
41
185.929 191.180
42
191.180 196.896
43
196.896 203.036
44
203.036 207.105
45
207.105 209.256
46
209.256 214.097
47
214.097 216.215
48
216.215 221.092
49
221.092 224.930
50
224.930 228.590
51
228.590 235.890
