0
0.000 7.717
1
7.717 11.530
2
11.530 16.080
3
16.080 24.247
4
24.247 28.976
5
28.976 33.630
6
33.630 37.910
7
37.910 42.960
8
42.960 47.790
9
47.790 52.140
10
52.140 59.620
11
59.620 65.000
12
65.000 70.140
13
70.140 77.500
14
77.500 82.376
15
82.376 87.120
16
87.120 91.370
17
91.370 99.076
18
99.076 105.853
19
105.853 110.921
20
110.921 116.130
21
116.130 123.229
22
123.229 126.034
23
126.034 131.322
24
131.322 134.910
25
134.910 140.473
26
140.473 147.340
27
147.340 152.460
28
152.460 157.530
29
157.530 163.180
30
163.180 167.030
31
167.030 171.720
32
171.720 176.300
33
176.300 179.134
34
179.134 183.617
35
183.617 188.717
36
188.717 192.717
37
192.717 197.650
38
197.650 202.500
39
202.500 207.399
40
207.399 210.700
41
210.700 218.086
42
218.086 224.333
43
224.333 230.100
44
230.100 235.920
45
235.920 241.460
46
241.460 244.975
47
244.975 250.323
48
250.323 254.463
49
254.463 256.290
50
256.290 261.191
51
261.191 266.255
52
266.255 272.914
53
272.914 276.286
54
276.286 279.810
55
279.810 284.710
56
284.710 289.029
57
289.029 293.576
58
293.576 298.450
59
298.450 304.330
60
304.330 309.423
61
309.423 316.560
62
316.560 322.002
63
322.002 328.224
64
328.224 332.613
65
332.613 337.680
66
337.680 344.331
67
344.331 348.870
68
348.870 353.310
69
353.310 358.610
70
358.610 363.180
71
363.180 369.200
72
369.200 374.260
73
374.260 379.142
74
379.142 382.750
75
382.750 388.040
76
388.040 394.190
77
394.190 401.202
78
401.202 405.340
79
405.340 409.930
80
409.930 412.247
81
412.247 414.350
82
414.350 420.080
83
420.080 423.384
84
423.384 429.396
85
429.396 431.182
86
431.182 435.948
87
435.948 439.756
88
439.756 444.512
89
444.512 450.190
90
450.190 456.221
91
456.221 461.306
92
461.306 466.311
93
466.311 471.350
94
471.350 475.930
95
475.930 481.569
96
481.569 486.607
97
486.607 490.900
98
490.900 496.080
99
496.080 500.490
100
500.490 505.497
101
505.497 510.578
102
510.578 515.732
103
515.732 518.835
104
518.835 524.799
105
524.799 529.476
106
529.476 532.557
107
532.557 537.250
108
537.250 540.233
109
540.233 546.267
110
546.267 550.907
111
550.907 557.210
112
557.210 560.908
113
560.908 566.637
114
566.637 570.861
115
570.861 575.950
116
575.950 581.555
117
581.555 586.155
118
586.155 591.933
119
591.933 597.020
120
597.020 602.475
121
602.475 608.756
122
608.756 612.757
123
612.757 615.881
124
615.881 620.436
125
620.436 625.950
126
625.950 630.873
127
630.873 636.262
128
636.262 641.896
129
641.896 646.904
130
646.904 651.298
131
651.298 655.889
132
655.889 659.117
133
659.117 664.234
134
664.234 669.945
135
669.945 674.583
136
674.583 676.420
137
676.420 682.410
138
682.410 686.900
139
686.900 690.902
140
690.902 695.847
141
695.847 700.466
142
700.466 705.010
143
705.010 708.581
144
708.581 713.880
145
713.880 719.175
146
719.175 726.345
147
726.345 731.135
148
731.135 736.052
149
736.052 740.534
150
740.534 745.154
151
745.154 749.515
152
749.515 754.622
153
754.622 762.330
154
762.330 768.987
155
768.987 774.556
156
774.556 780.720
157
780.720 784.788
158
784.788 785.530
159
785.530 788.588
160
788.588 793.960
161
793.960 799.590
162
799.590 806.057
163
806.057 811.147
164
811.147 816.064
165
816.064 819.140
166
819.140 821.395
167
821.395 827.399
168
827.399 832.110
169
832.110 836.590
170
836.590 842.290
171
842.290 847.062
172
847.062 852.550
173
852.550 854.390
174
854.390 859.910
175
859.910 864.415
176
864.415 868.773
177
868.773 873.506
178
873.506 878.342
179
878.342 882.731
180
882.731 887.800
181
887.800 892.500
182
892.500 897.136
183
897.136 901.810
184
901.810 904.920
185
904.920 911.250
186
911.250 916.982
187
916.982 922.750
188
922.750 928.278
189
928.278 932.850
190
932.850 937.737
191
937.737 942.709
192
942.709 947.986
193
947.986 952.686
194
952.686 957.741
195
957.741 963.257
196
963.257 970.740
197
970.740 977.053
198
977.053 981.981
199
981.981 986.749
200
986.749 991.033
201
991.033 995.890
202
995.890 998.276
203
998.276 1003.861
204
1003.861 1010.633
205
1010.633 1015.468
206
1015.468 1020.235
207
1020.235 1026.870
208
1026.870 1033.090
209
1033.090 1039.000
210
1039.000 1044.170
211
1044.170 1049.248
212
1049.248 1054.922
213
1054.922 1059.860
214
1059.860 1064.355
215
1064.355 1067.104
216
1067.104 1070.646
217
1070.646 1075.029
218
1075.029 1079.966
219
1079.966 1083.957
220
1083.957 1085.700
221
1085.700 1088.401
222
1088.401 1091.302
223
1091.302 1096.342
224
1096.342 1101.520
225
1101.520 1106.870
226
1106.870 1110.430
227
1110.430 1114.010
228
1114.010 1120.780
229
1120.780 1125.810
230
1125.810 1130.333
231
1130.333 1132.963
232
1132.963 1137.806
233
1137.806 1143.301
234
1143.301 1147.497
235
1147.497 1149.865
236
1149.865 1151.530
237
1151.530 1152.628
238
1152.628 1157.790
239
1157.790 1159.320
240
1159.320 1164.337
241
1164.337 1166.090
242
1166.090 1166.740
243
1166.740 1174.740
244
1174.740 1182.185
245
1182.185 1189.630
