0
0.000 8.325
1
8.325 12.910
2
12.910 16.388
3
16.388 20.889
4
20.889 26.154
5
26.154 30.850
6
30.850 35.517
7
35.517 38.290
8
38.290 43.070
9
43.070 47.576
10
47.576 49.010
11
49.010 53.470
12
53.470 57.930
13
57.930 61.899
14
61.899 65.790
15
65.790 70.830
16
70.830 75.070
17
75.070 78.420
18
78.420 83.138
19
83.138 86.610
20
86.610 91.596
21
91.596 94.400
22
94.400 100.255
23
100.255 106.110
24
106.110 111.017
25
111.017 114.310
26
114.310 118.857
27
118.857 123.865
28
123.865 125.420
29
125.420 129.830
30
129.830 137.000
