0
0.000 8.698
1
8.698 12.911
2
12.911 16.333
3
16.333 21.107
4
21.107 26.030
5
26.030 29.480
6
29.480 33.730
7
33.730 37.980
8
37.980 42.100
9
42.100 46.388
10
46.388 48.327
11
48.327 50.012
12
50.012 55.061
13
55.061 60.040
14
60.040 62.232
15
62.232 65.750
16
65.750 70.505
17
70.505 75.384
18
75.384 79.461
19
79.461 80.870
20
80.870 85.830
21
85.830 90.884
22
90.884 96.026
23
96.026 100.247
24
100.247 103.790
25
103.790 106.304
26
106.304 110.695
27
110.695 115.545
28
115.545 121.234
29
121.234 126.609
30
126.609 131.408
31
131.408 132.789
32
132.789 137.770
33
137.770 139.001
34
139.001 142.202
35
142.202 146.062
36
146.062 150.581
37
150.581 152.672
38
152.672 156.120
39
156.120 163.120
