0
0.000 9.466
1
9.466 16.020
2
16.020 21.067
3
21.067 26.549
4
26.549 31.921
5
31.921 38.450
6
38.450 44.515
7
44.515 50.580
8
50.580 57.223
9
57.223 63.695
10
63.695 68.097
11
68.097 75.075
12
75.075 80.438
13
80.438 85.790
14
85.790 90.794
15
90.794 95.950
16
95.950 98.879
17
98.879 102.697
18
102.697 107.253
19
107.253 112.190
20
112.190 120.076
21
120.076 124.619
22
124.619 129.460
23
129.460 135.462
24
135.462 141.990
25
141.990 147.176
26
147.176 153.730
27
153.730 159.716
28
159.716 164.877
29
164.877 170.530
30
170.530 175.860
31
175.860 182.559
32
182.559 187.582
33
187.582 192.701
34
192.701 196.850
35
196.850 202.169
36
202.169 208.129
37
208.129 213.175
38
213.175 218.157
39
218.157 224.637
40
224.637 228.751
41
228.751 233.936
42
233.936 237.983
43
237.983 242.953
44
242.953 247.597
45
247.597 251.340
46
251.340 255.006
47
255.006 261.393
48
261.393 267.760
49
267.760 272.913
50
272.913 279.600
51
279.600 285.136
52
285.136 291.298
53
291.298 296.574
54
296.574 302.097
55
302.097 307.136
56
307.136 312.600
57
312.600 317.426
58
317.426 321.547
59
321.547 326.150
60
326.150 330.711
61
330.711 335.432
62
335.432 342.545
63
342.545 348.053
64
348.053 352.546
65
352.546 357.595
66
357.595 362.659
67
362.659 368.000
68
368.000 373.535
69
373.535 378.110
70
378.110 382.220
71
382.220 386.610
72
386.610 391.950
73
391.950 397.090
74
397.090 402.058
75
402.058 406.491
76
406.491 412.246
77
412.246 418.268
78
418.268 423.465
79
423.465 429.304
80
429.304 434.655
81
434.655 439.948
82
439.948 446.469
83
446.469 450.737
84
450.737 456.550
85
456.550 461.260
