0
0.000 8.450
1
8.450 14.674
2
14.674 20.100
3
20.100 23.760
4
23.760 29.250
5
29.250 33.323
6
33.323 37.020
7
37.020 41.232
8
41.232 43.890
9
43.890 49.350
10
49.350 56.260
11
56.260 60.607
12
60.607 65.839
13
65.839 70.484
14
70.484 74.680
15
74.680 80.550
16
80.550 85.731
17
85.731 87.910
18
87.910 92.230
19
92.230 96.190
20
96.190 98.301
21
98.301 102.530
22
102.530 106.238
23
106.238 110.990
24
110.990 115.487
25
115.487 121.000
26
121.000 124.314
27
124.314 127.720
28
127.720 132.536
29
132.536 136.635
30
136.635 141.603
31
141.603 142.480
32
142.480 146.990
33
146.990 154.710
