0
0.000 8.649
1
8.649 14.601
2
14.601 17.510
3
17.510 21.749
4
21.749 25.110
5
25.110 29.890
6
29.890 31.442
7
31.442 35.831
8
35.831 38.668
9
38.668 44.000
10
44.000 46.842
11
46.842 51.409
12
51.409 56.438
13
56.438 61.217
14
61.217 66.102
15
66.102 67.630
16
67.630 72.774
17
72.774 77.899
18
77.899 85.450
19
85.450 90.195
20
90.195 93.751
21
93.751 96.210
22
96.210 99.286
23
99.286 103.140
24
103.140 105.250
25
105.250 109.919
26
109.919 115.928
27
115.928 117.263
28
117.263 121.440
29
121.440 128.889
