0
0.000 7.705
1
7.705 17.200
2
17.200 22.176
3
22.176 26.890
4
26.890 31.534
5
31.534 35.920
6
35.920 39.680
7
39.680 43.385
8
43.385 48.747
9
48.747 52.715
10
52.715 56.322
11
56.322 60.604
12
60.604 62.260
13
62.260 63.850
14
63.850 67.663
15
67.663 71.255
16
71.255 76.097
17
76.097 79.800
18
79.800 86.510
19
86.510 91.918
20
91.918 96.851
21
96.851 100.880
22
100.880 107.168
23
107.168 111.745
24
111.745 116.912
25
116.912 120.767
26
120.767 126.435
27
126.435 129.785
28
129.785 134.938
29
134.938 139.739
30
139.739 142.610
31
142.610 147.560
32
147.560 152.368
33
152.368 156.880
34
156.880 164.053
35
164.053 168.877
36
168.877 173.402
37
173.402 178.510
38
178.510 181.631
39
181.631 187.030
40
187.030 191.525
41
191.525 197.718
42
197.718 201.040
43
201.040 204.000
44
204.000 204.807
45
204.807 210.920
46
210.920 215.520
47
215.520 219.365
48
219.365 222.612
49
222.612 228.450
50
228.450 234.990
51
234.990 240.650
52
240.650 245.451
53
245.451 250.260
54
250.260 255.190
55
255.190 259.392
56
259.392 262.362
57
262.362 266.140
58
266.140 269.296
59
269.296 274.167
60
274.167 279.252
61
279.252 284.203
62
284.203 288.950
63
288.950 292.960
64
292.960 297.070
65
297.070 301.240
66
301.240 302.552
67
302.552 306.981
68
306.981 310.607
69
310.607 316.314
70
316.314 321.270
71
321.270 327.180
72
327.180 333.090
