0
0.000 9.493
1
9.493 13.667
2
13.667 17.041
3
17.041 22.001
4
22.001 24.710
5
24.710 28.960
6
28.960 33.316
7
33.316 33.980
8
33.980 38.060
9
38.060 42.140
10
42.140 44.569
11
44.569 47.160
12
47.160 51.320
13
51.320 55.783
14
55.783 59.777
15
59.777 63.846
16
63.846 65.643
17
65.643 70.211
18
70.211 72.980
19
72.980 75.453
20
75.453 79.957
21
79.957 84.880
22
84.880 86.405
23
86.405 90.187
24
90.187 95.255
25
95.255 100.205
26
100.205 104.293
27
104.293 107.770
28
107.770 110.450
29
110.450 114.633
30
114.633 118.220
31
118.220 123.776
32
123.776 128.520
33
128.520 131.850
34
131.850 136.478
35
136.478 141.515
36
141.515 147.090
37
147.090 151.840
