0
0.000 9.092
1
9.092 13.510
2
13.510 16.934
3
16.934 20.110
4
20.110 24.967
5
24.967 28.762
6
28.762 34.362
7
34.362 39.080
8
39.080 44.500
9
44.500 49.082
10
49.082 53.324
11
53.324 58.628
12
58.628 62.710
13
62.710 68.691
14
68.691 76.100
15
76.100 80.759
16
80.759 85.020
17
85.020 88.420
18
88.420 93.194
19
93.194 96.946
20
96.946 101.685
21
101.685 104.680
22
104.680 110.226
23
110.226 114.650
24
114.650 119.605
25
119.605 124.159
26
124.159 129.117
27
129.117 131.110
28
131.110 135.602
29
135.602 138.940
30
138.940 143.598
31
143.598 145.410
32
145.410 152.970
33
152.970 157.430
34
157.430 162.320
35
162.320 167.730
36
167.730 171.720
37
171.720 176.285
38
176.285 179.500
39
179.500 184.030
40
184.030 186.268
41
186.268 191.190
42
191.190 194.160
43
194.160 198.256
44
198.256 199.007
45
199.007 201.410
46
201.410 205.130
47
205.130 209.455
48
209.455 213.780
49
213.780 218.174
50
218.174 222.930
51
222.930 227.086
52
227.086 229.940
53
229.940 235.099
54
235.099 238.930
55
238.930 244.482
56
244.482 250.930
57
250.930 255.090
58
255.090 259.941
59
259.941 261.180
60
261.180 266.904
61
266.904 272.500
62
272.500 273.941
63
273.941 277.820
64
277.820 281.832
65
281.832 283.140
66
283.140 287.860
