0
0.000 6.390
1
6.390 13.072
2
13.072 18.175
3
18.175 23.480
4
23.480 27.420
5
27.420 32.050
6
32.050 35.627
7
35.627 40.180
8
40.180 45.080
9
45.080 49.390
10
49.390 54.229
11
54.229 56.879
12
56.879 61.845
13
61.845 66.312
14
66.312 69.584
15
69.584 72.869
16
72.869 78.112
17
78.112 84.105
18
84.105 88.270
19
88.270 93.530
20
93.530 97.560
21
97.560 101.732
22
101.732 106.280
23
106.280 110.970
24
110.970 116.024
25
116.024 122.270
26
122.270 127.549
27
127.549 134.280
28
134.280 136.895
29
136.895 141.850
30
141.850 147.240
31
147.240 151.260
32
151.260 155.280
33
155.280 159.428
34
159.428 163.672
35
163.672 167.090
36
167.090 171.940
37
171.940 176.120
38
176.120 178.474
39
178.474 182.820
40
182.820 187.533
41
187.533 191.330
42
191.330 193.466
43
193.466 197.010
44
197.010 199.947
45
199.947 204.924
46
204.924 209.780
47
209.780 213.160
48
213.160 217.355
49
217.355 221.550
50
221.550 227.166
51
227.166 230.620
52
230.620 234.730
53
234.730 237.556
54
237.556 242.080
55
242.080 246.491
56
246.491 252.885
57
252.885 257.892
58
257.892 263.360
59
263.360 267.900
60
267.900 272.341
61
272.341 275.422
62
275.422 280.810
63
280.810 286.010
64
286.010 289.274
65
289.274 295.190
66
295.190 299.990
67
299.990 301.650
68
301.650 306.560
69
306.560 310.679
70
310.679 315.813
71
315.813 320.563
72
320.563 325.364
73
325.364 329.717
74
329.717 335.850
75
335.850 340.370
76
340.370 344.390
77
344.390 347.310
78
347.310 350.916
79
350.916 353.970
80
353.970 358.879
81
358.879 360.980
82
360.980 363.929
83
363.929 369.080
84
369.080 372.840
85
372.840 374.898
86
374.898 378.683
87
378.683 382.700
88
382.700 385.376
89
385.376 389.440
90
389.440 393.485
91
393.485 397.927
92
397.927 402.690
93
402.690 405.874
94
405.874 408.130
95
408.130 412.650
96
412.650 417.170
97
417.170 422.390
98
422.390 425.974
99
425.974 431.780
100
431.780 436.850
101
436.850 441.690
102
441.690 447.060
103
447.060 452.205
104
452.205 457.350
105
457.350 458.781
106
458.781 462.590
107
462.590 468.314
108
468.314 473.769
109
473.769 479.112
110
479.112 484.627
111
484.627 489.172
112
489.172 493.160
113
493.160 498.234
114
498.234 503.570
115
503.570 510.065
116
510.065 515.178
117
515.178 519.593
118
519.593 522.670
119
522.670 527.449
120
527.449 530.790
121
530.790 534.423
122
534.423 539.015
123
539.015 542.950
124
542.950 547.110
125
547.110 551.573
126
551.573 555.710
127
555.710 560.595
128
560.595 570.550
129
570.550 577.068
130
577.068 581.942
131
581.942 588.008
132
588.008 593.678
133
593.678 599.531
134
599.531 604.271
135
604.271 608.903
136
608.903 611.610
137
611.610 616.210
138
616.210 620.944
139
620.944 622.040
140
622.040 626.320
141
626.320 627.802
142
627.802 630.600
143
630.600 633.165
144
633.165 635.810
145
635.810 637.300
146
637.300 642.730
147
642.730 645.160
148
645.160 649.425
149
649.425 654.322
150
654.322 658.287
151
658.287 661.730
152
661.730 664.920
153
664.920 670.264
154
670.264 674.949
155
674.949 676.867
156
676.867 679.400
157
679.400 682.920
158
682.920 687.162
159
687.162 690.973
160
690.973 693.030
161
693.030 699.630
162
699.630 705.255
163
705.255 711.060
164
711.060 716.711
165
716.711 721.650
166
721.650 724.663
167
724.663 726.460
168
726.460 730.637
169
730.637 734.980
170
734.980 740.730
171
740.730 746.390
172
746.390 748.387
173
748.387 753.826
174
753.826 758.537
175
758.537 762.341
176
762.341 766.020
177
766.020 769.217
178
769.217 771.977
179
771.977 774.320
180
774.320 779.175
181
779.175 781.823
182
781.823 784.030
183
784.030 787.606
184
787.606 790.639
185
790.639 791.784
186
791.784 792.690
187
792.690 794.900
188
794.900 799.035
189
799.035 802.580
190
802.580 806.430
191
806.430 810.855
192
810.855 815.525
193
815.525 820.677
194
820.677 825.960
195
825.960 830.427
196
830.427 836.511
197
836.511 841.380
198
841.380 846.773
199
846.773 850.720
200
850.720 855.716
201
855.716 858.560
202
858.560 862.605
203
862.605 865.297
204
865.297 868.755
205
868.755 872.189
206
872.189 876.010
207
876.010 877.807
208
877.807 880.370
209
880.370 884.400
210
884.400 889.267
211
889.267 893.011
212
893.011 897.455
213
897.455 899.180
214
899.180 901.052
215
901.052 904.750
216
904.750 909.330
217
909.330 913.254
218
913.254 916.440
219
916.440 918.960
220
918.960 920.931
221
920.931 925.834
222
925.834 927.290
223
927.290 930.838
224
930.838 935.196
225
935.196 937.771
226
937.771 940.590
227
940.590 944.983
228
944.983 947.190
229
947.190 951.350
230
951.350 955.470
231
955.470 960.215
232
960.215 964.060
233
964.060 968.940
234
968.940 974.050
235
974.050 979.055
236
979.055 981.946
237
981.946 987.900
238
987.900 992.372
239
992.372 997.774
240
997.774 999.748
241
999.748 1005.680
