0
8.148 9.225
1
9.225 13.905
2
13.905 14.822
3
14.822 18.310
4
18.310 19.940
5
19.940 21.300
6
21.300 25.860
7
25.860 28.535
8
28.535 29.965
9
29.965 34.735
10
34.735 35.725
11
35.725 38.775
12
38.775 40.785
13
40.785 42.835
14
42.835 47.325
15
47.325 50.560
16
50.560 53.000
17
53.000 55.330
18
55.330 58.500
19
58.500 61.350
20
61.350 64.940
21
64.940 67.340
22
67.340 70.180
23
70.180 72.490
24
72.490 74.935
25
74.935 77.104
26
77.104 81.360
27
81.360 83.360
28
83.360 88.480
29
88.480 90.690
30
90.690 92.910
31
94.720 98.544
32
98.544 102.447
33
104.968 107.400
34
107.400 108.730
35
108.730 112.120
36
112.120 114.710
37
114.710 116.370
38
116.370 117.520
39
117.520 124.200
40
124.200 128.105
41
128.105 130.230
42
130.230 131.890
43
131.890 133.330
44
133.330 137.077
45
137.077 147.077
46
149.177 151.260
47
151.260 156.970
48
158.800 161.284
49
165.228 168.732
50
168.732 172.650
51
172.650 173.890
52
173.890 178.856
53
178.856 181.785
54
181.785 186.180
55
187.390 189.950
56
189.950 193.560
57
193.560 197.423
58
197.423 207.423
59
219.343 221.154
60
221.154 222.620
61
222.620 224.430
62
224.430 225.890
63
225.890 227.358
64
227.358 231.406
65
231.406 235.563
66
235.563 240.571
67
240.571 242.693
68
242.693 245.701
69
245.701 248.980
70
248.980 251.180
71
253.040 256.940
72
256.940 261.750
73
261.750 267.650
74
267.650 270.590
75
270.590 273.230
76
273.230 275.050
77
275.050 279.690
78
279.690 283.870
79
283.870 286.910
80
286.910 290.018
81
290.018 291.787
82
291.787 294.900
83
294.900 298.600
84
298.600 299.140
85
299.140 301.540
86
302.580 307.527
87
307.527 308.246
88
308.246 318.246
