0
6.510 8.660
1
8.660 10.720
2
10.720 14.480
3
14.480 16.710
4
16.710 17.680
5
17.680 19.140
6
19.140 20.810
7
20.810 22.880
8
22.880 27.070
9
27.070 31.850
10
31.850 34.110
11
34.110 36.460
12
36.460 38.440
13
38.440 41.770
14
41.770 44.960
15
44.960 46.840
16
46.840 52.318
17
52.318 55.148
18
55.148 58.200
19
58.200 60.012
20
60.012 63.980
21
63.980 66.090
22
66.090 68.990
23
68.990 72.490
24
72.490 76.730
25
76.730 78.000
26
78.000 80.720
27
80.720 84.530
28
85.890 91.150
29
91.150 93.350
30
93.350 96.550
31
97.690 100.910
32
100.910 101.953
33
101.953 106.783
34
106.783 109.275
35
109.275 112.618
36
112.618 116.163
37
116.163 124.849
