0
0.000 6.841
1
6.841 11.595
2
11.595 17.000
3
17.000 20.300
4
20.300 25.048
5
25.048 29.590
6
29.590 31.018
7
31.018 34.795
8
34.795 39.199
9
39.199 44.600
10
44.600 47.087
11
47.087 50.020
12
50.020 55.705
13
55.705 60.718
14
60.718 66.600
15
66.600 68.867
16
68.867 70.670
17
70.670 76.027
18
76.027 79.620
19
79.620 84.204
20
84.204 88.308
21
88.308 91.104
22
91.104 95.637
23
95.637 100.290
24
100.290 105.231
25
105.231 110.381
26
110.381 116.174
27
116.174 119.078
28
119.078 124.869
29
124.869 130.765
30
130.765 136.802
31
136.802 142.264
32
142.264 143.720
33
143.720 147.956
34
147.956 151.415
35
151.415 154.851
36
154.851 159.110
37
159.110 164.989
38
164.989 170.871
39
170.871 176.591
40
176.591 182.865
41
182.865 187.312
42
187.312 188.783
43
188.783 191.876
44
191.876 195.630
45
195.630 200.512
46
200.512 204.617
47
204.617 208.325
48
208.325 212.126
49
212.126 216.668
50
216.668 218.657
51
218.657 221.690
52
221.690 225.033
53
225.033 228.277
54
228.277 231.756
55
231.756 233.220
56
233.220 238.045
57
238.045 241.240
58
241.240 244.037
59
244.037 246.980
60
246.980 251.185
61
251.185 255.568
62
255.568 259.140
63
259.140 262.940
64
262.940 265.505
65
265.505 268.680
66
268.680 269.708
67
269.708 272.314
68
272.314 273.890
69
273.890 276.778
70
276.778 280.603
71
280.603 283.520
72
283.520 289.551
73
289.551 294.271
74
294.271 298.190
75
298.190 301.268
76
301.268 304.676
77
304.676 306.116
78
306.116 308.020
79
308.020 312.389
80
312.389 314.720
81
314.720 317.410
82
317.410 322.010
83
322.010 326.482
84
326.482 328.045
85
328.045 331.945
86
331.945 334.151
87
334.151 338.580
88
338.580 342.480
89
342.480 347.192
90
347.192 352.393
91
352.393 357.029
92
357.029 361.843
93
361.843 365.630
94
365.630 370.034
95
370.034 370.950
96
370.950 375.251
97
375.251 380.078
98
380.078 384.496
99
384.496 388.941
100
388.941 391.713
101
391.713 395.146
102
395.146 399.336
103
399.336 403.654
104
403.654 407.802
105
407.802 411.085
106
411.085 414.744
107
414.744 419.278
108
419.278 423.700
109
423.700 428.511
110
428.511 433.074
111
433.074 436.033
112
436.033 436.979
113
436.979 440.340
114
440.340 444.702
115
444.702 447.856
116
447.856 452.442
117
452.442 456.721
118
456.721 460.530
119
460.530 463.245
120
463.245 467.186
121
467.186 471.632
122
471.632 475.480
123
475.480 479.355
124
479.355 482.513
125
482.513 486.609
126
486.609 490.781
127
490.781 494.140
128
494.140 500.120
129
500.120 506.100
