0
0.000 5.202
1
5.202 9.549
2
9.549 14.197
3
14.197 16.000
4
16.000 21.074
5
21.074 25.256
6
25.256 29.553
7
29.553 33.930
8
33.930 38.933
9
38.933 40.882
10
40.882 47.268
11
47.268 53.300
12
53.300 58.328
13
58.328 64.092
14
64.092 68.015
15
68.015 74.030
16
74.030 75.944
17
75.944 80.857
18
80.857 83.152
19
83.152 86.267
20
86.267 89.520
21
89.520 92.758
22
92.758 97.746
23
97.746 103.396
24
103.396 107.874
25
107.874 112.540
26
112.540 116.624
27
116.624 118.394
28
118.394 121.951
29
121.951 126.949
30
126.949 131.838
31
131.838 137.339
32
137.339 143.460
33
143.460 148.537
34
148.537 151.105
35
151.105 154.834
36
154.834 158.904
37
158.904 162.921
38
162.921 169.365
39
169.365 174.124
40
174.124 179.907
41
179.907 184.335
42
184.335 188.031
43
188.031 192.423
44
192.423 200.130
