0
0.000 6.710
1
6.710 13.310
2
13.310 17.282
3
17.282 20.610
4
20.610 23.430
5
23.430 27.454
6
27.454 29.858
7
29.858 34.198
8
34.198 37.326
9
37.326 41.700
10
41.700 46.478
11
46.478 51.425
12
51.425 55.355
13
55.355 60.021
14
60.021 64.390
15
64.390 67.140
16
67.140 72.344
17
72.344 75.863
18
75.863 80.443
19
80.443 84.312
20
84.312 88.672
21
88.672 92.910
22
92.910 94.960
23
94.960 95.989
24
95.989 99.153
25
99.153 104.110
26
104.110 107.950
27
107.950 110.880
28
110.880 115.670
29
115.670 121.130
30
121.130 126.330
31
126.330 131.148
32
131.148 136.231
33
136.231 138.966
34
138.966 143.833
35
143.833 148.248
36
148.248 152.620
37
152.620 156.560
38
156.560 161.080
39
161.080 161.990
40
161.990 165.696
41
165.696 169.530
42
169.530 172.870
43
172.870 176.720
44
176.720 181.610
45
181.610 186.500
46
186.500 188.541
47
188.541 190.050
48
190.050 194.154
49
194.154 196.884
50
196.884 199.385
51
199.385 204.220
52
204.220 208.014
53
208.014 211.580
54
211.580 215.251
55
215.251 215.950
56
215.950 219.811
57
219.811 225.058
58
225.058 230.395
59
230.395 235.110
60
235.110 239.782
61
239.782 244.940
62
244.940 250.278
63
250.278 253.874
64
253.874 257.505
65
257.505 260.780
66
260.780 265.177
67
265.177 271.120
68
271.120 274.630
69
274.630 283.680
