0
0.000 5.710
1
5.710 11.250
2
11.250 16.790
3
16.790 22.250
4
22.250 25.882
5
25.882 27.710
6
27.710 32.271
7
32.271 37.551
8
37.551 40.400
9
40.400 44.845
10
44.845 49.290
11
49.290 52.944
12
52.944 56.320
13
56.320 61.200
14
61.200 68.254
15
68.254 72.850
16
72.850 80.002
17
80.002 85.153
18
85.153 89.340
19
89.340 92.899
20
92.899 97.131
21
97.131 100.810
22
100.810 104.993
23
104.993 109.074
24
109.074 112.134
25
112.134 114.920
26
114.920 119.025
27
119.025 123.902
28
123.902 129.130
29
129.130 134.014
30
134.014 138.680
31
138.680 142.441
32
142.441 146.802
33
146.802 152.191
34
152.191 156.850
35
156.850 163.432
36
163.432 169.097
37
169.097 175.043
38
175.043 179.230
39
179.230 183.179
40
183.179 188.205
41
188.205 192.885
42
192.885 198.512
43
198.512 200.460
44
200.460 205.000
45
205.000 209.486
46
209.486 211.709
47
211.709 216.480
48
216.480 220.446
49
220.446 223.450
50
223.450 232.148
51
232.148 237.365
52
237.365 241.926
53
241.926 246.498
54
246.498 249.110
55
249.110 255.272
56
255.272 259.510
57
259.510 265.407
58
265.407 269.580
59
269.580 277.580
60
277.580 285.580
61
285.580 293.580
62
293.580 301.580
63
301.580 309.580
64
309.580 315.917
65
315.917 323.281
66
323.281 327.780
67
327.780 332.690
68
332.690 334.588
69
334.588 338.939
70
338.939 343.107
71
343.107 345.377
72
345.377 348.500
73
348.500 350.550
74
350.550 353.948
75
353.948 356.310
76
356.310 361.815
77
361.815 366.332
78
366.332 371.986
79
371.986 376.119
80
376.119 381.410
81
381.410 386.262
82
386.262 390.790
83
390.790 394.256
84
394.256 398.207
85
398.207 403.415
86
403.415 410.750
87
410.750 417.520
