0
0.000 7.764
1
7.764 11.936
2
11.936 16.813
3
16.813 20.895
4
20.895 25.817
5
25.817 29.881
6
29.881 34.677
7
34.677 39.511
8
39.511 44.499
9
44.499 50.513
10
50.513 55.960
11
55.960 62.320
12
62.320 66.690
13
66.690 72.580
14
72.580 77.800
15
77.800 83.174
16
83.174 87.265
17
87.265 92.260
18
92.260 97.021
19
97.021 100.994
20
100.994 105.060
21
105.060 109.983
22
109.983 114.927
23
114.927 117.997
24
117.997 123.360
25
123.360 128.348
26
128.348 133.580
27
133.580 138.868
28
138.868 143.603
29
143.603 148.420
30
148.420 152.910
31
152.910 160.910
32
160.910 165.715
33
165.715 171.154
34
171.154 177.276
35
177.276 182.824
36
182.824 188.927
37
188.927 194.323
38
194.323 198.290
39
198.290 202.912
40
202.912 207.600
41
207.600 211.740
42
211.740 214.801
43
214.801 219.240
44
219.240 224.412
45
224.412 229.531
46
229.531 233.289
47
233.289 238.270
48
238.270 243.058
49
243.058 247.275
50
247.275 252.957
51
252.957 258.093
52
258.093 262.673
53
262.673 267.529
54
267.529 272.765
55
272.765 279.422
56
279.422 280.605
57
280.605 285.834
58
285.834 290.995
59
290.995 297.102
60
297.102 302.830
61
302.830 309.372
62
309.372 313.953
63
313.953 319.091
64
319.091 324.110
65
324.110 328.250
66
328.250 334.220
67
334.220 339.231
68
339.231 347.978
69
347.978 353.320
70
353.320 361.061
71
361.061 366.025
72
366.025 371.285
73
371.285 377.179
74
377.179 383.177
75
383.177 388.680
76
388.680 392.710
77
392.710 396.740
78
396.740 402.774
79
402.774 408.059
80
408.059 414.255
81
414.255 421.168
82
421.168 426.290
83
426.290 429.464
84
429.464 434.304
85
434.304 439.904
86
439.904 442.400
87
442.400 446.860
88
446.860 451.259
89
451.259 455.633
90
455.633 459.720
91
459.720 464.524
92
464.524 469.273
93
469.273 474.113
94
474.113 479.385
95
479.385 484.320
96
484.320 485.100
97
485.100 487.986
98
487.986 491.301
99
491.301 494.130
100
494.130 499.063
101
499.063 503.881
102
503.881 508.041
103
508.041 513.445
104
513.445 519.637
105
519.637 524.725
106
524.725 529.797
107
529.797 535.693
108
535.693 541.602
109
541.602 547.077
110
547.077 551.157
111
551.157 556.064
112
556.064 558.910
113
558.910 564.600
114
564.600 569.939
115
569.939 576.982
116
576.982 580.874
117
580.874 583.536
118
583.536 588.828
119
588.828 595.470
120
595.470 599.774
121
599.774 604.376
122
604.376 608.845
123
608.845 615.490
124
615.490 620.730
125
620.730 624.520
126
624.520 629.955
127
629.955 635.390
