0
0.000 5.710
1
5.710 11.096
2
11.096 17.409
3
17.409 22.725
4
22.725 28.825
5
28.825 34.003
6
34.003 36.520
7
36.520 40.820
8
40.820 44.894
9
44.894 49.791
10
49.791 53.990
11
53.990 56.460
12
56.460 60.408
13
60.408 65.840
14
65.840 71.623
15
71.623 77.358
16
77.358 82.645
17
82.645 88.484
18
88.484 93.579
19
93.579 98.880
20
98.880 102.716
21
102.716 104.790
22
104.790 108.046
23
108.046 112.112
24
112.112 116.932
25
116.932 119.770
26
119.770 124.993
27
124.993 131.840
28
131.840 132.581
29
132.581 137.106
30
137.106 141.531
31
141.531 146.737
32
146.737 151.720
33
151.720 156.600
34
156.600 163.900
35
163.900 168.550
36
168.550 173.200
37
173.200 178.800
38
178.800 183.370
39
183.370 185.752
40
185.752 191.439
41
191.439 195.684
42
195.684 199.019
43
199.019 203.309
44
203.309 208.246
45
208.246 213.120
46
213.120 218.001
47
218.001 219.490
48
219.490 222.868
49
222.868 227.711
50
227.711 232.289
51
232.289 236.443
52
236.443 240.724
53
240.724 245.319
54
245.319 249.530
55
249.530 254.044
56
254.044 257.080
57
257.080 259.948
58
259.948 265.170
59
265.170 271.527
60
271.527 276.120
61
276.120 281.010
62
281.010 286.490
63
286.490 291.350
64
291.350 296.110
65
296.110 300.870
66
300.870 304.976
67
304.976 310.235
68
310.235 315.084
69
315.084 319.492
70
319.492 325.959
71
325.959 329.535
72
329.535 333.930
73
333.930 338.730
74
338.730 343.530
75
343.530 348.286
76
348.286 352.160
77
352.160 357.310
78
357.310 362.590
79
362.590 367.312
80
367.312 372.295
81
372.295 377.500
82
377.500 381.376
83
381.376 383.355
84
383.355 389.210
