0
0.000 6.641
1
6.641 13.856
2
13.856 18.000
3
18.000 22.526
4
22.526 27.260
5
27.260 30.326
6
30.326 32.032
7
32.032 35.224
8
35.224 37.972
9
37.972 42.277
10
42.277 45.415
11
45.415 50.955
12
50.955 55.786
13
55.786 56.895
14
56.895 59.692
15
59.692 63.522
16
63.522 67.435
17
67.435 72.284
18
72.284 73.700
19
73.700 78.420
20
78.420 81.747
21
81.747 84.527
22
84.527 88.938
23
88.938 92.883
24
92.883 95.730
25
95.730 98.538
26
98.538 103.300
27
103.300 104.347
28
104.347 108.011
29
108.011 112.521
30
112.521 116.369
31
116.369 119.702
32
119.702 122.739
33
122.739 125.661
34
125.661 129.927
35
129.927 133.361
36
133.361 137.885
37
137.885 142.225
38
142.225 145.461
39
145.461 148.640
40
148.640 152.801
41
152.801 157.500
42
157.500 159.880
43
159.880 166.056
44
166.056 172.050
45
172.050 179.043
46
179.043 183.957
47
183.957 188.775
48
188.775 190.633
49
190.633 195.694
50
195.694 202.240
51
202.240 207.154
52
207.154 211.427
53
211.427 214.890
54
214.890 218.133
55
218.133 220.742
56
220.742 224.151
57
224.151 228.429
58
228.429 233.582
59
233.582 237.726
60
237.726 242.408
61
242.408 242.910
62
242.910 246.087
63
246.087 248.819
64
248.819 252.923
65
252.923 257.783
66
257.783 261.708
67
261.708 266.340
68
266.340 269.448
69
269.448 274.340
70
274.340 278.318
71
278.318 282.235
72
282.235 285.640
73
285.640 291.425
74
291.425 293.821
75
293.821 297.433
76
297.433 301.905
77
301.905 306.857
78
306.857 313.145
79
313.145 316.191
80
316.191 320.045
81
320.045 320.741
82
320.741 322.830
83
322.830 328.122
84
328.122 332.716
85
332.716 337.202
86
337.202 341.930
87
341.930 347.180
88
347.180 349.547
89
349.547 352.430
90
352.430 357.012
91
357.012 361.088
92
361.088 366.356
93
366.356 370.515
94
370.515 376.834
95
376.834 380.275
96
380.275 385.260
97
385.260 388.873
98
388.873 393.017
99
393.017 396.735
100
396.735 401.186
101
401.186 404.857
102
404.857 408.720
103
408.720 412.648
104
412.648 418.340
105
418.340 421.150
106
421.150 425.348
107
425.348 429.442
108
429.442 430.338
109
430.338 432.322
110
432.322 435.010
111
435.010 439.018
112
439.018 443.605
113
443.605 448.142
114
448.142 452.577
115
452.577 456.142
116
456.142 460.387
117
460.387 464.340
118
464.340 466.230
119
466.230 470.407
120
470.407 474.012
121
474.012 478.670
122
478.670 484.136
123
484.136 488.647
124
488.647 491.980
125
491.980 495.969
126
495.969 500.388
127
500.388 504.333
128
504.333 508.554
129
508.554 513.895
130
513.895 518.625
131
518.625 523.870
132
523.870 529.270
133
529.270 534.133
134
534.133 534.835
135
534.835 540.400
