0
0.000 5.710
1
5.710 12.997
2
12.997 19.340
3
19.340 23.188
4
23.188 26.890
5
26.890 31.452
6
31.452 34.753
7
34.753 40.348
8
40.348 46.579
9
46.579 51.310
10
51.310 54.320
11
54.320 60.160
12
60.160 64.994
13
64.994 66.824
14
66.824 71.084
15
71.084 76.004
16
76.004 81.020
17
81.020 83.439
18
83.439 89.116
19
89.116 94.613
20
94.613 100.368
21
100.368 104.976
22
104.976 109.505
23
109.505 113.929
24
113.929 118.988
25
118.988 124.056
26
124.056 131.780
27
131.780 138.240
28
138.240 139.760
29
139.760 145.728
30
145.728 148.035
31
148.035 153.071
32
153.071 158.370
33
158.370 163.445
34
163.445 168.970
35
168.970 174.331
36
174.331 177.871
37
177.871 183.097
38
183.097 185.810
39
185.810 188.577
40
188.577 194.461
41
194.461 197.263
42
197.263 202.130
43
202.130 207.298
44
207.298 213.437
45
213.437 218.910
46
218.910 224.610
47
224.610 229.610
48
229.610 235.755
49
235.755 240.569
50
240.569 244.374
51
244.374 249.235
52
249.235 253.543
53
253.543 256.440
54
256.440 261.588
55
261.588 267.193
56
267.193 272.901
57
272.901 278.147
58
278.147 282.460
59
282.460 287.854
60
287.854 292.772
61
292.772 297.624
62
297.624 302.915
63
302.915 308.476
64
308.476 313.391
65
313.391 318.731
66
318.731 324.692
67
324.692 329.775
68
329.775 335.050
69
335.050 340.040
70
340.040 344.997
71
344.997 349.766
72
349.766 356.070
73
356.070 362.115
74
362.115 367.790
75
367.790 373.478
76
373.478 377.265
77
377.265 382.460
78
382.460 387.138
79
387.138 392.095
80
392.095 397.110
81
397.110 401.857
82
401.857 407.463
83
407.463 412.489
84
412.489 417.309
85
417.309 422.227
86
422.227 426.484
87
426.484 432.300
88
432.300 435.842
89
435.842 440.300
90
440.300 442.320
91
442.320 445.492
92
445.492 449.502
93
449.502 454.351
94
454.351 459.042
95
459.042 462.000
96
462.000 466.900
97
466.900 470.885
98
470.885 475.808
99
475.808 480.337
100
480.337 485.280
101
485.280 490.145
102
490.145 495.696
103
495.696 500.684
104
500.684 505.949
105
505.949 511.020
106
511.020 516.100
107
516.100 521.507
108
521.507 525.810
109
525.810 531.624
110
531.624 536.730
111
536.730 542.058
112
542.058 547.093
113
547.093 551.960
114
551.960 556.680
