0
0.000 6.080
1
6.080 11.940
2
11.940 16.430
3
16.430 21.320
4
21.320 26.286
5
26.286 30.720
6
30.720 35.450
7
35.450 39.960
8
39.960 44.300
9
44.300 47.640
10
47.640 52.670
11
52.670 57.600
12
57.600 60.372
13
60.372 66.099
14
66.099 69.864
15
69.864 75.750
16
75.750 80.193
17
80.193 85.600
18
85.600 91.380
19
91.380 98.310
20
98.310 103.060
21
103.060 106.132
22
106.132 112.397
23
112.397 117.270
24
117.270 121.763
25
121.763 124.843
26
124.843 130.258
27
130.258 136.699
28
136.699 141.590
29
141.590 146.750
30
146.750 152.200
31
152.200 156.270
32
156.270 161.099
33
161.099 163.520
34
163.520 165.915
35
165.915 171.000
36
171.000 176.281
37
176.281 182.472
38
182.472 187.286
39
187.286 190.190
40
190.190 194.933
41
194.933 199.446
42
199.446 203.624
43
203.624 207.480
44
207.480 211.160
45
211.160 212.490
46
212.490 217.500
47
217.500 222.495
48
222.495 226.680
49
226.680 231.536
50
231.536 233.436
51
233.436 234.790
52
234.790 239.440
53
239.440 247.440
54
247.440 252.570
55
252.570 257.700
