0
0.000 7.190
1
7.190 14.059
2
14.059 18.920
3
18.920 24.170
4
24.170 28.930
5
28.930 34.202
6
34.202 39.730
7
39.730 44.115
8
44.115 47.280
9
47.280 52.394
10
52.394 57.445
11
57.445 63.310
12
63.310 67.643
13
67.643 71.280
14
71.280 75.575
15
75.575 79.558
16
79.558 84.258
17
84.258 86.460
18
86.460 91.195
19
91.195 96.162
20
96.162 101.012
21
101.012 104.455
22
104.455 109.301
23
109.301 113.921
24
113.921 119.070
25
119.070 124.230
26
124.230 126.894
27
126.894 129.640
28
129.640 133.144
29
133.144 136.064
30
136.064 140.568
31
140.568 143.750
32
143.750 147.992
33
147.992 148.752
34
148.752 152.586
35
152.586 155.940
36
155.940 160.100
37
160.100 165.231
38
165.231 170.690
39
170.690 175.075
40
175.075 179.778
41
179.778 185.440
42
185.440 190.427
43
190.427 192.820
44
192.820 196.945
45
196.945 201.118
46
201.118 205.240
47
205.240 208.795
48
208.795 213.370
49
213.370 214.980
50
214.980 216.350
51
216.350 222.765
52
222.765 227.250
53
227.250 232.015
54
232.015 234.040
55
234.040 238.480
56
238.480 242.920
57
242.920 246.010
58
246.010 251.342
59
251.342 256.814
60
256.814 260.390
61
260.390 264.615
62
264.615 268.840
63
268.840 272.312
64
272.312 276.198
65
276.198 281.045
66
281.045 286.310
67
286.310 292.280
68
292.280 295.239
69
295.239 298.120
70
298.120 303.699
71
303.699 308.546
72
308.546 313.375
73
313.375 316.893
74
316.893 322.212
75
322.212 327.813
76
327.813 332.803
77
332.803 333.525
78
333.525 338.905
79
338.905 343.400
80
343.400 350.253
81
350.253 355.165
82
355.165 358.040
83
358.040 363.102
84
363.102 368.930
85
368.930 373.979
86
373.979 378.939
87
378.939 384.085
88
384.085 389.319
89
389.319 394.370
90
394.370 399.400
91
399.400 406.098
92
406.098 410.700
93
410.700 414.910
94
414.910 415.607
95
415.607 418.624
96
418.624 423.130
97
423.130 428.581
98
428.581 431.010
99
431.010 436.078
100
436.078 443.350
101
443.350 449.265
102
449.265 453.993
103
453.993 459.230
104
459.230 464.726
105
464.726 471.090
106
471.090 474.950
107
474.950 478.019
108
478.019 480.723
109
480.723 484.828
110
484.828 486.261
111
486.261 491.020
112
491.020 495.832
113
495.832 501.095
114
501.095 507.014
115
507.014 510.053
116
510.053 514.993
117
514.993 520.470
118
520.470 525.720
119
525.720 530.379
120
530.379 534.727
121
534.727 540.872
122
540.872 545.020
123
545.020 549.931
124
549.931 554.810
125
554.810 558.773
126
558.773 563.786
127
563.786 569.760
128
569.760 574.830
129
574.830 578.801
130
578.801 580.145
131
580.145 585.240
132
585.240 590.760
133
590.760 596.734
134
596.734 600.680
135
600.680 605.479
136
605.479 610.708
137
610.708 615.620
138
615.620 620.340
139
620.340 625.060
