0
0.000 5.710
1
5.710 12.370
2
12.370 17.237
3
17.237 19.030
4
19.030 21.723
5
21.723 27.017
6
27.017 30.400
7
30.400 34.891
8
34.891 39.720
9
39.720 43.989
10
43.989 48.980
11
48.980 53.666
12
53.666 58.350
13
58.350 64.063
14
64.063 69.783
15
69.783 74.880
16
74.880 80.164
17
80.164 85.132
18
85.132 90.722
19
90.722 95.809
20
95.809 100.600
21
100.600 102.557
22
102.557 106.942
23
106.942 112.120
24
112.120 117.570
25
117.570 122.213
26
122.213 125.318
27
125.318 127.700
28
127.700 132.580
29
132.580 136.710
30
136.710 141.311
31
141.311 146.158
32
146.158 150.300
33
150.300 157.157
34
157.157 162.441
35
162.441 166.140
36
166.140 170.781
37
170.781 176.238
38
176.238 182.066
39
182.066 186.979
40
186.979 191.800
41
191.800 196.926
42
196.926 202.120
43
202.120 208.550
44
208.550 213.698
45
213.698 218.961
46
218.961 222.210
47
222.210 227.886
48
227.886 232.485
49
232.485 238.160
50
238.160 239.112
51
239.112 244.230
52
244.230 247.380
53
247.380 253.110
54
253.110 258.300
55
258.300 260.930
56
260.930 266.009
57
266.009 271.565
58
271.565 278.030
59
278.030 281.919
60
281.919 286.370
61
286.370 288.884
62
288.884 294.852
63
294.852 299.769
64
299.769 301.150
65
301.150 305.896
66
305.896 311.887
67
311.887 319.033
68
319.033 324.843
69
324.843 328.741
70
328.741 333.818
71
333.818 339.518
72
339.518 340.240
73
340.240 344.555
74
344.555 350.140
75
350.140 356.015
76
356.015 362.820
77
362.820 370.241
78
370.241 374.703
79
374.703 379.459
80
379.459 384.960
81
384.960 392.311
82
392.311 397.579
83
397.579 402.977
84
402.977 407.801
85
407.801 410.970
86
410.970 415.650
87
415.650 420.213
88
420.213 426.550
89
426.550 431.944
90
431.944 436.877
91
436.877 442.740
92
442.740 445.782
93
445.782 450.740
94
450.740 455.805
95
455.805 460.870
96
460.870 465.374
97
465.374 468.870
98
468.870 474.250
99
474.250 479.149
100
479.149 484.054
101
484.054 487.620
102
487.620 492.890
103
492.890 498.160
104
498.160 503.194
105
503.194 511.330
