0
0.000 5.710
1
5.710 11.510
2
11.510 16.754
3
16.754 23.135
4
23.135 29.480
5
29.480 34.959
6
34.959 40.533
7
40.533 45.659
8
45.659 50.239
9
50.239 57.120
10
57.120 62.505
11
62.505 67.890
12
67.890 72.400
13
72.400 79.140
14
79.140 84.130
15
84.130 89.510
16
89.510 94.700
17
94.700 101.460
18
101.460 106.922
19
106.922 112.028
20
112.028 116.813
21
116.813 121.260
22
121.260 126.450
23
126.450 131.772
24
131.772 137.020
25
137.020 142.246
26
142.246 146.653
27
146.653 151.791
28
151.791 155.610
29
155.610 162.090
30
162.090 169.530
31
169.530 174.800
32
174.800 179.807
33
179.807 183.620
34
183.620 189.409
35
189.409 195.479
36
195.479 200.281
37
200.281 206.021
38
206.021 210.566
39
210.566 215.037
40
215.037 218.920
41
218.920 223.888
42
223.888 227.552
43
227.552 233.580
44
233.580 238.424
45
238.424 242.945
46
242.945 249.764
47
249.764 255.420
48
255.420 261.330
49
261.330 266.877
50
266.877 272.090
51
272.090 278.985
52
278.985 284.547
53
284.547 288.860
54
288.860 294.196
55
294.196 299.277
56
299.277 304.650
57
304.650 309.019
58
309.019 314.492
59
314.492 318.028
60
318.028 322.387
61
322.387 326.120
62
326.120 330.338
63
330.338 334.603
64
334.603 338.777
65
338.777 342.530
66
342.530 345.732
67
345.732 350.301
68
350.301 354.521
69
354.521 357.080
70
357.080 359.889
71
359.889 363.592
72
363.592 368.228
73
368.228 372.954
74
372.954 378.470
75
378.470 384.560
76
384.560 391.038
77
391.038 396.135
78
396.135 401.287
79
401.287 408.083
80
408.083 413.552
81
413.552 420.180
82
420.180 425.131
83
425.131 428.970
84
428.970 433.938
85
433.938 438.367
86
438.367 443.424
87
443.424 447.125
88
447.125 448.981
89
448.981 453.670
90
453.670 459.070
91
459.070 467.070
