0
0.000 7.190
1
7.190 11.040
2
11.040 16.415
3
16.415 20.340
4
20.340 25.223
5
25.223 29.884
6
29.884 33.542
7
33.542 34.987
8
34.987 39.715
9
39.715 42.957
10
42.957 44.873
11
44.873 49.824
12
49.824 52.770
13
52.770 55.980
14
55.980 60.675
15
60.675 65.510
16
65.510 68.510
17
68.510 72.939
18
72.939 77.849
19
77.849 83.623
20
83.623 88.370
21
88.370 92.735
22
92.735 97.579
23
97.579 104.322
24
104.322 109.105
25
109.105 113.073
26
113.073 118.713
27
118.713 123.862
28
123.862 127.579
29
127.579 132.100
30
132.100 137.486
31
137.486 143.484
32
143.484 149.360
33
149.360 151.460
34
151.460 156.092
35
156.092 161.211
36
161.211 167.795
37
167.795 172.900
38
172.900 177.870
39
177.870 181.086
40
181.086 186.605
41
186.605 190.630
42
190.630 199.304
43
199.304 203.250
44
203.250 208.325
45
208.325 213.400
46
213.400 218.200
47
218.200 226.756
48
226.756 233.590
49
233.590 239.090
50
239.090 244.101
51
244.101 252.310
52
252.310 257.071
53
257.071 261.636
54
261.636 267.452
55
267.452 273.382
56
273.382 279.230
57
279.230 284.091
58
284.091 289.540
59
289.540 294.283
60
294.283 298.704
61
298.704 306.897
62
306.897 311.475
63
311.475 316.734
64
316.734 321.812
65
321.812 329.906
66
329.906 334.699
67
334.699 338.699
68
338.699 345.170
69
345.170 352.920
