0
0.000 5.710
1
5.710 10.991
2
10.991 15.100
3
15.100 18.746
4
18.746 22.910
5
22.910 26.240
6
26.240 34.240
7
34.240 40.598
8
40.598 45.570
9
45.570 51.240
10
51.240 56.870
11
56.870 63.763
12
63.763 68.793
13
68.793 73.787
14
73.787 78.180
15
78.180 84.554
16
84.554 89.050
17
89.050 94.249
18
94.249 99.044
19
99.044 101.690
20
101.690 107.090
21
107.090 113.140
22
113.140 120.460
23
120.460 126.830
24
126.830 132.005
25
132.005 137.775
26
137.775 142.758
27
142.758 144.000
28
144.000 150.120
29
150.120 156.920
30
156.920 162.239
31
162.239 168.646
32
168.646 172.810
33
172.810 179.040
34
179.040 184.930
35
184.930 187.950
36
187.950 193.221
37
193.221 198.505
38
198.505 203.864
39
203.864 209.780
40
209.780 215.687
41
215.687 219.740
42
219.740 224.820
43
224.820 227.738
44
227.738 232.652
45
232.652 238.190
46
238.190 242.047
47
242.047 247.343
48
247.343 252.110
49
252.110 258.265
50
258.265 263.574
51
263.574 268.615
52
268.615 273.680
53
273.680 278.577
54
278.577 283.072
55
283.072 287.300
56
287.300 291.930
57
291.930 297.079
58
297.079 302.410
59
302.410 308.019
60
308.019 313.247
61
313.247 318.940
62
318.940 325.400
63
325.400 332.353
64
332.353 337.510
65
337.510 342.642
66
342.642 348.170
67
348.170 353.178
68
353.178 358.237
69
358.237 363.680
70
363.680 368.390
71
368.390 374.550
72
374.550 380.030
73
380.030 384.530
74
384.530 389.030
75
389.030 393.980
76
393.980 398.660
77
398.660 403.835
78
403.835 410.447
79
410.447 413.480
80
413.480 417.800
81
417.800 422.177
82
422.177 426.661
83
426.661 431.332
84
431.332 435.857
85
435.857 440.655
86
440.655 446.415
87
446.415 447.725
88
447.725 452.050
