0
0.000 6.210
1
6.210 10.132
2
10.132 13.470
3
13.470 17.760
4
17.760 24.008
5
24.008 31.040
6
31.040 33.865
7
33.865 40.128
8
40.128 45.850
9
45.850 47.230
10
47.230 54.630
11
54.630 62.559
12
62.559 66.758
13
66.758 71.410
14
71.410 77.471
15
77.471 80.832
16
80.832 85.984
17
85.984 91.352
18
91.352 96.383
19
96.383 101.370
20
101.370 107.025
21
107.025 112.680
22
112.680 115.184
23
115.184 121.590
24
121.590 127.430
25
127.430 131.091
26
131.091 137.375
27
137.375 142.970
28
142.970 148.793
29
148.793 155.470
30
155.470 161.193
31
161.193 165.740
32
165.740 170.512
33
170.512 174.771
34
174.771 179.984
35
179.984 185.658
36
185.658 192.210
37
192.210 196.433
38
196.433 200.770
39
200.770 204.679
40
204.679 210.212
41
210.212 216.889
42
216.889 222.067
43
222.067 226.675
44
226.675 231.561
45
231.561 235.319
46
235.319 240.050
47
240.050 244.910
48
244.910 248.140
49
248.140 253.212
50
253.212 256.749
51
256.749 261.800
52
261.800 266.728
53
266.728 271.930
54
271.930 277.502
55
277.502 284.196
56
284.196 289.300
57
289.300 295.933
58
295.933 301.180
59
301.180 306.184
60
306.184 312.400
61
312.400 317.941
62
317.941 322.254
63
322.254 326.035
64
326.035 330.063
65
330.063 333.882
66
333.882 338.610
67
338.610 343.022
68
343.022 347.051
69
347.051 352.571
70
352.571 358.895
71
358.895 365.040
72
365.040 370.109
73
370.109 375.788
74
375.788 379.494
75
379.494 383.936
76
383.936 387.739
77
387.739 392.822
78
392.822 397.970
79
397.970 402.481
80
402.481 405.272
81
405.272 411.030
82
411.030 417.254
83
417.254 421.736
84
421.736 425.670
85
425.670 431.797
86
431.797 437.792
87
437.792 443.575
88
443.575 448.720
89
448.720 452.960
90
452.960 458.140
91
458.140 466.941
92
466.941 471.651
93
471.651 476.680
94
476.680 482.210
95
482.210 487.067
96
487.067 492.051
97
492.051 497.091
98
497.091 503.350
99
503.350 509.147
100
509.147 514.161
101
514.161 519.786
102
519.786 524.760
103
524.760 531.150
104
531.150 536.290
105
536.290 541.288
106
541.288 546.145
107
546.145 551.040
108
551.040 558.180
109
558.180 565.405
110
565.405 573.093
111
573.093 576.848
112
576.848 582.210
113
582.210 588.410
114
588.410 593.860
115
593.860 600.674
116
600.674 605.596
117
605.596 609.780
118
609.780 617.150
119
617.150 622.472
120
622.472 628.146
121
628.146 633.433
122
633.433 638.583
123
638.583 645.530
124
645.530 650.090
125
650.090 654.891
126
654.891 659.690
127
659.690 664.219
128
664.219 668.170
129
668.170 671.350
130
671.350 677.220
131
677.220 681.710
132
681.710 688.650
133
688.650 695.370
134
695.370 702.640
135
702.640 707.793
136
707.793 714.152
137
714.152 718.159
138
718.159 723.164
139
723.164 728.399
140
728.399 733.329
141
733.329 735.760
142
735.760 740.146
143
740.146 748.100
144
748.100 753.090
145
753.090 758.587
146
758.587 765.620
147
765.620 770.778
148
770.778 776.741
149
776.741 780.469
150
780.469 785.916
151
785.916 791.499
152
791.499 796.827
153
796.827 802.510
154
802.510 807.478
155
807.478 810.510
156
810.510 815.190
157
815.190 820.111
158
820.111 825.300
159
825.300 829.498
160
829.498 834.226
161
834.226 838.695
162
838.695 843.555
163
843.555 846.960
164
846.960 850.898
165
850.898 856.014
166
856.014 861.689
167
861.689 868.375
168
868.375 869.520
169
869.520 876.690
