0
0.000 8.016
1
8.016 13.547
2
13.547 19.962
3
19.962 26.633
4
26.633 33.558
5
33.558 39.046
6
39.046 43.189
7
43.189 47.819
8
47.819 49.820
9
49.820 52.671
10
52.671 57.896
11
57.896 62.984
12
62.984 67.576
13
67.576 72.520
14
72.520 78.894
15
78.894 84.550
16
84.550 91.880
17
91.880 97.360
18
97.360 102.139
19
102.139 103.880
20
103.880 107.130
21
107.130 111.152
22
111.152 117.190
23
117.190 125.920
24
125.920 131.962
25
131.962 139.280
26
139.280 144.008
27
144.008 148.770
28
148.770 152.083
29
152.083 156.725
30
156.725 162.740
31
162.740 168.341
32
168.341 175.580
33
175.580 181.693
34
181.693 187.826
35
187.826 191.180
36
191.180 193.658
37
193.658 198.540
38
198.540 203.128
39
203.128 208.230
40
208.230 213.595
41
213.595 219.411
42
219.411 224.950
43
224.950 229.747
44
229.747 235.629
45
235.629 242.273
46
242.273 247.196
47
247.196 251.229
48
251.229 256.487
49
256.487 261.858
50
261.858 267.930
51
267.930 273.301
52
273.301 279.002
53
279.002 285.316
54
285.316 292.250
55
292.250 297.508
56
297.508 304.456
57
304.456 309.383
58
309.383 315.138
59
315.138 319.850
60
319.850 324.962
61
324.962 330.175
62
330.175 336.182
63
336.182 341.294
64
341.294 346.262
65
346.262 350.720
66
350.720 354.941
67
354.941 359.782
68
359.782 364.283
69
364.283 369.030
70
369.030 372.609
71
372.609 378.498
72
378.498 383.482
73
383.482 389.557
74
389.557 392.980
75
392.980 398.113
76
398.113 403.407
77
403.407 408.855
78
408.855 411.735
79
411.735 416.931
80
416.931 425.324
81
425.324 432.481
82
432.481 438.333
83
438.333 444.122
84
444.122 449.805
85
449.805 455.430
86
455.430 460.035
87
460.035 464.640
88
464.640 468.744
89
468.744 473.593
90
473.593 478.840
91
478.840 485.420
92
485.420 490.232
93
490.232 493.283
94
493.283 498.563
95
498.563 503.370
96
503.370 511.090
