0
0.000 8.672
1
8.672 13.522
2
13.522 19.046
3
19.046 24.549
4
24.549 30.735
5
30.735 35.895
6
35.895 41.031
7
41.031 46.525
8
46.525 54.211
9
54.211 60.445
10
60.445 65.227
11
65.227 69.911
12
69.911 75.232
13
75.232 80.075
14
80.075 85.163
15
85.163 90.959
16
90.959 93.138
17
93.138 100.146
18
100.146 103.780
19
103.780 109.815
20
109.815 112.876
21
112.876 117.619
22
117.619 122.550
23
122.550 127.220
24
127.220 131.478
25
131.478 132.288
26
132.288 137.625
27
137.625 144.640
28
144.640 149.181
29
149.181 153.495
30
153.495 157.374
31
157.374 164.245
32
164.245 169.210
33
169.210 173.701
34
173.701 178.670
35
178.670 183.110
36
183.110 187.290
37
187.290 191.017
38
191.017 195.178
39
195.178 201.452
40
201.452 206.175
41
206.175 211.051
42
211.051 217.007
43
217.007 222.571
44
222.571 225.910
45
225.910 230.910
46
230.910 237.369
47
237.369 242.981
48
242.981 247.465
49
247.465 251.080
50
251.080 256.456
51
256.456 263.310
52
263.310 267.174
53
267.174 273.528
54
273.528 279.412
55
279.412 284.724
56
284.724 291.585
57
291.585 296.579
58
296.579 300.832
59
300.832 306.371
60
306.371 311.485
61
311.485 317.108
62
317.108 324.369
63
324.369 330.662
64
330.662 336.320
65
336.320 341.265
66
341.265 346.210
67
346.210 351.345
68
351.345 356.480
69
356.480 360.459
70
360.459 365.553
71
365.553 371.818
72
371.818 378.541
73
378.541 385.399
74
385.399 392.460
75
392.460 398.366
76
398.366 403.796
77
403.796 408.857
78
408.857 413.410
79
413.410 420.136
80
420.136 425.135
81
425.135 430.169
82
430.169 434.833
83
434.833 443.431
84
443.431 448.503
85
448.503 453.645
86
453.645 459.145
87
459.145 463.410
88
463.410 468.810
89
468.810 474.175
90
474.175 475.870
91
475.870 480.330
