0
0.000 5.710
1
5.710 11.800
2
11.800 16.430
3
16.430 21.160
4
21.160 26.543
5
26.543 30.780
6
30.780 33.698
7
33.698 36.524
8
36.524 40.655
9
40.655 45.136
10
45.136 50.380
11
50.380 53.701
12
53.701 58.778
13
58.778 64.678
14
64.678 70.400
15
70.400 76.294
16
76.294 81.332
17
81.332 85.537
18
85.537 90.730
19
90.730 94.895
20
94.895 98.225
21
98.225 104.210
22
104.210 108.362
23
108.362 112.710
24
112.710 117.443
25
117.443 121.744
26
121.744 126.587
27
126.587 131.255
28
131.255 136.740
29
136.740 141.121
30
141.121 144.080
31
144.080 149.226
32
149.226 155.440
33
155.440 160.702
34
160.702 166.650
35
166.650 171.286
36
171.286 176.232
37
176.232 180.485
38
180.485 185.310
39
185.310 190.970
40
190.970 196.630
