0
0.000 6.748
1
6.748 12.285
2
12.285 17.212
3
17.212 21.548
4
21.548 27.600
5
27.600 32.350
6
32.350 37.592
7
37.592 42.030
8
42.030 47.226
9
47.226 51.827
10
51.827 56.930
11
56.930 62.420
12
62.420 67.879
13
67.879 73.671
14
73.671 79.520
15
79.520 83.590
16
83.590 87.130
17
87.130 92.155
18
92.155 99.544
19
99.544 104.476
20
104.476 109.510
21
109.510 114.494
22
114.494 119.532
23
119.532 125.502
24
125.502 131.680
25
131.680 136.837
26
136.837 143.755
27
143.755 150.511
28
150.511 153.910
29
153.910 159.780
30
159.780 164.651
31
164.651 169.888
32
169.888 175.400
33
175.400 181.960
34
181.960 187.132
35
187.132 192.870
36
192.870 198.790
37
198.790 203.920
38
203.920 209.790
39
209.790 215.096
40
215.096 219.274
41
219.274 223.900
42
223.900 228.913
43
228.913 232.940
44
232.940 238.330
45
238.330 244.210
46
244.210 249.146
47
249.146 253.971
48
253.971 258.762
49
258.762 263.993
50
263.993 268.628
51
268.628 273.154
52
273.154 280.581
53
280.581 286.243
54
286.243 290.864
55
290.864 293.760
56
293.760 299.220
57
299.220 303.849
58
303.849 308.708
59
308.708 313.777
60
313.777 320.930
61
320.930 329.161
62
329.161 334.645
63
334.645 341.730
64
341.730 348.870
65
348.870 353.160
66
353.160 357.450
67
357.450 361.077
68
361.077 365.995
69
365.995 370.844
70
370.844 376.956
71
376.956 381.930
72
381.930 388.620
73
388.620 395.774
74
395.774 401.664
75
401.664 407.016
76
407.016 411.928
77
411.928 414.260
78
414.260 420.265
79
420.265 426.270
