0
0.000 7.697
1
7.697 13.960
2
13.960 18.812
3
18.812 21.299
4
21.299 22.360
5
22.360 25.418
6
25.418 29.925
7
29.925 33.950
8
33.950 38.885
9
38.885 44.638
10
44.638 49.875
11
49.875 57.164
12
57.164 61.970
13
61.970 66.997
14
66.997 69.790
15
69.790 73.174
16
73.174 77.497
17
77.497 82.410
18
82.410 86.933
19
86.933 90.066
20
90.066 94.770
21
94.770 99.727
22
99.727 104.537
23
104.537 109.305
24
109.305 112.837
25
112.837 117.474
26
117.474 121.970
27
121.970 127.623
28
127.623 132.355
29
132.355 138.654
30
138.654 142.997
31
142.997 148.860
