0
0.000 5.526
1
5.526 10.256
2
10.256 14.660
3
14.660 17.899
4
17.899 20.355
5
20.355 22.843
6
22.843 26.050
7
26.050 29.311
8
29.311 33.380
9
33.380 36.470
10
36.470 41.413
11
41.413 45.594
12
45.594 50.562
13
50.562 55.258
14
55.258 56.810
15
56.810 60.436
16
60.436 64.732
17
64.732 68.693
18
68.693 73.528
19
73.528 77.915
20
77.915 79.946
21
79.946 83.190
22
83.190 87.551
23
87.551 91.864
24
91.864 96.269
25
96.269 102.180
26
102.180 106.105
27
106.105 110.385
28
110.385 114.820
29
114.820 119.364
30
119.364 123.339
31
123.339 127.129
32
127.129 128.484
33
128.484 131.071
34
131.071 133.709
35
133.709 137.560
36
137.560 141.050
37
141.050 145.110
38
145.110 149.180
39
149.180 153.250
40
153.250 155.618
41
155.618 160.294
42
160.294 163.490
43
163.490 166.956
44
166.956 168.315
45
168.315 174.341
46
174.341 178.670
47
178.670 183.649
48
183.649 187.227
49
187.227 191.506
50
191.506 195.970
51
195.970 203.970
52
203.970 211.970
53
211.970 221.330
