0
0.000 7.972
1
7.972 13.955
2
13.955 19.695
3
19.695 24.630
4
24.630 29.520
5
29.520 31.884
6
31.884 36.409
7
36.409 40.850
8
40.850 46.012
9
46.012 49.520
10
49.520 53.591
11
53.591 58.248
12
58.248 62.238
13
62.238 66.410
14
66.410 68.354
15
68.354 70.140
16
70.140 74.389
17
74.389 77.030
18
77.030 81.705
19
81.705 86.380
20
86.380 88.004
21
88.004 91.500
22
91.500 93.990
23
93.990 95.380
24
95.380 100.807
25
100.807 105.927
26
105.927 110.686
27
110.686 114.850
28
114.850 117.224
29
117.224 122.474
30
122.474 126.737
31
126.737 131.164
32
131.164 134.902
33
134.902 139.350
34
139.350 144.870
35
144.870 150.940
36
150.940 155.680
37
155.680 160.169
38
160.169 164.300
39
164.300 169.659
40
169.659 173.720
41
173.720 178.340
42
178.340 183.481
43
183.481 188.203
44
188.203 192.820
