0
0.000 7.290
1
7.290 12.360
2
12.360 16.600
3
16.600 20.727
4
20.727 24.760
5
24.760 27.112
6
27.112 30.900
7
30.900 34.838
8
34.838 39.126
9
39.126 41.360
10
41.360 46.110
11
46.110 48.130
12
48.130 52.330
13
52.330 57.279
14
57.279 61.165
15
61.165 66.253
16
66.253 71.526
17
71.526 77.198
18
77.198 82.628
19
82.628 85.380
20
85.380 89.224
21
89.224 91.198
22
91.198 96.977
23
96.977 101.950
24
101.950 107.032
25
107.032 113.450
26
113.450 118.400
27
118.400 123.100
28
123.100 128.410
29
128.410 131.355
30
131.355 136.210
31
136.210 141.786
32
141.786 147.140
33
147.140 150.779
34
150.779 155.620
35
155.620 159.970
36
159.970 165.658
37
165.658 172.430
