0.000 5.610
5.850 10.440
11.130 13.890
14.070 20.850
20.940 28.380
28.830 30.540
30.720 33.120
33.120 37.590
37.830 40.440
40.470 43.860
44.460 55.170
55.260 57.570
59.250 63.510
63.720 71.700
72.060 75.540
75.540 87.510
88.080 94.170
94.500 97.860
98.100 102.450
102.450 110.700
110.700 112.680
112.800 116.730
117.300 121.950
122.190 132.090
132.240 140.910
141.270 144.600
144.600 148.500
148.530 156.900
156.960 161.130
162.030 167.550
167.550 171.570
171.930 176.310
176.550 187.350
187.680 196.950
196.950 205.440
205.620 210.000
210.000 212.190
212.400 233.520
234.150 239.070
239.250 240.750
240.900 242.100
242.460 245.100
245.400 246.180
246.360 249.300
249.300 251.190
251.940 257.430
257.430 258.960
259.320 269.400
269.640 270.810
270.930 276.300
276.300 277.770
278.070 289.920
289.950 294.090
294.720 299.160
299.160 301.350
301.350 304.710
305.610 309.090
309.090 312.930
312.930 314.790
314.790 326.490
326.520 330.810
331.860 343.140
343.320 351.630
351.630 355.530
355.530 358.110
358.320 367.050
367.230 373.770
374.130 380.430
380.520 390.360
390.810 393.030
393.030 396.480
396.480 398.880
399.000 400.740
400.770 403.560
403.560 408.090
408.210 409.950
410.370 414.720
414.780 416.160
416.190 418.770
419.280 420.480
420.480 423.570
424.470 425.730
425.730 428.160
428.220 430.080
430.080 431.340
439.110 440.040
440.850 441.450
450.210 450.810
