0.000 5.610
6.000 16.650
16.740 49.470
49.590 51.060
51.480 52.680
52.950 54.390
54.390 56.880
57.120 93.510
93.570 118.590
118.590 122.730
122.730 132.120
132.210 135.300
135.540 142.980
143.100 145.590
145.590 158.280
158.280 160.380
160.410 170.610
170.610 171.840
171.930 173.610
173.610 174.660
174.930 181.590
181.590 184.170
184.170 191.670
191.940 202.710
202.710 206.280
206.370 213.390
213.540 214.680
214.860 220.740
220.890 222.030
222.030 223.080
223.080 227.460
227.460 230.040
230.040 260.340
260.340 282.150
282.150 290.160
290.280 295.260
295.470 305.910
306.030 313.230
313.410 322.440
322.440 329.070
329.070 333.300
333.300 337.410
337.590 348.840
348.840 350.160
350.190 353.670
353.670 360.540
360.750 364.440
364.440 365.070
365.070 377.610
377.700 385.080
385.080 399.930
399.930 420.150
420.150 422.820
422.880 426.000
426.000 451.320
451.350 452.370
452.520 477.390
477.390 478.620
478.620 493.080
493.320 495.870
495.870 504.900
505.080 526.440
526.440 533.010
533.160 536.070
536.250 551.880
551.910 598.770
598.770 600.930
600.930 603.360
603.960 605.730
605.730 640.560
641.100 646.410
646.410 650.250
650.520 652.920
652.920 654.630
655.140 658.980
659.010 664.110
664.260 674.250
674.280 675.690
676.020 678.180
678.390 682.590
682.590 690.450
690.450 697.200
697.200 700.080
700.080 718.440
718.440 721.080
721.110 751.380
751.530 753.540
753.750 755.760
755.760 761.640
761.880 763.440
765.090 765.840
768.360 769.020
774.660 775.380
778.320 778.920
