0.000 5.610
5.700 7.680
8.040 23.610
23.610 34.500
34.860 41.040
41.070 45.930
45.930 54.840
54.930 63.180
63.330 66.360
66.510 71.550
72.120 79.440
79.740 96.060
96.360 105.840
105.840 108.150
108.390 111.240
111.240 119.250
119.370 121.920
121.920 125.970
126.300 135.570
135.750 141.930
142.080 148.680
148.830 156.000
156.060 162.570
162.840 169.710
169.800 177.660
177.660 179.790
179.790 181.830
182.190 188.940
188.940 192.540
192.660 197.460
197.460 202.650
203.040 206.790
207.090 212.220
212.220 213.810
213.810 218.250
218.430 223.080
223.410 240.690
240.840 248.280
248.370 253.470
253.530 260.310
260.730 278.760
279.090 286.710
287.550 289.530
289.530 303.480
303.930 316.770
316.830 322.920
323.070 333.960
334.200 342.990
343.080 351.690
351.690 354.270
354.330 362.490
362.550 366.660
366.660 369.120
369.360 380.610
380.640 387.210
387.210 393.990
394.140 401.220
401.400 414.990
414.990 416.250
417.390 423.570
424.650 431.370
431.730 432.330
