0.000 5.610
5.610 12.360
12.360 16.710
16.710 31.050
31.050 34.290
34.290 35.610
35.760 40.410
40.410 57.990
58.080 60.660
60.660 70.530
70.530 84.870
85.080 87.600
87.600 91.860
92.100 92.820
92.820 98.580
98.820 112.590
112.590 117.570
117.570 123.150
123.150 125.220
125.280 141.810
141.960 148.380
148.380 151.080
151.080 156.600
156.600 163.860
163.980 164.580
164.850 182.220
182.460 187.530
187.560 190.530
190.740 199.770
199.830 207.750
207.750 217.890
217.890 227.040
227.040 234.840
235.410 236.490
237.750 243.450
245.130 247.230
247.230 252.150
252.180 252.780
