0.000 5.610
5.610 13.650
13.650 20.190
20.190 27.630
27.630 32.490
32.520 34.080
34.080 36.630
37.290 47.130
47.130 62.550
62.550 71.880
72.540 76.950
76.950 101.100
101.100 121.710
121.740 124.890
124.890 126.750
126.750 135.510
135.750 136.530
136.530 146.520
146.520 155.640
155.640 167.610
167.610 174.330
174.390 200.370
200.550 207.120
207.120 221.610
221.610 224.610
224.760 233.880
233.880 236.040
236.280 238.740
239.040 243.480
243.540 248.190
248.190 250.170
250.440 258.660
258.660 263.130
263.130 284.130
284.130 287.430
287.550 291.390
291.540 292.710
293.850 299.700
301.170 308.160
