0.000 5.610
5.610 15.480
15.480 17.340
17.340 22.770
22.800 27.900
28.080 28.860
28.860 37.530
37.800 42.090
42.090 45.180
45.240 50.310
50.310 58.260
58.350 65.070
65.160 72.480
72.480 82.740
82.770 86.640
86.640 89.700
89.730 130.050
130.050 147.300
147.300 149.340
149.340 157.800
157.920 168.780
168.780 184.440
184.500 187.650
187.650 192.450
192.510 201.780
201.990 206.520
206.610 209.970
210.090 219.930
220.080 223.800
223.950 233.670
233.820 240.030
240.030 249.210
249.300 258.930
259.050 278.550
278.580 286.980
287.430 291.750
291.750 293.760
293.760 294.600
294.810 295.710
297.240 302.970
304.470 306.600
306.600 311.340
311.580 312.180
