0.000 5.610
5.790 12.390
12.480 15.150
15.270 18.180
18.330 21.090
21.090 26.610
26.610 36.510
36.960 46.110
46.260 52.290
53.040 55.740
55.860 57.990
57.990 60.540
60.780 62.400
62.430 67.260
67.710 69.630
69.630 77.460
77.670 79.410
79.500 89.670
90.000 93.390
93.390 96.360
96.930 99.570
99.570 101.250
101.310 103.890
104.160 109.500
109.830 114.660
114.660 116.370
116.520 120.900
120.900 126.510
126.510 128.940
129.240 132.000
132.090 134.700
134.700 138.180
138.420 140.310
140.310 144.510
145.260 148.410
148.710 150.960
151.080 155.190
155.190 158.940
159.210 161.220
161.400 163.650
163.650 168.180
168.210 171.870
171.930 175.110
175.110 181.170
181.290 184.560
184.710 187.440
187.440 191.760
192.210 194.790
195.330 196.500
196.500 198.060
198.060 199.920
200.160 202.560
202.710 204.210
204.210 206.820
206.910 210.150
210.240 212.070
212.070 213.480
213.750 215.340
215.730 217.230
217.350 219.660
219.870 221.250
221.250 223.170
223.260 225.840
226.110 228.150
228.150 232.200
232.200 233.400
233.400 235.080
235.800 237.270
237.270 241.140
241.140 244.380
244.710 247.170
247.350 252.120
252.330 254.550
254.700 255.750
255.750 259.710
259.860 261.840
262.230 264.150
264.150 268.050
268.290 272.250
272.250 274.350
274.410 277.200
277.230 280.500
280.620 284.190
284.190 288.930
289.020 290.520
290.580 298.740
298.800 300.180
300.270 309.030
309.180 310.980
311.190 319.380
319.380 322.770
322.770 324.600
324.840 327.480
327.720 335.940
337.140 338.880
339.030 340.380
340.380 350.160
350.580 351.690
351.690 357.420
358.020 365.910
366.270 370.200
370.200 374.520
374.520 377.460
377.700 380.730
380.880 383.580
383.580 394.380
394.380 396.990
397.230 400.260
400.260 401.220
401.250 404.700
404.820 407.790
407.850 417.030
417.120 419.730
419.730 423.480
423.480 427.290
427.320 429.360
429.510 437.370
437.910 447.570
447.780 464.460
464.460 465.690
466.800 472.620
474.180 476.250
476.250 480.360
