0.000 11.490
11.970 12.870
13.020 15.150
15.150 17.820
18.600 19.620
19.620 20.340
20.520 21.810
22.830 25.110
25.260 26.190
26.340 27.390
27.510 30.780
30.840 31.620
33.240 35.340
35.370 36.540
36.540 37.980
38.130 39.090
39.090 39.960
40.380 43.200
43.440 45.330
45.330 45.960
46.140 48.450
48.540 49.500
50.100 51.150
51.750 52.830
52.830 55.800
57.030 57.810
57.840 61.590
61.590 63.870
64.290 65.940
66.060 67.140
67.200 68.760
68.850 71.130
71.730 73.620
73.620 75.660
75.870 76.470
76.920 78.180
78.180 80.970
81.300 86.190
87.120 92.430
92.430 96.120
96.420 98.430
98.520 101.790
102.000 104.460
104.970 106.470
106.470 108.180
109.200 113.130
113.310 114.960
115.020 116.970
116.970 117.750
117.840 118.440
118.440 120.840
120.840 121.740
122.370 124.260
125.340 126.120
126.510 130.530
130.530 132.000
132.000 133.230
134.250 137.640
137.640 140.670
140.730 142.470
142.710 145.830
147.390 151.230
151.230 158.910
159.000 161.430
162.030 163.590
164.250 165.540
165.540 166.500
166.770 167.910
168.390 169.350
169.860 171.090
171.750 175.110
175.110 176.130
176.160 176.760
177.120 181.050
181.320 183.450
183.450 185.640
186.420 191.850
192.120 194.670
195.090 195.870
195.870 198.390
198.600 199.410
199.470 202.770
202.920 204.930
205.110 208.860
208.950 210.390
211.170 213.300
213.840 215.100
215.310 217.350
217.560 218.550
218.700 221.250
221.340 224.610
224.940 226.800
227.010 227.970
228.000 230.970
231.240 232.560
232.620 233.220
233.850 235.980
236.010 237.960
238.530 239.130
239.130 240.510
241.050 242.220
242.520 244.830
244.830 245.730
245.850 246.450
246.510 247.860
247.950 249.030
249.030 252.150
252.150 253.350
253.710 255.030
255.570 257.340
257.730 258.570
259.440 260.190
260.190 262.560
262.560 263.280
263.310 268.530
269.190 271.110
271.230 273.870
273.870 275.010
275.160 275.910
275.940 276.780
276.810 277.920
278.250 280.890
281.070 283.320
283.530 284.880
284.880 286.770
287.340 291.990
292.380 295.410
296.220 299.490
299.760 301.710
301.710 302.370
302.670 305.910
305.970 308.430
308.430 310.440
310.440 311.850
312.030 313.470
313.740 316.710
316.890 318.840
319.110 321.180
321.600 323.400
323.400 324.150
324.240 325.440
325.440 328.470
328.500 331.740
331.740 334.050
335.100 338.880
339.000 340.080
340.260 341.370
342.780 349.230
349.980 356.700
357.090 357.690
