0.000 11.280
11.280 12.120
12.300 13.230
13.800 16.110
16.110 17.190
17.190 18.150
18.390 20.310
20.490 23.640
23.760 25.680
25.830 27.030
28.050 29.040
29.850 31.770
31.980 34.470
34.590 36.510
37.020 38.580
38.820 40.710
41.220 43.410
43.950 45.810
46.350 49.140
51.210 53.520
53.910 55.410
56.490 57.990
57.990 59.130
59.370 61.800
61.800 62.640
62.640 63.840
64.320 66.090
66.630 71.370
71.550 72.990
73.380 74.430
75.450 76.770
77.670 78.480
78.480 80.820
80.820 82.080
82.080 83.130
83.850 86.100
86.730 88.290
89.040 89.880
89.880 92.310
93.390 94.440
95.070 97.080
97.890 100.230
100.410 101.850
102.540 103.830
104.130 104.940
105.570 109.200
109.530 110.460
110.700 111.720
111.810 113.010
113.460 114.810
115.710 116.820
117.210 119.460
119.730 123.180
123.720 128.760
129.390 130.320
130.380 131.790
132.180 132.930
133.050 136.470
136.650 140.340
140.910 144.390
144.450 145.050
145.110 148.350
148.350 150.000
150.660 153.900
155.550 157.320
157.320 163.320
163.830 165.480
165.600 167.190
167.370 168.480
169.200 171.960
172.140 174.090
174.330 177.540
177.720 179.640
179.940 182.760
182.820 184.200
184.410 185.760
185.760 186.510
186.720 188.610
189.150 190.530
190.530 192.060
192.540 195.780
196.140 197.640
197.880 198.480
198.660 200.250
200.790 202.950
204.990 208.230
208.440 209.340
209.880 211.590
211.590 214.260
214.530 215.580
216.510 221.130
221.430 222.030
222.420 225.390
225.870 227.130
227.130 231.180
231.690 234.120
234.480 237.960
238.410 240.090
240.120 242.520
242.760 247.680
247.680 248.280
249.330 252.810
254.250 255.720
255.720 258.540
258.540 261.990
262.500 263.670
263.670 265.200
265.200 269.310
269.370 273.300
273.630 274.770
275.190 276.660
277.590 279.450
280.380 282.360
282.780 284.130
284.970 287.550
288.450 289.950
289.950 290.580
291.150 293.100
293.490 294.630
295.860 300.510
302.190 303.810
303.810 306.030
306.030 308.700
309.390 311.850
312.510 314.760
315.210 316.590
316.650 317.940
318.510 319.620
319.620 321.720
321.720 322.320
322.320 323.130
323.940 325.560
326.100 327.270
327.360 328.830
328.830 329.640
330.750 331.890
332.460 335.310
336.030 337.170
338.160 342.660
343.290 344.730
344.820 345.900
347.250 350.280
351.390 353.100
353.430 354.780
354.990 358.050
358.170 360.930
361.740 363.270
363.570 367.620
367.890 370.770
371.190 371.820
372.000 372.690
372.810 375.120
375.720 376.350
376.500 378.570
378.960 380.700
380.790 384.000
384.870 388.110
388.110 389.310
389.370 390.840
390.870 392.370
393.330 397.020
397.020 398.640
398.700 401.190
401.670 407.220
407.550 409.230
409.800 410.610
410.730 411.930
412.560 414.930
415.860 417.120
417.780 422.010
422.490 425.760
425.760 426.660
426.690 428.490
429.270 430.080
430.290 431.310
431.310 432.840
433.170 434.550
434.880 436.620
436.620 438.630
438.930 441.570
441.630 442.470
442.470 443.970
444.120 447.150
447.540 448.830
449.310 453.180
453.840 456.270
456.270 457.650
458.100 460.320
460.530 462.360
462.360 462.960
464.070 465.630
465.630 466.260
466.830 469.530
469.560 471.750
472.620 474.750
474.840 477.030
477.390 478.350
478.470 480.000
480.000 481.800
482.370 485.700
486.510 487.440
487.440 491.460
491.520 494.640
494.730 495.660
495.690 497.910
497.940 502.830
503.040 507.030
507.420 509.100
509.100 510.570
510.570 512.460
512.640 515.910
516.390 517.860
517.860 519.660
519.690 520.950
522.090 526.110
526.110 527.490
527.490 529.530
529.890 532.230
532.650 534.000
534.420 535.830
536.070 538.200
538.500 539.910
539.910 540.510
540.900 541.890
542.730 543.330
543.750 544.440
544.980 545.880
545.880 550.050
550.080 552.570
552.570 554.820
555.780 558.990
558.990 561.750
561.750 562.680
563.400 565.740
565.830 567.360
568.200 569.730
570.450 572.640
572.910 573.810
574.080 575.460
576.240 579.060
580.290 581.490
581.970 583.380
585.180 587.700
587.940 597.480
598.050 602.760
602.910 606.540
606.750 609.030
609.270 614.130
614.400 617.250
617.400 622.380
622.620 626.730
626.970 630.330
630.600 631.590
631.620 632.400
632.490 633.660
633.660 635.160
635.400 637.590
637.860 639.450
640.800 642.060
642.060 645.750
646.200 648.120
648.210 650.070
650.100 651.780
652.110 654.030
654.240 655.440
655.710 657.450
657.930 660.690
661.050 662.160
662.460 665.460
665.760 667.080
667.290 671.850
672.060 672.870
673.620 674.850
675.060 677.550
677.610 680.190
680.670 681.420
681.450 682.920
683.190 685.380
685.830 687.300
687.390 688.470
688.680 689.280
690.570 691.290
692.310 695.370
695.730 696.960
697.110 700.740
701.040 702.960
703.050 704.910
704.910 706.230
706.620 711.060
711.210 712.320
712.770 714.420
715.020 716.610
716.820 718.170
718.170 719.190
720.000 722.580
722.640 723.450
723.480 727.230
727.890 730.140
730.530 731.610
731.940 733.140
733.410 734.130
734.190 736.650
736.740 740.730
740.730 742.830
743.220 746.940
747.090 749.040
749.040 749.940
750.300 752.370
752.820 754.350
754.710 755.490
755.490 758.820
758.850 759.960
760.200 761.550
761.550 763.350
764.040 765.000
765.960 767.610
767.820 769.770
769.950 771.780
771.870 773.190
773.250 774.330
774.690 776.880
777.750 779.460
779.460 780.540
780.930 782.820
783.090 785.430
785.520 787.230
787.230 788.340
788.670 791.220
791.220 791.820
791.820 794.730
795.960 796.560
797.010 798.870
799.410 802.170
802.590 804.570
804.990 807.960
808.380 810.420
810.420 811.200
812.100 814.200
814.290 816.960
817.260 821.430
821.700 823.290
823.860 826.650
826.650 827.820
827.820 828.810
829.110 830.070
830.340 832.080
832.350 833.040
833.760 834.480
834.540 835.950
836.790 837.960
839.310 840.900
840.900 841.950
842.220 844.920
844.920 845.730
845.970 847.500
847.680 848.700
849.300 851.730
851.850 853.590
854.190 856.710
857.100 859.260
859.260 860.580
860.850 861.630
861.630 864.210
864.330 866.250
866.370 868.950
868.950 869.730
870.210 871.710
871.950 873.030
873.270 874.620
875.130 876.000
876.000 877.080
877.200 878.460
878.610 880.740
881.070 882.030
882.600 883.530
884.010 885.660
885.690 886.290
886.920 887.790
887.910 889.320
889.320 890.280
890.550 892.530
892.530 894.360
894.660 897.150
897.150 898.170
898.170 899.070
899.100 901.860
901.920 903.570
905.730 909.180
909.180 910.170
910.260 911.670
911.820 912.570
912.900 915.000
915.000 918.030
918.030 919.110
919.260 922.440
922.440 925.770
925.950 928.110
928.860 932.430
932.730 933.750
933.990 935.100
935.190 937.260
939.000 940.830
941.040 941.940
942.090 943.590
943.710 945.300
945.300 946.080
946.080 947.550
947.670 950.850
950.910 954.930
955.140 955.800
955.830 956.460
956.700 961.350
961.440 963.720
964.050 965.100
965.100 965.730
965.760 967.260
967.620 970.140
970.140 974.070
974.190 978.540
978.990 980.400
980.400 983.220
983.850 985.380
985.380 986.610
986.820 988.320
988.410 989.400
989.670 992.550
992.700 993.540
993.720 997.950
998.370 1002.780
1002.780 1004.100
1004.490 1007.190
1007.190 1008.570
1008.570 1013.310
1013.460 1017.510
1017.990 1020.450
1020.870 1022.940
1022.940 1024.050
1024.050 1025.430
1025.820 1026.540
1027.200 1028.100
1028.130 1030.290
1030.710 1031.790
1032.510 1033.920
1033.920 1037.760
1037.850 1038.660
