0.000 11.700
12.420 13.350
13.530 14.550
14.550 16.890
16.980 18.090
18.210 19.410
19.410 21.090
21.780 25.650
25.680 27.630
27.660 28.470
29.040 33.810
34.800 36.990
37.710 39.360
39.630 40.620
41.430 42.390
42.750 46.620
46.620 48.240
48.630 49.230
49.230 53.580
53.760 56.040
56.220 57.750
58.050 60.720
60.720 61.320
61.950 67.620
68.190 69.750
69.810 71.640
71.640 72.270
72.270 73.890
73.890 75.990
76.020 77.280
77.280 78.870
79.830 81.030
81.150 83.730
83.940 86.370
86.820 89.010
89.130 92.280
92.460 94.110
94.110 97.440
97.470 101.130
101.130 102.840
102.840 103.920
104.610 107.310
107.400 112.500
112.950 114.690
115.080 120.360
120.660 121.770
121.800 126.480
127.050 130.140
130.410 131.940
132.060 134.040
134.040 138.600
139.380 140.670
140.880 141.990
142.410 145.770
146.190 147.270
147.660 152.760
152.760 153.960
154.890 156.000
156.000 156.960
157.290 162.960
163.440 167.460
167.460 169.800
170.040 172.200
172.260 178.050
179.310 181.680
181.710 184.290
184.590 185.550
185.700 188.400
188.400 193.170
193.260 209.040
209.820 211.860
211.890 217.290
217.290 219.030
219.270 223.170
223.170 225.180
225.510 229.440
229.440 241.920
241.920 244.440
244.440 247.080
247.260 251.310
251.340 255.840
255.930 259.830
259.830 262.140
262.350 264.330
264.660 274.470
275.130 275.880
276.660 278.730
278.970 280.230
280.710 282.180
282.180 285.510
285.690 287.220
287.400 288.210
288.300 289.410
289.410 290.130
290.130 291.360
291.360 292.020
292.020 294.630
294.630 301.650
301.770 302.790
302.850 305.100
305.490 307.530
307.620 308.790
308.790 310.740
311.070 312.810
314.460 316.950
317.160 321.390
321.420 327.120
327.120 328.560
328.590 333.270
334.860 337.740
337.770 341.010
341.250 343.080
343.140 343.740
343.740 346.500
346.620 347.670
347.700 352.170
352.350 354.000
354.210 357.540
357.540 358.590
358.620 364.440
364.560 367.110
367.650 371.340
371.430 373.500
373.620 376.110
376.470 381.120
381.180 381.990
382.110 383.250
384.600 390.150
391.830 394.020
394.020 398.820
398.940 399.540
