0.000 9.240
9.270 11.040
14.460 15.150
16.620 17.370
17.640 19.620
19.620 20.610
20.670 21.600
21.840 24.600
24.600 25.260
25.590 27.180
27.360 30.720
30.720 31.350
31.350 33.420
33.870 42.930
42.930 44.010
44.220 46.200
46.860 49.140
49.140 54.450
54.600 55.650
57.060 61.860
61.920 64.350
65.100 66.210
66.270 68.070
68.400 71.400
71.790 73.860
74.520 75.630
75.870 77.010
77.190 83.010
83.400 87.330
87.450 89.790
89.940 91.860
92.580 98.910
99.270 100.590
100.590 104.250
104.340 110.550
111.660 115.590
116.400 122.370
122.370 125.430
125.430 127.350
128.580 132.330
132.690 134.970
134.970 137.430
137.820 139.050
139.230 143.670
145.770 150.210
150.390 151.380
152.070 154.290
154.680 157.470
157.770 162.330
162.330 163.050
163.170 163.770
163.770 164.640
165.090 166.050
166.050 168.390
168.390 170.850
171.120 172.290
172.860 177.150
177.690 179.160
179.160 180.960
181.560 184.350
184.710 185.400
185.400 187.950
187.950 190.620
191.010 191.610
191.640 193.650
193.680 198.840
199.200 202.410
204.780 206.520
206.670 207.630
208.080 209.970
209.970 211.680
211.920 213.360
213.360 214.800
214.830 218.040
218.490 221.340
221.640 224.790
224.790 225.990
225.990 227.700
227.790 229.320
229.350 230.040
230.130 231.060
231.660 236.820
236.820 237.420
237.630 238.350
238.410 241.830
242.490 243.540
243.570 245.340
245.700 249.270
249.450 250.200
250.740 253.170
254.310 256.290
256.500 259.170
259.680 261.540
263.070 269.880
269.880 270.690
270.810 272.370
272.460 274.560
274.770 275.400
275.610 277.950
278.250 280.680
280.680 284.610
286.140 289.260
291.660 292.800
293.670 294.660
294.690 297.930
297.930 298.830
299.100 300.000
300.180 302.700
302.790 304.020
304.440 305.550
305.550 308.460
308.820 309.930
310.980 312.660
313.770 314.400
314.490 316.380
316.470 319.230
319.230 320.700
321.030 324.180
325.230 326.400
326.730 327.750
328.680 330.060
330.510 331.290
331.290 336.240
336.870 340.500
340.920 342.870
342.870 344.160
345.930 349.860
350.490 352.110
352.410 353.700
354.300 357.780
357.780 360.150
360.540 362.010
362.250 363.180
363.300 365.760
366.720 367.650
367.650 369.120
369.810 370.860
371.130 371.820
373.080 375.600
376.110 377.490
377.730 378.960
378.960 380.790
380.790 381.450
381.720 384.690
384.690 387.330
387.330 389.520
389.640 391.500
392.100 393.990
394.650 396.510
397.680 399.240
399.810 400.710
400.710 402.990
403.020 405.390
406.740 407.910
408.270 412.350
413.640 414.570
414.570 415.350
415.560 420.090
420.180 422.400
422.760 424.290
424.650 429.930
430.560 432.570
432.570 434.520
434.820 435.900
435.930 437.340
437.670 438.780
438.780 439.860
439.860 441.930
442.350 445.290
445.980 447.870
448.110 449.910
450.630 451.950
451.950 452.550
454.530 455.550
455.670 457.500
458.460 459.150
459.150 459.810
460.560 461.340
461.730 462.810
464.220 470.520
471.480 478.500
478.590 479.190
