0.000 6.180
10.770 11.760
12.060 15.330
16.230 21.750
21.810 22.620
22.680 30.300
30.390 35.460
35.460 39.270
39.450 42.990
42.990 48.450
49.350 51.540
51.540 55.080
55.320 64.050
64.050 65.190
65.190 86.400
86.430 87.810
87.930 90.030
90.030 91.830
92.340 100.380
100.380 106.020
106.140 111.180
111.450 114.360
114.450 118.050
118.320 120.870
120.870 124.530
124.620 138.690
138.690 144.630
144.630 147.300
147.510 158.850
159.150 163.200
163.200 164.550
164.580 176.520
176.880 179.730
179.910 186.810
186.900 191.070
191.070 195.300
195.420 207.810
207.810 208.890
209.070 210.690
210.960 216.660
216.660 224.400
224.550 248.280
248.430 256.620
256.860 258.090
258.870 260.100
260.130 286.230
286.230 293.700
293.700 298.710
298.860 323.190
323.400 339.630
339.630 341.400
341.430 342.210
342.330 343.350
343.680 345.150
345.150 349.230
349.230 354.240
354.660 360.060
360.060 392.550
392.730 403.590
403.590 407.520
407.880 415.530
416.010 419.130
419.370 432.630
432.630 435.060
435.090 442.380
442.380 444.120
444.180 447.090
447.300 449.370
449.370 463.740
464.100 465.510
465.600 467.730
468.000 471.180
471.360 477.210
477.480 482.070
482.490 487.770
488.490 498.570
498.660 505.380
505.410 527.550
527.760 530.550
530.550 538.680
538.680 553.380
553.830 564.150
564.390 566.880
566.880 584.640
584.790 600.330
600.510 604.020
604.230 619.680
619.710 622.440
622.770 637.710
637.710 644.820
644.850 652.320
652.320 658.620
658.620 661.380
661.530 675.120
675.360 690.660
691.170 692.430
692.790 698.460
698.460 704.220
704.580 709.590
709.680 717.420
717.420 721.830
721.830 723.030
723.030 726.930
726.930 747.570
747.570 749.730
749.730 750.600
751.050 767.610
767.610 775.140
775.290 787.290
787.470 788.250
788.370 788.970
