0.000 6.210
7.890 12.270
12.750 16.980
16.980 20.550
21.330 25.710
25.710 26.520
26.670 29.220
29.220 33.780
33.780 40.950
40.950 42.810
42.930 46.590
46.710 47.880
47.880 49.260
49.890 52.410
52.410 53.040
53.490 55.500
55.500 59.040
59.460 63.150
63.180 64.200
64.200 66.960
67.170 77.790
77.790 78.960
78.960 79.560
79.590 80.700
80.700 82.500
82.620 85.020
85.020 88.050
88.050 91.140
91.140 97.980
97.980 103.890
103.890 114.660
115.020 117.120
117.420 143.820
143.910 168.480
168.480 175.470
175.530 210.540
210.810 223.710
223.710 225.030
225.030 230.070
230.070 234.990
235.320 236.850
237.000 239.460
239.460 256.860
256.890 263.970
264.060 273.540
273.810 278.130
278.160 279.060
279.060 281.070
281.610 283.440
283.440 291.300
291.600 293.130
293.190 305.610
305.610 307.140
307.320 313.290
313.290 322.860
323.160 327.660
327.660 335.490
335.490 336.480
336.480 338.820
338.880 351.120
351.180 353.610
353.670 365.730
366.240 374.850
375.000 378.420
378.420 382.680
382.770 383.550
383.670 384.840
385.260 389.280
389.490 409.320
409.530 420.930
421.500 461.760
461.940 467.640
467.640 474.390
474.390 488.640
489.180 494.730
494.730 503.310
503.340 504.420
504.420 511.740
512.130 515.310
515.310 516.810
517.260 522.030
522.030 531.960
532.050 536.850
536.850 548.340
548.520 554.520
554.610 558.120
558.240 559.440
559.620 560.580
560.580 563.730
563.730 565.260
565.260 576.990
576.990 583.860
583.860 588.510
588.720 591.150
591.690 609.120
609.360 610.500
610.860 614.010
614.130 625.620
625.860 632.850
632.850 633.960
634.020 654.720
654.960 659.490
659.940 664.290
664.290 690.360
690.360 700.080
700.110 702.030
702.030 714.990
715.200 718.980
718.980 720.690
720.780 727.410
727.530 730.980
731.220 743.760
743.910 780.090
780.510 812.640
812.640 816.240
816.510 823.740
823.740 824.790
824.970 834.150
834.150 843.210
843.360 851.190
851.190 853.410
853.410 857.970
857.970 859.110
859.140 876.630
876.630 880.410
880.560 881.610
881.640 883.950
884.040 898.920
898.950 901.500
902.040 904.620
904.680 909.480
909.600 911.550
911.820 920.250
920.370 926.370
926.430 936.330
936.330 943.170
943.170 948.630
948.780 953.640
953.910 956.850
957.480 958.080
