0.000 6.180
10.320 13.680
13.890 16.350
16.350 17.850
17.940 21.810
22.260 24.090
24.570 33.150
33.150 36.330
36.330 39.120
39.120 43.260
43.260 56.010
56.010 59.550
59.550 73.350
73.350 76.440
76.740 88.860
88.860 90.720
90.810 105.570
105.720 109.200
110.010 111.270
111.480 113.460
113.460 115.620
115.620 123.480
123.480 124.140
124.410 129.270
129.270 137.190
137.370 155.280
156.150 160.380
160.530 163.200
163.680 166.680
166.830 168.990
169.260 173.010
173.010 187.410
187.410 217.200
217.470 223.860
224.010 225.510
225.540 231.060
231.060 231.660
231.660 237.180
237.360 269.460
269.460 281.220
281.220 286.020
286.170 298.260
298.290 313.020
313.620 323.370
323.550 327.240
327.750 330.270
330.780 332.250
333.030 335.520
336.390 338.580
338.580 342.300
342.300 348.600
348.690 380.010
380.010 380.700
380.820 390.060
390.060 395.790
396.390 406.830
407.460 408.930
408.930 409.560
409.770 449.610
449.790 451.770
452.040 477.690
477.780 481.020
481.020 482.640
483.360 486.840
487.770 513.570
513.780 546.030
546.030 557.430
557.430 560.580
561.030 562.230
562.320 564.990
565.290 568.830
