0.000 6.180
10.200 11.550
12.390 14.910
15.390 17.730
17.820 18.420
18.420 29.760
29.760 37.380
37.920 38.520
39.180 42.780
43.290 44.220
44.460 53.400
53.640 54.990
54.990 56.430
56.700 58.530
59.040 61.500
61.770 64.020
64.140 68.130
68.520 71.730
72.000 79.710
79.890 94.050
94.050 113.790
114.000 118.560
118.680 120.900
120.900 122.070
126.840 133.260
133.410 151.290
151.290 173.580
173.580 176.610
176.640 185.700
185.700 208.860
208.860 211.170
211.170 213.360
213.360 219.510
219.570 222.720
222.930 229.710
234.150 235.290
235.380 251.910
251.910 258.930
259.110 271.980
272.220 278.580
278.580 279.180
279.180 295.080
300.060 308.820
309.000 320.010
320.010 322.110
322.110 328.680
329.130 335.310
335.310 337.830
337.980 340.110
340.920 351.360
351.390 372.690
377.160 378.240
378.270 381.240
381.270 390.390
390.960 391.680
391.920 398.670
398.970 401.820
402.060 405.390
405.390 411.030
411.180 412.800
413.160 419.130
419.130 420.720
421.170 425.010
425.010 430.830
431.280 434.850
435.060 437.280
437.730 440.880
441.390 443.370
443.610 444.360
444.990 450.390
450.780 453.000
453.300 455.970
456.030 456.630
456.630 462.930
462.930 463.770
464.010 479.610
479.640 481.530
481.530 484.230
484.230 488.490
488.490 500.760
500.760 505.080
505.140 511.530
512.070 537.600
537.600 541.350
541.350 543.420
543.600 552.390
556.800 557.910
557.910 559.140
559.140 577.710
577.740 582.480
582.510 602.940
602.940 608.790
613.350 616.440
616.740 617.430
617.820 624.180
624.270 661.320
661.470 682.470
682.470 706.050
706.050 709.380
709.410 712.350
712.950 719.880
719.880 722.190
722.280 759.180
759.210 762.990
762.990 767.760
767.760 790.980
791.070 813.330
813.330 815.130
815.760 818.610
