0.000 6.180
10.830 16.590
16.590 23.040
23.490 24.180
24.390 25.440
26.610 28.440
28.710 38.160
38.190 44.400
44.520 49.650
49.650 57.900
57.900 60.030
60.360 63.240
63.240 64.830
65.010 74.730
74.940 81.030
81.150 93.030
93.030 102.330
102.420 104.100
104.100 107.850
107.850 109.140
109.140 110.640
110.910 113.670
113.670 115.740
115.800 119.880
120.300 121.590
121.590 123.780
123.780 125.520
125.940 134.730
134.730 138.450
138.840 141.510
141.960 145.980
146.220 148.470
148.470 149.490
149.490 153.570
153.570 163.200
163.200 168.330
168.660 179.580
180.420 184.980
185.010 189.720
190.230 209.820
209.910 217.770
218.280 222.390
222.510 224.010
224.010 225.690
225.690 228.570
228.690 239.220
239.220 249.780
249.780 256.770
257.190 258.420
258.420 267.060
267.240 270.750
270.780 272.730
273.060 277.380
277.410 279.990
280.080 283.890
284.160 288.300
288.300 289.920
290.310 291.390
291.390 296.430
296.430 301.920
301.920 308.970
308.970 339.210
339.360 345.720
345.720 350.190
350.670 352.920
353.010 355.830
355.830 356.850
356.850 380.490
380.670 383.190
383.370 385.710
386.130 390.360
390.360 392.880
393.270 400.680
401.010 418.830
418.950 433.650
434.400 443.850
443.850 446.670
446.670 449.880
450.060 463.170
463.200 465.090
465.120 470.130
470.520 471.240
471.480 478.590
478.680 484.860
484.860 487.980
488.070 496.650
496.680 508.230
508.230 510.030
510.090 514.230
514.230 517.020
517.020 527.220
527.220 531.300
531.780 538.620
539.100 555.000
555.510 566.700
567.030 569.940
570.450 576.240
577.110 583.590
583.590 591.420
591.540 593.880
593.880 597.030
597.180 612.570
612.570 622.290
622.650 636.090
636.120 642.120
642.180 646.410
646.530 647.700
