0.000 6.210
10.080 12.120
12.120 17.490
17.700 34.650
34.650 35.370
35.370 38.580
38.580 40.380
40.500 43.560
43.590 47.580
47.580 55.170
55.290 57.960
58.110 62.850
63.060 64.170
64.170 65.610
65.910 71.730
72.180 74.520
74.700 77.340
77.340 82.530
82.530 83.370
84.720 96.570
96.570 101.190
101.400 109.290
109.320 119.070
119.070 122.700
123.030 127.920
128.220 132.210
132.420 133.860
134.190 144.630
145.320 152.130
152.130 154.080
154.290 155.820
155.820 161.280
161.280 193.050
193.050 193.770
193.800 195.930
195.930 206.070
206.370 208.620
208.770 215.670
215.670 219.150
219.330 221.550
221.550 223.560
223.560 234.690
234.690 236.910
236.910 240.900
241.320 243.210
243.270 247.920
247.920 271.260
271.260 276.480
276.750 283.290
283.320 284.190
284.190 286.620
286.620 289.410
289.410 297.900
297.900 305.790
305.790 312.270
336.930 339.990
339.990 343.050
343.050 345.780
345.780 348.420
348.420 349.770
349.770 352.230
352.320 359.370
359.580 361.440
361.440 367.920
368.010 375.270
375.270 376.260
376.260 379.470
379.530 384.660
384.810 387.270
