0.000 6.180
10.470 11.520
11.730 16.740
17.610 19.020
19.020 20.670
20.940 22.350
22.440 25.200
25.200 27.720
28.650 29.820
29.820 34.470
34.470 35.100
35.400 37.980
37.980 42.510
42.510 44.820
45.150 47.550
47.640 50.190
50.610 60.630
61.320 67.170
67.320 69.420
69.420 72.270
72.780 74.400
74.610 78.570
78.750 81.090
81.510 84.360
84.480 92.220
92.550 99.780
100.620 106.500
107.370 109.680
109.680 112.620
113.520 117.510
117.510 122.190
122.700 125.070
125.070 127.740
128.400 129.330
130.440 134.550
134.760 136.650
136.860 139.650
139.890 143.880
144.060 147.030
148.260 153.000
153.000 156.000
156.000 161.070
161.190 161.820
161.820 169.140
169.140 170.550
170.550 171.630
171.870 173.520
174.060 176.070
176.790 186.690
186.690 190.380
190.650 192.270
192.570 197.670
197.670 199.950
199.950 200.880
201.060 205.260
205.500 208.470
208.680 211.590
211.590 212.640
212.640 216.330
217.950 220.260
220.410 222.480
222.510 225.750
225.990 229.020
229.560 231.960
232.590 236.460
236.460 237.270
237.570 240.570
241.260 245.490
245.700 251.850
252.090 253.290
253.590 256.680
256.680 258.030
258.030 262.080
262.080 264.030
264.090 268.290
268.830 272.670
273.990 274.920
275.250 281.010
281.010 283.410
283.410 284.430
284.430 287.040
287.040 289.140
289.140 292.470
292.560 294.240
295.110 296.700
296.700 303.690
303.720 305.910
305.910 307.170
307.770 308.940
308.940 310.170
310.380 311.550
312.240 314.310
314.400 317.130
317.550 321.690
322.290 322.920
322.920 324.930
325.020 326.610
326.610 329.400
329.460 335.790
336.540 337.920
338.130 345.240
346.680 349.650
349.920 351.960
351.960 357.000
357.150 361.470
361.980 365.790
366.210 370.770
370.770 371.520
371.550 372.720
373.080 375.690
375.690 376.830
376.830 385.950
386.280 390.000
390.000 392.430
392.580 396.390
397.680 399.990
400.530 402.900
403.230 408.450
409.290 415.290
415.410 418.680
419.250 423.420
423.570 427.170
427.440 430.500
430.980 432.570
433.350 437.100
437.280 442.080
442.380 443.340
443.610 445.230
445.890 448.620
448.950 451.590
451.980 460.260
460.500 461.910
462.660 464.820
464.880 467.550
467.580 468.930
468.930 470.130
470.220 477.390
477.390 485.010
