0.000 6.210
10.290 13.290
13.290 17.490
17.910 18.930
18.930 24.000
24.120 28.320
28.740 31.110
31.110 34.320
34.320 36.480
36.900 41.190
41.400 47.340
47.340 48.750
48.750 50.640
50.640 51.510
51.510 52.710
52.710 59.580
59.730 63.780
63.780 68.550
68.730 69.840
69.840 74.310
74.670 77.730
78.000 83.220
83.220 86.970
87.060 87.660
87.720 89.760
89.760 99.390
99.390 101.340
101.340 103.470
103.530 105.330
105.900 106.950
106.950 112.020
112.140 118.740
118.740 126.840
126.840 130.980
131.220 136.230
136.230 144.480
144.510 148.860
148.950 152.340
152.370 168.480
168.630 169.680
169.920 175.620
175.800 180.750
180.750 183.360
183.720 192.750
192.900 194.340
195.330 199.890
199.920 201.870
201.870 204.930
204.930 213.690
213.690 215.370
215.370 216.540
216.540 227.520
227.880 230.370
230.580 233.970
234.840 240.540
241.080 244.800
244.980 260.010
260.850 261.690
262.410 267.480
267.810 271.890
271.890 273.480
273.600 276.840
277.650 280.200
280.440 283.170
283.710 285.450
285.600 289.050
289.650 290.730
290.730 294.030
294.330 294.990
295.050 296.400
296.670 297.750
297.750 301.440
301.860 304.440
304.440 306.060
306.300 307.800
308.010 312.510
312.780 318.480
318.630 319.230
319.410 321.660
321.690 323.220
323.220 325.800
327.300 330.030
330.120 336.240
336.690 337.770
337.860 339.330
339.510 341.040
341.070 343.080
343.440 347.550
347.550 348.750
348.750 351.450
351.810 353.100
353.580 355.800
355.980 363.420
363.810 367.650
368.070 369.810
370.170 371.880
371.880 375.780
375.960 379.560
379.560 382.500
382.710 384.780
384.780 388.140
388.140 391.110
391.140 392.640
393.390 399.660
399.720 409.560
410.040 410.940
411.150 413.490
413.520 414.360
414.360 416.580
416.580 418.530
418.530 422.880
423.690 426.030
426.030 430.080
430.080 434.070
434.220 437.310
437.700 441.180
441.180 442.110
442.110 443.700
444.090 448.500
448.800 451.230
451.290 452.880
452.910 453.630
453.750 457.590
457.740 459.570
460.170 461.070
461.070 463.080
463.080 467.790
468.060 472.440
472.440 473.640
474.120 476.370
476.370 478.920
479.100 480.660
480.780 482.880
483.570 485.100
485.340 488.280
488.520 490.830
491.010 493.890
493.890 497.310
497.310 498.120
498.150 501.360
501.360 501.960
502.260 503.400
503.430 504.870
504.870 517.920
518.190 520.470
520.530 529.440
530.340 531.630
531.630 532.950
532.950 534.780
534.810 538.140
538.260 543.150
543.150 545.190
545.190 546.000
546.300 553.290
553.290 554.460
554.880 559.110
559.110 562.470
562.470 563.100
563.640 565.500
565.800 568.770
568.980 570.840
570.840 576.720
576.840 578.460
578.460 579.660
579.660 585.150
585.780 594.000
594.330 595.860
596.340 602.790
603.210 605.790
606.390 606.990
606.990 609.690
609.750 611.370
611.370 613.230
613.290 616.140
616.140 621.270
621.480 631.770
631.800 635.490
635.490 638.040
638.280 640.530
640.800 645.270
646.140 654.120
654.150 655.050
655.050 657.450
657.450 659.460
659.670 664.740
664.980 668.160
668.610 670.290
