0.000 6.210
10.530 16.050
16.170 17.940
18.120 19.530
20.430 22.320
22.530 24.780
24.780 28.290
28.290 31.080
31.080 35.430
35.640 39.840
39.840 44.880
44.970 45.990
46.080 50.850
51.180 54.480
54.480 57.300
57.300 59.370
59.370 65.760
65.760 67.290
67.290 70.020
70.020 70.770
70.830 73.080
73.080 76.770
76.770 80.010
80.340 83.430
83.430 88.290
88.410 89.700
89.820 91.710
91.740 96.690
96.720 98.340
98.640 102.630
102.630 108.150
108.450 110.550
110.550 115.560
115.650 120.180
120.180 122.850
122.850 124.770
124.770 127.470
127.470 130.350
130.380 135.600
135.660 139.800
139.800 142.290
142.560 144.660
144.720 146.460
146.670 151.140
151.140 155.790
155.880 159.420
159.450 167.550
167.730 175.350
175.410 177.930
177.960 182.040
182.580 183.870
183.870 192.870
193.140 195.450
195.570 197.640
197.940 199.230
199.350 208.650
208.650 209.910
211.080 216.150
216.300 218.790
218.790 220.230
220.230 221.850
222.120 224.130
224.520 225.870
226.380 227.220
227.610 232.650
233.550 238.530
238.830 240.900
240.960 242.790
242.790 244.950
245.370 247.860
248.250 253.680
253.770 254.820
254.850 256.620
256.650 258.780
258.840 267.420
267.420 270.540
270.960 281.250
281.610 285.270
285.300 296.700
296.700 298.680
298.860 300.660
300.900 308.460
309.210 309.810
