0.000 6.180
10.920 11.910
12.510 13.860
13.860 25.020
25.020 30.990
31.020 32.250
32.250 39.390
39.450 59.550
60.270 74.100
74.100 76.020
76.950 79.920
80.700 81.480
82.530 85.350
85.410 88.050
88.290 89.610
90.420 91.500
92.010 93.990
94.320 97.890
98.010 158.520
158.640 163.020
163.020 164.610
164.610 171.210
171.330 188.910
189.120 212.460
212.880 230.970
230.970 267.120
267.180 270.600
270.720 273.210
273.420 278.550
278.610 282.090
282.570 289.050
289.140 292.020
292.260 294.960
295.440 300.690
300.690 308.760
309.000 313.170
313.170 314.490
314.490 315.900
316.260 318.420
318.480 338.820
338.820 347.100
347.160 359.880
359.880 362.670
363.120 366.090
366.420 370.380
370.740 374.970
375.390 376.500
376.650 377.610
377.610 385.080
385.080 385.680
386.160 399.330
399.330 400.710
400.770 410.520
410.520 422.910
423.060 424.050
424.410 426.600
426.810 428.610
429.180 431.760
431.760 432.960
432.960 441.090
441.090 473.730
473.730 490.410
490.470 491.340
492.180 504.960
504.960 518.220
518.280 520.410
520.650 521.550
522.180 523.080
