0.000 6.180
10.920 11.910
12.750 18.660
18.660 19.980
19.980 24.000
24.060 26.790
27.090 28.440
28.800 30.240
30.660 36.120
36.120 39.870
40.320 44.550
44.760 49.800
50.040 56.820
56.940 68.610
69.180 73.140
73.230 75.450
75.450 83.910
83.970 88.710
88.710 90.090
90.090 116.310
116.310 126.660
126.660 128.280
128.430 154.620
154.800 169.050
169.050 197.430
198.000 201.090
201.120 203.100
203.280 208.410
208.890 220.260
220.260 223.740
223.920 233.010
233.100 239.850
240.150 246.150
246.420 247.200
247.260 253.740
253.980 266.730
266.910 275.550
275.910 278.100
278.220 285.630
285.630 299.280
299.490 302.490
302.640 314.160
314.370 318.090
318.120 319.440
319.920 325.680
325.980 329.220
329.250 343.230
344.010 345.270
345.690 348.180
348.180 351.390
351.660 353.010
353.580 355.560
356.820 361.020
361.200 363.450
363.480 374.580
374.820 380.640
380.880 385.170
385.590 390.660
391.230 396.960
397.350 399.480
399.480 405.060
405.060 409.410
409.530 411.930
411.990 416.250
416.460 417.840
417.870 420.180
420.330 422.220
425.400 431.940
432.390 450.360
452.280 454.980
454.980 462.000
462.210 470.220
470.220 475.800
475.950 478.980
479.610 480.450
481.890 483.030
483.030 487.140
487.800 489.360
490.110 490.830
491.160 492.600
492.960 493.620
493.770 495.720
496.530 497.700
497.700 498.930
499.560 503.610
503.610 523.410
523.440 524.520
524.550 530.640
530.730 533.400
534.000 564.810
565.530 566.820
567.330 574.560
574.830 580.650
581.070 585.750
586.740 587.340
