0.000 6.180
9.330 14.310
14.400 19.020
19.050 20.370
20.700 21.750
21.900 25.260
25.260 30.000
30.660 34.320
34.890 37.740
37.860 42.930
42.930 45.420
46.830 48.000
48.270 49.020
49.020 55.230
55.620 61.350
61.350 73.110
73.650 75.120
75.390 77.610
77.610 81.900
82.980 88.260
88.380 88.980
88.980 95.070
95.430 96.030
96.300 102.150
102.330 106.710
106.830 110.310
110.640 115.410
115.770 117.900
117.900 119.490
119.550 120.570
120.570 137.100
137.100 138.930
139.140 140.640
140.730 145.680
145.860 146.490
146.610 149.130
149.130 156.420
156.420 159.600
159.900 169.920
170.280 172.740
172.830 181.200
181.200 183.390
183.480 191.160
192.000 194.010
194.010 196.620
196.980 203.670
204.360 208.140
208.230 213.150
213.210 215.910
216.180 218.850
218.880 224.010
224.040 225.840
225.930 230.460
230.940 232.170
232.350 233.940
233.940 236.940
237.120 240.960
240.960 248.760
249.180 254.190
254.190 262.500
262.680 263.280
263.730 271.170
271.710 272.880
273.330 274.530
274.530 277.350
277.350 280.050
280.050 283.650
283.710 288.330
288.420 289.860
289.860 294.180
294.630 299.880
300.060 304.770
305.010 306.660
306.930 315.930
316.440 318.210
318.930 321.120
321.120 321.900
321.900 324.240
324.480 326.730
326.820 329.010
329.010 330.600
330.780 332.460
332.460 334.950
335.730 339.270
340.170 341.910
341.910 344.520
344.790 348.330
348.330 350.040
350.580 354.210
354.240 357.840
357.990 360.900
360.900 362.880
362.880 368.490
368.850 371.490
371.580 372.300
372.690 377.790
377.850 386.370
386.640 387.780
388.110 394.470
394.710 397.410
397.620 399.780
399.780 400.380
400.890 406.710
406.980 413.460
414.570 417.630
417.720 419.400
419.610 422.070
422.250 426.900
426.900 432.960
433.170 445.620
446.550 447.870
447.960 450.120
450.420 452.220
452.790 458.700
458.820 464.850
465.120 471.180
471.330 476.100
476.100 477.630
477.840 483.270
483.330 485.160
485.220 487.770
487.770 494.010
494.880 495.840
496.410 498.450
498.450 501.870
502.980 508.980
509.730 510.630
511.050 512.220
512.340 518.640
519.060 521.670
521.700 524.250
525.060 529.620
529.650 534.990
535.500 540.390
540.780 543.060
543.420 545.940
545.940 550.230
550.260 553.680
554.640 558.120
558.120 558.720
558.720 561.390
562.140 565.650
565.650 570.840
571.200 576.030
577.170 580.890
581.190 589.560
589.710 595.050
595.200 604.230
604.950 609.900
609.900 611.730
611.880 614.970
614.970 619.110
619.740 629.220
629.490 632.130
632.220 634.050
634.170 635.520
636.030 636.900
638.070 640.770
640.920 642.180
642.780 644.490
645.240 649.620
649.860 651.780
651.810 653.610
653.700 655.740
655.740 656.940
656.970 664.680
664.680 666.390
666.780 671.040
671.910 675.570
675.570 680.490
680.550 684.120
684.120 697.980
697.980 701.070
701.850 703.470
703.680 704.340
704.430 710.160
710.160 719.190
719.280 723.840
724.050 727.320
727.320 729.300
729.840 730.920
731.190 735.690
735.960 744.330
744.330 745.410
745.440 748.980
748.980 754.950
755.370 758.580
758.610 762.480
763.170 774.690
774.690 790.440
790.860 793.620
793.860 796.260
796.350 806.880
807.120 808.380
808.590 834.690
834.750 843.270
843.480 847.380
847.800 848.640
848.670 849.660
849.780 855.120
855.120 858.570
858.870 860.100
860.100 863.130
863.130 873.600
873.960 876.810
876.810 879.780
879.780 884.280
884.880 886.290
886.350 888.900
888.930 894.240
894.510 902.400
902.400 906.330
907.320 914.280
914.820 920.340
920.580 922.860
922.920 924.240
925.440 926.040
