0.000 6.180
10.920 11.940
12.510 21.660
21.660 30.150
30.210 36.210
36.210 38.670
38.730 51.030
51.030 52.620
52.950 60.240
60.540 65.520
65.700 66.990
67.350 72.630
72.630 75.630
75.990 76.800
77.490 89.700
89.760 91.650
92.160 99.630
99.930 110.370
110.430 111.600
111.600 126.660
126.660 128.580
128.580 133.200
133.410 154.740
154.740 163.590
163.680 171.900
171.930 172.980
173.100 174.510
174.750 199.170
199.620 201.360
201.360 209.400
209.640 216.150
216.330 217.980
218.160 222.090
222.090 246.570
246.630 266.130
266.130 272.250
272.370 274.290
274.290 276.270
276.270 284.610
284.610 294.720
295.050 299.460
299.730 301.050
301.350 305.820
306.090 308.010
308.220 311.490
312.270 312.900
313.140 314.970
315.390 317.250
317.250 320.010
322.860 332.730
333.030 338.520
338.520 345.060
345.180 351.750
351.810 354.270
354.330 360.570
360.810 361.950
361.950 371.190
371.370 379.530
379.530 381.180
381.180 396.840
396.960 397.560
397.620 406.290
406.290 416.310
416.310 423.780
423.900 424.500
