0.000 6.180
10.590 12.000
12.570 17.100
17.100 19.920
20.340 22.230
22.230 27.900
27.960 30.420
30.750 36.960
36.960 40.710
40.770 49.500
50.490 55.140
55.140 57.030
57.030 59.490
59.490 61.470
62.820 63.420
63.900 65.820
66.030 73.080
73.710 76.440
77.190 81.570
81.720 92.400
92.730 100.020
100.020 101.040
101.040 105.180
105.180 117.720
117.720 118.380
119.340 121.440
121.530 125.790
125.790 138.390
139.050 140.880
141.060 142.560
142.560 144.360
144.450 148.740
148.890 156.720
157.770 160.110
160.110 161.250
161.250 163.350
164.160 166.020
166.830 170.580
170.610 184.470
184.740 190.680
190.680 193.110
193.200 196.200
196.290 216.630
216.630 223.710
232.650 241.290
241.380 249.360
257.490 259.680
260.220 269.880
270.150 271.440
271.710 272.310
313.050 317.970
317.970 320.010
320.010 328.050
328.440 332.940
333.030 368.130
368.400 374.940
374.940 376.260
376.410 378.090
378.450 381.270
381.810 398.280
398.880 404.370
404.370 406.290
