0.000 6.180
10.080 18.270
18.510 19.530
19.530 21.870
22.140 43.500
43.500 51.900
52.170 59.700
59.700 73.980
74.190 86.790
86.940 103.590
103.590 131.910
131.910 133.710
133.710 136.260
136.260 160.470
160.620 167.700
167.730 172.290
173.010 173.760
174.000 190.320
190.380 202.470
203.280 223.050
223.230 224.460
224.490 226.170
226.170 285.900
286.320 289.890
289.890 297.450
297.450 313.230
313.350 353.280
353.670 364.680
365.310 378.090
378.210 400.980
401.040 456.270
456.390 466.530
466.530 478.920
478.980 481.560
481.560 492.420
492.420 521.520
521.790 535.140
