0.000 6.180
10.920 12.510
12.540 19.650
19.980 27.390
27.660 33.300
35.070 36.540
36.540 40.230
40.440 60.300
60.600 82.050
82.050 90.720
91.350 123.060
123.630 128.790
128.790 129.660
130.170 131.250
131.310 132.120
134.730 136.980
138.120 139.830
140.490 158.340
158.880 164.970
165.060 166.590
166.650 172.620
173.070 176.370
176.490 185.760
185.940 188.280
190.470 202.380
205.950 210.540
210.660 213.030
213.270 219.150
219.420 230.550
230.610 232.080
232.290 244.650
245.010 257.310
257.310 259.260
259.260 262.020
262.020 267.690
267.720 276.030
276.120 289.380
289.620 322.110
322.470 340.290
341.010 341.850
342.060 362.190
362.190 405.210
405.990 408.000
408.420 417.840
418.950 421.050
423.180 424.140
424.140 428.880
429.120 432.540
432.840 455.970
455.970 464.220
464.580 466.770
467.460 478.140
478.200 485.550
485.940 486.630
486.660 493.800
493.800 516.360
516.360 523.050
523.080 524.820
524.820 530.790
531.540 536.040
536.070 552.120
