0.000 6.180
10.380 12.900
13.260 15.060
15.060 24.300
24.720 31.920
32.670 36.690
36.990 47.400
47.760 51.870
51.960 57.390
58.500 63.570
63.570 71.460
72.300 86.760
87.150 90.660
90.810 94.290
94.290 96.840
96.840 119.340
119.430 120.030
120.060 122.760
122.850 124.500
124.770 150.270
150.510 152.370
152.490 156.270
156.780 161.280
161.280 164.550
164.670 183.150
183.150 185.670
185.970 193.080
193.080 193.680
193.680 199.650
199.680 205.500
205.920 216.630
216.630 219.360
220.170 224.130
224.130 227.520
227.700 234.270
234.630 243.030
243.180 245.370
245.370 246.000
246.690 247.470
247.500 269.130
269.130 286.860
287.100 289.920
290.130 292.560
293.430 298.470
299.760 307.770
308.280 315.330
315.690 318.150
318.150 321.750
321.780 323.400
323.460 338.130
338.130 340.230
340.230 348.180
348.240 358.320
358.320 367.260
367.920 378.120
378.630 390.360
390.360 393.570
393.570 394.380
394.950 399.810
400.410 403.560
403.590 406.470
406.470 407.730
407.730 411.540
411.540 417.510
417.540 420.690
420.690 423.540
423.660 424.260
424.620 431.520
431.520 438.450
439.110 440.070
440.790 442.500
442.500 443.580
444.000 448.590
448.590 451.950
452.190 455.610
455.610 456.270
456.270 459.510
459.870 465.660
466.170 468.120
468.300 470.700
470.700 471.300
472.170 475.140
475.560 489.600
489.600 491.850
491.940 492.990
492.990 499.350
499.410 502.920
503.010 512.370
512.430 520.770
521.190 525.990
526.350 536.640
536.640 540.570
540.690 543.150
543.540 550.740
550.830 552.360
552.360 555.060
555.120 561.330
561.720 566.010
566.250 570.060
570.060 578.040
578.040 585.030
585.360 591.030
591.240 595.770
595.890 596.910
596.910 598.650
598.980 600.990
601.080 607.890
608.070 615.090
