0.000 6.180
11.040 31.170
31.170 38.400
38.400 40.050
40.350 42.090
42.810 43.740
44.100 49.230
50.070 55.590
55.680 100.830
100.860 117.660
117.660 150.570
150.810 152.610
152.610 154.290
154.290 169.650
169.890 173.940
173.940 208.830
209.190 226.560
227.010 228.840
228.900 238.080
240.270 250.590
251.220 254.550
254.970 284.040
284.370 305.880
306.150 316.170
318.690 332.490
333.390 351.450
351.900 354.390
354.810 369.450
369.510 372.810
372.810 387.090
387.660 389.160
389.310 391.560
391.680 394.290
394.290 411.240
411.420 422.220
422.340 426.930
427.170 428.490
428.970 436.260
436.800 443.100
443.100 487.770
488.190 498.480
498.480 507.330
