0.000 6.180
10.950 27.180
27.180 62.670
62.670 71.490
71.670 80.820
80.820 84.300
84.300 88.620
88.650 90.480
90.480 94.980
95.940 97.230
97.290 99.300
99.570 117.900
118.200 119.190
119.190 124.710
124.710 151.800
151.830 153.990
154.440 164.820
165.120 183.540
183.570 185.940
186.210 187.860
187.860 189.090
189.300 190.200
190.950 192.210
192.690 195.600
195.750 203.370
203.370 216.030
216.090 218.460
220.050 230.490
230.580 233.880
234.720 239.370
239.370 240.600
241.020 242.850
243.510 246.420
246.840 249.000
249.060 250.650
251.100 252.570
252.780 256.170
256.260 263.940
263.940 264.960
265.230 266.580
267.120 268.980
268.980 283.890
283.890 285.570
285.630 287.280
288.000 288.960
289.920 291.420
291.510 294.960
295.290 302.130
302.130 303.630
303.900 304.920
305.100 305.730
305.970 316.140
316.920 324.240
324.240 329.040
329.040 332.520
332.550 339.720
339.720 345.420
346.770 347.850
348.330 348.930
