0.000 6.180
10.260 19.110
19.110 21.420
21.480 23.760
23.760 26.370
26.370 30.300
30.300 32.610
33.540 38.490
38.490 42.270
42.420 45.060
45.060 47.580
47.580 48.870
48.870 54.390
54.390 57.180
57.180 62.700
63.030 65.730
65.730 83.850
83.970 93.480
93.570 96.240
96.240 100.260
100.260 102.870
103.050 118.470
118.920 125.010
125.010 142.890
142.890 146.460
146.460 149.580
149.580 154.200
154.230 159.000
159.000 160.020
160.050 164.460
164.460 171.510
171.510 174.270
174.270 175.650
175.770 179.700
179.700 182.100
182.100 197.100
197.100 202.290
202.290 204.150
204.390 205.380
205.380 220.380
220.380 228.810
229.170 235.710
235.710 238.590
238.590 241.110
241.110 242.160
242.340 249.810
249.810 255.810
255.810 274.110
274.380 287.310
287.310 291.510
291.510 304.680
304.680 306.270
306.270 307.470
307.470 308.730
308.880 324.600
324.600 328.530
328.530 331.710
331.710 332.880
332.880 334.080
334.710 335.790
335.790 337.320
337.320 340.320
340.320 342.300
342.300 343.170
343.380 357.930
357.930 365.820
365.820 382.470
382.470 383.820
383.820 387.540
387.540 392.490
392.490 394.350
394.350 397.890
397.890 414.510
414.510 416.760
