0.000 5.940
11.040 15.900
16.050 19.350
19.410 21.450
21.450 22.620
22.980 25.020
25.410 26.160
26.340 30.330
30.330 34.200
34.650 37.860
38.280 41.640
41.670 45.000
45.000 49.410
49.500 54.450
54.450 56.550
57.240 61.890
62.100 64.440
64.440 67.410
67.410 69.870
69.990 75.210
75.330 76.530
76.530 82.680
82.980 84.540
84.540 87.270
87.270 89.640
89.670 95.010
95.280 97.200
97.350 100.860
100.860 107.130
107.190 109.140
109.380 112.920
112.920 115.800
115.800 120.180
120.180 124.800
124.800 129.870
129.870 132.450
132.450 134.040
134.070 136.800
137.100 138.660
138.780 140.490
140.520 143.640
144.300 144.900
