0.000 5.940
10.020 13.800
13.800 16.710
17.370 21.600
22.170 26.040
26.250 29.340
29.460 31.080
31.350 36.000
36.360 38.280
38.280 39.780
39.780 41.670
41.670 43.530
43.530 44.730
44.730 47.340
47.340 51.960
52.500 54.330
54.330 56.430
56.430 60.210
60.210 62.160
62.460 63.870
63.900 67.290
67.440 69.180
69.210 70.920
70.920 73.200
73.200 74.370
74.430 77.280
77.280 78.930
79.020 80.640
80.640 82.860
82.860 83.580
83.580 85.740
85.950 89.220
89.280 92.520
92.550 94.410
94.500 96.420
96.510 99.330
99.360 101.850
101.850 105.600
105.660 106.260
