0.000 11.580
12.030 12.630
16.020 18.120
19.020 22.410
23.010 28.440
29.160 33.060
34.620 38.160
45.810 48.480
51.510 54.090
54.750 56.220
56.280 57.570
57.720 58.800
58.800 60.240
60.990 64.950
65.070 66.900
67.380 69.570
78.510 81.480
82.380 83.940
84.390 86.160
88.080 90.390
90.390 91.290
94.890 99.300
99.300 100.260
115.890 118.410
119.310 123.720
126.510 130.230
133.140 136.590
141.660 143.970
147.180 150.900
157.710 159.360
166.440 170.460
173.400 176.460
176.490 179.160
211.200 212.220
212.220 216.870
224.940 227.760
235.860 237.870
240.690 244.080
246.870 247.860
247.890 251.850
251.850 253.770
255.360 260.880
263.580 267.930
267.930 270.090
273.990 276.600
279.030 282.060
282.090 284.400
294.180 297.810
304.680 306.810
306.810 309.660
315.480 320.040
320.190 321.750
321.750 324.060
325.170 326.700
326.700 329.490
330.060 332.400
332.400 334.470
335.880 338.160
352.530 356.790
357.030 359.280
361.500 364.560
364.830 365.700
