0.000 11.580
12.030 12.630
15.990 18.090
18.270 23.460
24.150 27.330
27.360 31.380
32.040 36.270
36.960 38.460
38.940 41.100
46.920 49.590
52.020 54.210
54.300 59.700
61.410 63.270
66.000 67.320
67.320 68.460
68.520 70.770
72.600 74.460
74.460 75.150
83.520 86.160
94.770 97.350
102.600 104.940
107.100 110.970
111.630 113.310
113.820 114.900
115.350 116.220
116.220 120.480
120.810 123.240
123.840 125.100
125.460 127.680
127.890 129.450
130.020 131.100
131.340 134.370
134.790 137.820
138.240 142.170
142.830 144.000
144.390 147.450
147.780 148.920
149.190 151.890
152.130 153.510
153.510 155.550
156.240 161.220
162.090 164.790
164.790 166.830
168.240 170.610
170.730 173.190
175.170 176.940
179.460 183.960
185.610 189.090
190.410 193.110
193.320 195.810
199.620 202.200
202.680 205.380
208.440 209.580
212.220 215.220
215.220 218.010
218.010 221.790
222.900 225.120
225.180 228.450
228.810 232.890
232.890 234.720
235.500 238.020
238.560 243.300
243.450 249.270
249.930 253.590
254.550 257.160
257.310 259.050
259.050 261.960
262.080 265.260
266.370 267.330
267.750 268.800
268.800 270.270
270.900 271.560
271.560 273.780
275.340 280.200
281.640 286.350
288.060 291.090
291.090 292.050
292.080 294.750
296.310 299.490
299.490 302.670
304.260 307.530
313.410 318.030
318.330 321.390
321.480 323.880
325.230 326.730
326.730 327.960
328.200 329.820
331.650 333.480
333.480 336.870
354.330 359.550
366.570 370.380
370.470 371.310
