0.000 11.580
12.030 12.630
16.200 18.330
18.330 23.850
23.850 27.480
27.570 31.830
31.830 35.610
43.170 45.840
48.270 49.740
55.290 57.210
57.930 58.980
59.010 60.870
74.580 76.710
82.410 87.300
88.740 90.090
90.090 97.740
97.830 103.860
104.040 107.250
108.000 111.150
123.540 126.480
139.350 141.120
144.390 146.430
148.440 150.000
154.350 156.900
158.040 160.170
161.340 162.930
164.580 169.740
169.830 173.340
173.340 176.520
176.580 178.140
178.200 180.030
180.210 181.470
181.740 184.470
184.860 187.920
187.920 192.480
192.480 195.270
195.270 197.190
197.340 200.700
200.700 203.580
203.910 207.540
207.540 214.800
216.480 222.360
222.780 227.520
227.790 231.960
232.650 237.540
237.540 239.430
239.820 244.800
248.910 252.540
252.540 259.590
260.160 261.840
261.840 265.140
265.140 269.010
269.010 274.740
275.580 281.430
282.390 287.010
287.010 290.250
290.490 292.470
293.700 297.930
307.290 311.220
313.920 316.830
334.680 338.610
338.790 339.630
