0.000 11.580
12.030 12.630
15.990 16.890
17.100 18.630
18.720 23.280
23.730 26.580
26.580 31.830
32.040 36.030
36.060 37.620
37.680 39.900
42.720 45.060
47.160 50.310
55.410 56.640
66.390 70.380
70.470 71.760
71.970 73.080
74.430 77.220
77.400 80.100
80.550 82.500
82.500 84.150
90.810 92.850
96.510 99.810
99.810 101.760
102.690 105.840
106.890 109.080
109.410 110.670
110.850 111.780
114.330 116.520
116.820 118.470
118.740 119.820
120.390 121.410
123.270 125.400
125.820 127.440
128.700 131.700
132.000 133.110
133.440 134.820
135.300 136.380
136.500 138.060
138.510 141.240
145.500 146.700
146.700 147.960
148.230 150.090
150.510 152.310
153.780 156.240
156.840 158.190
160.230 161.760
163.980 165.120
168.120 169.290
170.880 172.020
174.630 176.280
176.880 178.050
189.330 192.840
194.460 195.480
199.740 200.790
204.240 205.230
205.230 207.960
208.290 210.750
212.160 216.810
217.440 218.430
218.490 219.480
219.540 220.500
220.590 221.430
221.490 222.390
223.020 226.050
228.540 231.840
232.170 234.150
234.690 235.950
236.100 237.840
238.320 239.610
239.610 242.250
242.460 243.780
244.170 246.450
248.250 252.090
252.930 255.330
258.660 261.960
262.380 266.880
267.510 272.550
272.820 276.510
276.660 279.480
279.570 280.470
280.470 282.720
282.720 285.540
285.870 290.610
290.910 292.140
292.950 294.390
295.200 296.430
298.950 302.070
302.220 304.950
305.160 308.850
309.630 311.610
322.350 324.840
324.840 326.250
327.600 330.060
350.070 353.610
353.790 354.510
