0.000 11.580
12.030 12.630
16.020 17.160
17.160 18.480
18.570 22.830
22.860 28.890
28.950 34.260
34.410 37.920
38.130 39.570
39.570 41.520
42.900 45.390
45.720 46.770
46.770 48.090
48.090 50.490
50.820 53.070
54.720 55.710
55.710 57.120
57.240 59.580
59.910 60.900
61.080 62.460
64.890 67.860
68.340 69.540
71.130 72.660
80.070 82.020
82.770 85.050
85.050 86.640
88.650 90.210
90.210 92.310
96.690 99.150
100.290 103.680
103.920 105.570
107.610 110.250
120.810 122.070
133.620 136.320
143.310 144.570
150.450 152.130
160.410 163.290
165.570 167.280
169.080 171.630
174.270 175.560
189.450 191.190
191.190 192.780
195.000 196.260
201.660 203.190
207.690 208.860
215.040 216.570
216.930 218.340
218.550 219.600
223.260 225.360
225.360 228.000
228.720 231.360
231.780 233.010
233.550 235.620
236.370 238.530
238.530 239.460
240.060 242.460
243.150 245.100
247.200 249.210
252.810 253.980
259.110 260.760
263.610 265.290
267.630 268.950
274.020 275.220
277.200 280.590
287.820 290.250
291.090 292.890
294.030 295.560
299.130 300.930
301.620 302.970
304.740 306.840
307.530 309.060
311.340 312.870
313.530 314.820
315.990 317.940
318.360 321.210
322.920 324.120
326.250 328.620
330.900 332.010
334.320 335.250
340.710 341.940
352.890 354.570
356.940 358.050
359.880 361.920
368.460 370.140
370.860 372.180
374.340 377.070
378.660 382.530
382.950 385.080
385.380 387.420
387.960 392.190
392.370 395.160
395.970 398.670
399.450 401.190
401.370 403.950
403.950 405.780
406.380 408.060
408.060 410.700
411.510 413.550
416.100 419.580
419.760 421.770
422.190 425.310
425.490 427.170
427.170 429.210
429.210 431.760
432.990 437.100
438.090 440.130
442.800 444.510
444.570 448.200
450.090 451.560
451.560 453.840
454.050 456.060
456.630 460.140
461.610 464.250
464.520 465.780
466.680 470.040
470.910 472.140
472.440 474.990
475.560 477.330
477.330 479.790
481.050 482.100
482.280 487.170
487.470 490.290
490.770 495.270
495.900 501.060
501.390 503.160
504.270 506.490
507.630 509.700
510.690 513.750
513.750 518.070
519.540 523.140
523.140 523.650
