0.000 11.580
12.030 12.630
16.620 18.150
18.360 21.780
22.620 26.370
26.910 29.400
29.400 31.920
33.060 36.630
37.290 38.880
39.270 41.070
44.610 46.830
48.300 52.260
52.260 53.940
55.170 57.120
63.390 64.800
69.510 70.800
80.880 83.940
85.170 86.130
86.220 87.600
88.440 89.880
90.090 91.350
92.010 96.150
96.510 99.840
100.800 102.480
103.290 104.490
104.490 105.600
106.740 109.350
110.820 111.990
113.370 114.540
114.630 116.370
116.370 117.660
118.920 122.100
139.380 141.360
146.160 147.540
165.900 167.700
167.700 169.260
176.520 177.990
199.200 202.200
236.520 238.620
243.090 244.500
245.850 246.930
252.060 254.040
255.540 256.890
259.890 261.930
265.200 267.180
273.900 275.010
281.370 283.290
283.320 287.580
287.580 289.380
291.210 294.720
294.720 296.310
298.050 301.530
304.110 306.090
309.150 310.830
321.090 323.970
328.620 331.380
331.530 332.370
