0.000 4.170
4.470 7.290
7.290 9.960
9.960 12.630
12.630 15.660
15.660 16.260
16.800 19.710
19.920 21.810
22.110 25.080
25.770 28.860
28.950 31.320
31.590 37.890
38.520 42.480
42.540 45.450
45.480 49.410
49.860 51.840
52.620 56.520
57.630 62.520
63.390 64.530
65.220 68.460
68.940 72.180
72.180 74.190
74.460 78.690
78.930 82.380
82.380 83.040
83.160 85.710
85.710 89.250
90.210 94.590
94.590 95.760
96.090 100.230
100.950 103.800
103.860 104.820
104.820 109.140
109.140 110.340
110.760 121.050
121.890 124.590
124.590 126.540
126.720 129.720
129.900 132.180
132.180 133.770
134.070 136.980
137.100 141.060
141.060 142.260
142.620 147.540
147.780 152.160
152.310 156.540
156.810 159.390
160.710 166.410
166.590 170.100
170.730 175.080
175.260 177.570
177.690 179.190
179.280 180.180
180.180 183.150
183.510 184.800
185.820 187.170
187.170 190.350
190.470 193.350
193.800 198.150
198.330 199.500
200.130 203.250
203.550 206.640
206.730 207.990
208.410 211.980
212.040 213.300
213.750 217.290
217.560 218.460
