0.960 2.940
2.940 18.150
18.930 25.140
25.140 27.000
27.660 30.450
30.510 32.670
32.670 33.810
33.810 37.350
37.620 39.870
39.990 41.970
41.970 44.970
44.970 45.990
46.350 49.080
49.080 51.900
51.900 53.880
54.270 57.450
57.450 60.180
60.930 64.500
64.500 67.830
68.280 73.110
73.440 75.690
76.500 81.990
81.990 84.990
85.020 88.140
88.140 91.770
92.220 93.450
93.840 97.110
97.830 100.890
101.160 103.470
103.470 109.020
109.380 113.970
114.240 118.380
118.380 119.520
120.120 125.190
125.280 128.940
129.030 140.430
140.430 142.410
142.740 153.690
153.840 154.920
155.490 156.780
156.990 157.860
158.070 160.380
160.620 163.440
163.470 167.280
167.340 171.510
171.510 175.380
175.380 177.420
177.660 181.620
181.620 187.890
187.890 198.150
198.420 202.710
202.860 204.060
204.390 207.630
207.810 211.770
211.920 212.970
213.060 219.420
219.510 221.190
221.730 231.990
232.080 240.360
240.390 246.930
247.080 250.110
250.110 251.970
251.970 257.130
257.250 259.740
259.770 261.780
262.020 264.270
265.170 273.600
273.630 277.620
