0.000 1.470
1.770 18.510
18.570 26.850
26.850 28.680
28.770 35.040
35.400 39.000
39.030 41.850
42.510 43.950
44.100 46.470
46.710 50.220
50.220 54.990
55.050 58.290
58.590 61.050
61.200 64.590
64.620 69.090
69.390 72.090
72.090 75.510
75.690 78.330
78.480 79.950
80.190 84.570
84.600 87.360
87.540 90.810
90.900 94.020
94.470 97.560
97.620 99.990
100.080 103.500
103.860 105.000
105.270 109.680
109.890 112.410
112.560 115.800
115.950 118.560
118.560 122.250
122.610 128.490
128.520 130.590
130.890 136.050
136.380 137.700
138.270 140.040
140.040 153.660
153.750 159.960
160.200 161.940
162.210 165.390
165.420 167.970
167.970 170.760
171.090 175.560
176.160 176.820
176.970 182.010
182.100 184.380
184.680 188.370
188.640 191.820
191.850 193.830
193.950 196.380
196.500 200.010
200.070 203.070
203.070 204.840
204.990 208.170
208.410 212.430
212.640 216.810
217.080 220.110
220.110 221.790
221.790 223.380
223.830 228.000
228.060 229.830
229.980 234.240
235.020 237.840
238.170 240.510
240.630 243.030
243.180 245.850
246.600 251.760
252.180 254.790
254.910 255.870
256.260 258.420
258.510 260.940
261.240 264.150
264.270 267.690
268.140 276.150
276.600 281.070
281.310 285.420
285.480 287.880
288.270 291.360
291.720 296.010
296.640 297.330
297.330 302.640
302.910 306.240
306.930 309.840
310.590 312.840
314.010 319.170
319.230 321.990
321.990 322.860
