0.300 16.140
16.140 18.660
18.930 24.750
24.780 30.780
31.230 36.960
37.080 41.460
41.550 44.310
44.310 49.410
49.950 53.520
53.670 56.790
56.790 58.590
59.100 63.180
63.570 69.180
69.210 72.540
72.810 75.510
75.600 77.670
77.970 82.470
82.500 85.050
85.050 86.670
86.730 90.210
91.080 97.560
98.280 101.040
101.820 105.570
105.930 110.070
110.070 113.640
114.330 117.510
117.660 120.720
121.110 123.300
123.870 128.940
129.090 131.760
132.180 135.780
135.870 140.100
140.100 143.430
143.940 145.710
145.710 146.490
147.330 152.700
152.700 155.940
156.060 159.120
160.050 163.590
163.590 166.260
166.650 168.690
168.690 173.340
174.510 176.550
176.550 179.880
179.880 183.210
183.210 185.160
185.340 187.140
187.500 192.720
192.810 193.830
194.220 198.780
198.780 202.050
202.380 206.100
206.100 208.500
208.680 213.270
213.270 216.900
217.410 223.020
223.050 226.290
226.440 233.730
233.730 240.780
240.960 244.260
244.740 249.300
249.480 251.100
251.700 255.990
256.200 259.860
259.860 261.570
261.630 266.730
267.270 269.910
269.910 272.340
272.670 274.560
274.560 278.010
278.040 279.600
279.630 283.740
284.040 303.660
