0.210 1.470
1.830 7.200
7.200 9.810
9.810 17.520
17.670 22.080
22.560 25.290
25.500 27.870
28.620 34.290
34.290 37.680
37.680 40.290
40.980 43.470
44.040 48.060
48.540 55.170
55.710 57.360
57.390 62.340
62.850 68.730
69.270 71.640
71.640 74.340
74.820 77.400
78.360 81.360
81.750 84.060
84.060 86.310
86.370 88.950
89.370 94.380
94.470 96.390
96.510 99.510
99.510 101.940
102.750 105.330
105.330 107.190
107.520 109.500
110.070 115.410
116.100 118.620
119.010 122.640
123.300 126.270
126.750 132.180
133.110 136.560
137.490 140.850
141.180 145.440
145.590 149.010
149.010 152.850
153.480 162.360
163.080 166.710
167.400 170.040
170.040 172.230
172.320 174.060
174.600 179.460
179.460 181.200
181.830 184.710
184.710 189.900
190.650 193.980
193.980 196.380
196.560 199.800
200.460 203.250
203.250 207.150
207.630 210.570
210.570 215.220
215.220 216.480
217.440 223.050
223.230 225.270
226.140 229.920
229.920 231.270
231.870 235.650
235.950 240.450
240.660 244.050
244.170 247.980
248.190 251.790
251.820 253.740
253.770 257.010
257.550 260.010
260.460 262.920
263.220 272.670
272.670 278.010
278.190 279.150
