0.960 2.670
2.670 7.890
7.890 10.650
10.650 13.320
13.320 17.940
18.750 23.940
24.030 27.570
27.630 32.130
32.640 37.080
37.920 43.770
43.800 45.270
45.990 48.270
48.720 50.610
51.240 53.970
54.510 57.630
58.410 60.150
60.690 65.340
66.390 68.220
68.220 70.830
71.490 74.850
74.940 77.760
78.510 82.710
83.490 86.700
86.700 89.340
89.670 94.320
95.100 100.350
101.100 105.000
105.000 108.390
108.960 114.990
115.470 119.460
120.030 122.070
122.070 125.040
125.040 127.500
128.100 133.740
134.400 136.170
136.170 138.510
138.570 142.020
142.590 146.640
146.640 148.950
149.880 152.310
152.460 155.580
155.760 168.060
168.870 171.390
171.390 173.190
173.430 176.190
176.940 181.560
182.670 185.700
185.700 189.420
190.440 194.100
194.100 198.510
199.080 203.190
203.190 204.870
205.380 209.880
210.240 214.290
214.380 216.930
217.590 221.760
222.390 224.370
224.370 228.450
228.480 231.390
232.080 236.250
236.790 238.650
239.490 241.140
241.140 243.090
243.090 245.250
245.610 254.880
255.210 257.670
257.700 260.910
261.600 267.990
268.530 272.430
272.910 275.250
276.090 291.360
