0.240 7.290
7.290 12.570
12.570 19.710
19.950 24.720
25.050 31.260
31.800 36.330
36.330 38.280
38.340 42.300
42.840 45.510
45.510 47.700
47.820 50.220
50.760 53.250
53.310 56.370
57.360 61.140
61.680 63.330
63.780 66.630
67.320 70.200
70.200 73.860
74.010 98.280
98.580 103.650
103.830 107.310
107.730 112.440
112.440 115.950
116.430 121.110
121.530 125.220
125.220 127.140
127.440 133.020
133.410 136.110
136.560 138.120
138.120 140.820
141.390 144.600
144.600 149.130
149.580 152.730
152.730 154.560
155.190 162.660
162.840 169.410
170.100 183.000
183.030 186.570
186.960 188.190
188.400 192.810
193.290 198.480
198.810 203.430
203.880 209.040
209.520 214.110
214.710 218.070
218.070 219.900
220.230 222.540
223.080 227.010
227.340 231.270
231.300 232.980
233.340 238.710
239.250 242.340
242.490 247.710
248.220 263.190
