0.000 13.290
13.350 20.130
20.610 24.720
25.290 27.300
27.300 29.730
30.000 31.470
32.370 36.900
36.900 39.300
39.300 40.320
40.380 43.350
43.980 48.210
48.210 50.130
50.130 52.920
52.920 55.680
56.310 58.830
58.980 62.100
62.100 63.840
64.050 67.110
67.440 70.500
70.740 74.730
74.910 80.310
80.940 84.180
84.180 87.090
87.570 90.090
90.090 92.040
92.130 94.680
94.680 96.840
97.710 101.940
101.940 105.780
106.170 109.260
109.260 110.550
110.670 115.050
115.170 117.060
117.060 118.590
119.340 123.210
123.540 126.210
126.210 129.660
129.720 138.810
140.490 144.240
144.300 147.900
148.530 153.810
153.840 155.970
156.720 158.640
158.820 164.910
164.910 165.780
166.020 167.820
167.820 169.410
169.560 171.930
171.990 173.670
173.670 175.740
176.400 186.930
187.050 191.340
191.460 192.570
192.660 198.840
199.410 203.670
203.730 205.800
205.800 208.950
209.160 211.560
212.130 215.490
215.490 219.630
220.020 223.200
223.290 225.510
225.600 228.660
229.050 239.580
239.580 246.030
246.150 248.550
248.550 251.790
252.510 254.280
254.280 255.480
255.480 264.000
264.000 272.040
272.370 276.240
276.360 279.600
279.600 283.470
283.710 287.880
287.880 290.070
290.070 291.780
292.350 298.110
298.110 302.760
302.760 306.390
306.690 309.720
309.840 313.560
313.800 317.640
317.790 321.990
322.890 330.630
330.750 331.800
332.160 333.300
333.630 334.620
334.770 338.910
339.120 340.020
340.020 342.030
342.030 344.940
345.120 346.230
346.230 349.860
349.920 355.140
355.140 355.890
356.250 360.030
360.240 364.170
364.230 368.190
368.640 375.930
376.290 377.430
377.940 379.320
379.320 382.020
382.320 383.640
383.640 384.240
384.240 387.510
387.540 393.030
393.240 395.070
395.070 398.880
398.880 401.820
402.000 404.160
404.220 406.200
406.200 409.020
409.020 411.150
411.150 415.170
415.170 416.550
416.790 419.970
420.210 424.710
424.920 428.640
428.790 434.010
434.100 437.250
437.520 449.880
449.880 452.910
453.180 459.390
459.390 460.890
461.040 466.680
466.680 468.870
468.930 470.280
470.490 473.910
474.210 479.910
479.910 483.660
483.660 489.510
489.750 491.010
491.160 493.530
493.530 497.730
497.790 501.030
501.420 504.120
504.210 506.250
506.250 513.480
513.780 517.650
517.650 520.140
520.350 525.690
525.720 528.360
528.540 531.930
532.080 535.350
535.980 539.640
539.640 541.980
542.160 544.650
544.680 549.420
549.420 560.580
