0.840 14.040
14.040 18.720
19.170 26.910
27.180 30.660
30.690 34.110
34.260 38.550
38.880 43.350
43.740 44.790
44.790 46.110
46.200 50.970
50.970 61.050
61.140 64.860
65.700 71.160
71.370 73.860
74.040 77.250
77.250 79.140
79.170 79.950
80.160 82.560
82.560 86.580
86.610 89.130
89.130 92.490
92.850 95.310
95.460 98.490
98.520 100.830
100.830 102.180
102.870 108.600
108.600 119.130
119.400 122.580
122.640 124.740
125.220 127.560
127.980 131.850
132.060 134.490
134.700 139.200
139.440 142.560
142.560 144.690
144.840 146.040
146.160 149.070
149.610 153.540
153.840 158.190
158.190 160.290
160.380 162.060
162.060 162.660
163.290 166.290
166.410 169.470
170.190 173.730
173.970 175.830
176.160 178.860
178.860 181.560
181.980 184.650
184.920 189.570
189.570 190.800
191.370 193.170
193.320 196.740
197.130 213.000
