0.000 13.200
13.200 17.670
17.670 18.960
19.050 25.020
25.260 27.420
27.420 29.280
29.490 33.420
34.020 37.470
37.470 39.990
40.530 44.850
44.850 47.280
47.310 50.100
50.100 58.080
58.140 62.310
62.880 66.270
66.390 69.630
70.140 74.220
74.460 78.300
78.690 81.360
81.600 83.550
83.550 85.650
85.650 87.150
87.510 91.080
91.440 92.700
92.700 97.260
97.500 102.150
102.150 104.040
104.580 106.620
106.620 107.760
107.760 112.860
112.860 116.580
116.580 119.850
120.240 121.650
121.710 125.160
125.340 128.520
128.700 131.220
131.340 132.420
132.420 133.020
133.620 136.470
136.530 138.810
138.810 140.760
140.760 141.750
142.050 145.380
145.620 150.570
150.570 152.130
152.130 155.820
156.000 162.150
162.390 164.460
164.580 169.320
169.770 172.230
172.230 175.680
175.770 178.140
178.140 179.670
180.090 182.100
182.610 184.050
184.080 188.880
188.880 191.730
191.730 193.350
193.470 196.740
196.740 199.410
199.560 203.130
203.130 206.280
206.280 208.560
209.250 213.690
214.950 219.000
219.000 220.140
220.140 223.470
223.470 224.070
224.880 227.070
227.100 231.180
231.480 235.230
235.350 237.870
237.870 239.970
240.600 242.280
242.640 245.520
245.520 246.750
246.810 250.170
250.650 253.740
253.740 255.810
256.170 261.300
261.780 264.540
264.540 269.280
269.580 272.070
272.070 275.310
275.640 280.290
280.290 282.810
283.290 286.020
286.140 292.260
292.260 298.170
298.170 302.910
