0.000 19.170
19.500 24.930
25.020 29.220
29.790 44.670
44.790 47.160
47.190 51.210
51.630 57.120
57.180 59.250
59.250 61.770
62.160 63.270
63.270 65.280
65.400 68.640
68.640 70.020
70.020 72.180
73.020 78.270
78.540 84.480
84.480 86.490
87.060 90.510
91.260 98.490
98.520 99.750
99.840 102.630
102.630 104.760
105.570 108.600
108.960 120.150
120.180 122.430
122.430 124.350
124.530 127.500
127.650 130.080
130.680 135.060
135.270 136.770
137.160 140.490
140.490 142.020
142.200 150.750
150.750 152.250
152.250 154.740
155.580 158.160
158.340 163.410
163.680 166.650
166.770 167.910
169.050 172.080
172.350 175.830
175.920 177.060
177.060 178.950
179.190 183.060
184.200 188.460
188.460 190.530
191.160 193.800
193.800 198.360
198.990 202.560
202.650 204.690
205.800 210.870
211.860 217.530
218.190 219.960
219.960 223.050
223.650 228.810
228.810 231.870
232.950 235.170
235.170 237.660
237.930 238.860
239.160 241.080
241.170 242.730
243.000 245.610
245.640 247.650
247.950 249.450
250.140 252.210
252.210 256.140
256.200 258.210
258.840 263.070
263.100 265.920
266.520 269.490
270.060 273.600
273.930 275.610
275.730 280.530
281.850 284.460
284.460 286.710
286.710 289.110
289.560 293.940
294.810 297.930
298.050 300.660
301.020 305.490
305.550 307.980
308.700 312.180
313.170 317.850
317.880 320.850
320.850 323.580
323.580 324.480
325.320 329.370
329.370 333.630
334.380 338.730
338.730 342.210
342.420 344.970
345.090 348.960
349.020 351.600
351.600 354.120
354.510 356.310
356.520 360.360
360.630 365.550
365.640 380.310
380.460 381.270
