0.120 16.500
16.500 18.420
18.900 25.320
25.320 30.240
30.360 32.400
32.400 34.230
34.230 36.480
36.510 40.950
41.010 43.170
43.320 46.230
46.410 52.650
52.650 54.540
54.810 59.190
59.250 61.410
61.530 67.560
68.250 72.270
72.360 76.920
76.920 78.870
78.870 81.780
81.930 85.920
85.920 89.820
90.030 94.290
94.560 99.150
99.150 101.970
101.970 103.800
103.980 105.840
105.840 108.150
108.330 111.870
112.320 116.520
116.520 122.430
122.430 123.900
123.960 130.500
130.500 132.600
132.840 139.140
139.230 143.910
143.910 146.850
147.000 149.670
149.760 159.810
160.170 163.860
163.980 170.130
170.400 172.560
172.560 173.280
173.280 176.490
176.550 184.500
184.650 188.340
188.400 190.140
190.140 192.150
192.150 196.410
196.980 200.700
200.790 205.440
205.530 209.610
209.760 214.380
214.620 215.310
215.430 217.590
217.590 221.010
221.010 223.260
223.260 227.220
227.220 230.670
230.880 234.390
234.390 248.460
248.550 253.500
253.890 259.710
259.950 262.050
262.110 264.990
265.020 269.970
270.240 277.800
277.800 286.530
286.650 292.740
293.160 295.410
295.890 300.240
300.300 302.580
302.580 309.780
309.780 313.800
313.860 320.100
320.190 320.970
320.970 323.190
323.190 325.380
325.380 332.160
332.220 335.910
336.210 343.860
343.860 350.550
350.640 357.420
357.420 359.430
359.670 364.830
364.890 372.750
372.750 375.810
375.810 382.590
382.590 388.950
389.010 394.320
394.320 401.730
401.730 406.140
406.560 411.990
412.080 414.930
415.350 418.170
418.380 421.290
421.620 425.490
425.490 427.650
427.980 431.010
431.010 434.280
434.400 437.880
438.030 440.280
440.280 443.850
443.850 446.370
446.400 449.040
449.100 452.940
452.940 453.960
453.960 456.840
456.930 460.740
460.770 472.590
472.890 475.830
475.920 483.600
483.600 488.460
488.460 491.310
491.760 492.420
492.540 498.540
498.570 509.970
509.970 512.820
512.970 514.350
514.440 520.110
520.260 524.160
525.090 532.380
532.800 536.490
536.760 541.080
541.230 550.050
551.040 553.590
553.590 555.000
555.300 564.150
564.300 567.750
567.750 570.990
571.230 575.370
575.820 577.020
577.080 579.330
579.600 581.280
581.610 585.150
585.150 587.430
587.460 590.070
590.280 591.900
592.950 601.830
602.070 605.850
605.850 607.590
607.590 622.710
