0.120 16.650
16.770 19.950
20.220 22.590
22.590 27.090
27.150 31.650
31.650 35.490
35.700 42.330
42.330 46.110
46.140 52.710
52.830 57.930
58.080 60.300
60.990 64.860
64.920 67.710
68.220 69.600
69.750 70.350
70.350 73.860
74.040 78.960
79.140 81.480
82.080 83.580
83.610 85.560
86.400 88.590
88.590 90.600
90.600 92.160
92.340 96.870
96.870 102.510
102.780 106.680
106.980 113.460
113.460 114.090
114.120 116.670
116.670 120.330
120.510 122.550
122.730 124.320
124.320 127.920
128.370 131.100
131.100 132.360
132.390 134.070
134.250 139.260
139.530 140.580
140.640 145.710
146.010 149.850
150.240 153.330
153.570 154.800
155.160 157.110
157.230 159.660
159.900 165.450
165.450 167.280
167.370 171.120
171.510 176.160
176.280 181.110
181.320 184.770
184.950 190.290
190.410 193.380
193.440 196.350
196.350 197.910
198.210 202.560
202.620 207.840
207.840 212.250
212.550 218.460
218.580 221.670
221.850 225.210
225.210 225.810
226.200 227.130
227.670 233.160
233.220 235.440
235.620 239.790
239.940 247.020
247.050 248.760
249.120 250.590
250.650 253.320
253.650 257.340
257.550 259.020
259.020 259.830
260.310 266.100
266.280 271.200
271.260 274.350
274.470 282.270
282.510 284.460
284.460 292.500
292.500 294.180
294.180 299.400
299.520 302.970
303.360 307.080
307.260 309.210
309.660 314.940
314.970 318.660
318.660 320.340
320.460 322.110
322.200 324.780
324.780 328.500
328.710 331.470
331.560 334.260
334.590 337.320
337.440 339.810
340.110 341.130
341.250 345.840
345.930 347.610
347.790 348.600
348.600 358.770
358.770 363.630
363.660 367.170
367.170 369.540
369.540 371.640
372.330 377.130
377.130 384.030
384.390 386.820
387.030 392.100
392.100 395.040
395.190 397.710
398.010 401.250
401.580 403.290
403.290 409.230
409.320 414.210
414.240 418.020
418.020 418.920
418.950 419.700
420.180 421.560
421.680 423.750
423.750 426.150
426.150 426.750
426.780 428.460
428.460 432.330
432.360 435.510
436.500 437.430
438.060 445.620
445.650 447.870
447.870 448.590
448.860 450.810
451.380 452.310
452.310 455.310
455.550 459.630
459.660 465.810
465.990 466.860
467.550 473.070
473.220 475.080
475.560 476.700
477.210 479.100
479.190 482.910
483.150 484.560
484.740 485.970
486.360 490.200
490.560 494.700
494.700 496.200
496.230 498.180
498.360 501.660
501.900 503.430
503.820 506.010
506.430 507.480
507.480 509.100
509.460 514.110
514.140 517.020
517.050 519.630
519.690 521.310
521.310 523.800
524.010 525.150
525.210 526.800
527.280 529.800
529.800 533.160
533.160 533.940
534.030 536.940
537.120 539.850
539.970 543.720
543.750 545.160
545.160 548.490
548.940 553.260
553.830 563.460
563.490 566.940
567.120 574.140
574.320 576.180
576.570 577.170
577.530 578.640
578.970 582.930
584.040 585.210
586.320 587.790
588.120 588.810
589.290 590.400
590.670 592.530
592.920 593.760
593.760 594.900
594.900 597.990
598.020 600.420
601.080 603.600
603.870 611.820
611.910 616.740
616.800 618.030
618.090 618.990
618.990 619.740
619.740 622.860
622.860 625.080
625.110 626.670
626.730 642.150
642.150 642.750
