0.000 3.390
3.510 4.680
8.160 9.780
9.930 14.430
15.060 19.200
23.490 25.770
29.490 31.140
31.470 34.080
34.080 36.120
43.110 45.360
46.260 51.420
52.560 56.520
56.520 59.580
60.030 66.840
67.590 69.690
71.310 74.130
74.130 76.800
76.800 80.040
80.580 85.560
86.130 89.280
89.430 93.420
93.600 96.510
96.990 100.050
100.050 101.430
102.000 106.560
106.560 108.930
110.490 117.570
117.600 122.640
123.600 128.010
130.080 132.990
133.410 138.960
139.410 144.810
144.900 149.400
149.970 155.520
155.910 161.640
162.840 168.840
174.180 176.070
177.240 178.380
179.460 180.780
181.650 186.390
188.250 190.890
190.920 193.140
194.940 198.990
199.200 202.890
203.160 207.540
207.810 210.930
212.760 217.290
218.310 222.210
222.540 225.450
225.450 231.900
233.820 237.360
245.250 247.560
247.590 249.540
249.540 251.430
252.840 255.840
257.370 260.340
260.460 266.520
268.050 271.230
271.260 272.190
