0.000 4.680
8.550 10.110
10.200 13.830
14.460 18.750
18.750 24.240
24.240 28.020
28.530 32.700
32.850 36.690
38.820 41.910
46.770 50.310
50.400 52.440
52.500 54.300
55.020 58.890
59.310 64.320
65.580 68.400
68.850 72.000
76.110 79.020
80.130 84.000
84.630 88.290
98.550 99.780
108.210 111.900
112.380 116.940
117.330 121.350
127.500 131.820
131.820 138.750
139.260 146.190
148.080 152.190
152.820 156.810
159.840 162.750
163.170 169.020
169.050 173.010
173.910 179.550
180.180 183.780
183.780 187.890
188.070 190.260
190.530 194.160
195.090 203.370
205.740 210.360
210.720 215.790
216.330 221.430
226.170 232.380
232.920 245.280
245.670 248.550
248.940 255.090
255.990 261.750
262.200 268.260
269.580 276.030
276.810 280.830
281.460 285.540
285.750 289.140
289.140 291.150
291.390 295.080
295.290 299.610
300.630 305.400
307.920 310.770
312.870 316.410
316.410 318.420
319.320 322.560
322.830 323.790
