0.000 4.680
8.700 10.290
10.290 13.800
14.190 17.490
18.390 22.500
56.910 60.420
61.500 66.900
68.040 71.670
71.970 78.420
78.540 81.300
83.370 88.350
88.350 92.520
94.020 97.800
99.780 102.210
103.080 106.110
106.140 109.860
110.340 112.200
112.200 114.990
115.080 118.620
121.650 125.670
125.670 129.120
129.660 134.760
135.750 139.980
140.580 144.930
145.200 148.260
150.750 152.430
153.390 157.320
168.840 172.560
173.520 178.890
179.520 183.510
183.990 187.350
188.850 192.810
193.530 198.540
198.540 201.960
202.680 205.410
205.830 208.830
208.830 211.110
212.610 217.440
218.310 218.910
219.480 225.570
225.930 228.330
228.360 230.430
230.550 235.470
236.010 237.510
237.630 241.590
241.920 243.510
243.510 246.090
246.390 254.130
254.130 257.760
258.840 264.750
265.620 267.990
269.940 275.100
275.850 282.180
282.210 284.940
285.930 291.360
