0.000 4.680
8.250 15.030
16.500 21.450
22.050 29.010
29.730 32.730
32.760 34.170
34.170 39.360
41.190 48.570
49.110 54.240
54.960 59.310
59.910 65.550
66.540 68.940
71.460 76.110
76.350 79.530
79.710 82.380
84.690 88.890
91.020 94.620
100.590 104.700
109.980 112.680
112.710 115.170
115.350 119.850
120.330 124.200
125.250 132.780
133.230 138.060
138.060 140.250
140.790 149.220
149.940 155.400
155.940 158.670
158.730 162.270
162.720 166.080
166.080 169.830
169.980 171.330
172.020 176.400
176.730 179.700
179.940 184.980
185.700 191.910
192.450 202.290
202.590 207.840
209.010 211.530
218.700 219.510
220.710 221.520
225.870 226.680
227.730 228.540
229.230 231.390
231.390 234.420
234.420 235.350
