0.000 4.680
8.160 9.750
9.750 17.190
17.370 18.000
18.360 21.180
21.300 25.590
32.940 37.860
43.200 49.950
55.260 59.070
60.450 64.440
72.930 78.510
78.660 81.990
81.990 84.360
84.990 88.980
90.240 92.790
92.790 95.010
96.690 99.270
99.540 102.870
103.020 108.570
128.640 130.620
134.820 136.560
136.710 140.130
146.820 150.870
155.640 162.270
170.040 176.520
176.520 182.610
182.610 187.260
188.340 191.880
192.000 197.070
197.430 199.350
199.350 201.900
201.900 205.410
205.470 207.900
208.230 210.720
212.250 213.720
227.400 230.100
230.100 233.280
233.400 234.420
