0.000 4.680
8.250 9.900
9.900 15.030
15.330 17.580
23.850 25.560
27.090 30.030
40.170 42.630
55.920 58.410
66.990 68.700
69.000 71.370
71.940 75.300
75.720 81.870
81.870 84.960
90.600 95.310
95.520 99.240
100.290 104.070
105.240 108.240
108.360 111.510
112.500 115.380
115.380 118.440
118.530 122.490
124.800 128.550
129.390 134.250
134.610 144.390
145.050 148.230
148.410 151.950
152.010 157.560
158.100 163.530
164.430 169.530
170.070 181.530
183.630 192.600
192.900 195.690
196.590 199.050
205.110 208.350
208.380 213.480
213.480 214.440
