0.000 4.680
8.490 10.080
10.230 15.570
15.870 20.100
22.500 27.060
35.700 40.230
40.230 44.190
45.720 47.970
48.030 52.410
52.590 55.380
57.090 61.740
62.130 64.530
65.400 69.810
70.170 72.630
72.690 78.690
79.560 81.780
81.780 85.380
85.740 92.490
93.540 97.890
97.980 104.610
105.030 108.960
109.110 110.640
110.760 111.870
113.160 118.800
120.600 123.810
132.600 136.590
137.130 140.400
140.430 142.980
157.050 160.110
160.920 166.830
168.690 175.110
175.710 178.530
180.210 185.010
186.360 191.730
192.240 196.950
198.510 203.490
203.670 206.250
206.400 210.960
212.310 215.280
221.280 224.970
230.610 232.890
255.210 259.710
259.770 262.470
262.530 267.210
267.600 271.740
273.270 282.690
283.830 286.860
286.860 291.360
291.960 297.180
297.180 299.880
301.680 306.990
308.490 313.920
315.060 316.680
316.770 317.730
317.820 321.750
321.750 325.980
326.220 329.340
329.490 333.720
333.870 341.160
341.160 344.820
345.840 359.280
359.820 366.600
367.440 371.850
371.970 376.260
376.920 379.950
380.670 386.250
387.360 389.820
397.230 403.650
403.740 409.950
410.430 415.200
415.530 416.550
