0.000 4.680
8.310 13.620
14.100 19.110
19.110 23.280
23.280 24.480
24.480 26.700
26.730 28.590
29.670 34.860
35.070 39.720
39.780 42.600
43.050 46.260
46.260 50.130
50.280 50.880
51.240 64.470
76.530 82.050
82.260 87.090
87.960 91.560
92.160 102.360
102.870 105.270
109.050 115.590
122.790 126.450
126.540 131.310
132.000 136.890
136.890 139.710
140.250 145.380
145.410 154.710
155.070 162.630
163.350 168.240
168.240 171.180
171.300 174.540
174.540 178.230
178.350 180.810
181.620 187.950
187.980 191.580
191.610 195.450
195.480 198.420
198.810 206.520
206.520 210.900
211.800 214.320
216.960 227.580
228.540 232.560
232.560 233.460
