0.000 4.680
8.250 9.870
9.900 13.740
13.860 21.090
21.570 25.500
25.950 30.240
30.540 33.150
33.210 37.260
37.710 42.450
43.920 47.070
47.220 51.420
51.540 55.740
55.740 57.090
57.090 63.030
63.030 63.840
63.870 69.090
69.210 73.110
73.860 77.070
77.160 82.680
83.400 87.480
94.770 98.220
102.900 105.570
114.030 118.860
119.220 128.070
128.430 135.060
135.480 139.650
144.810 147.330
150.480 157.890
158.010 159.930
160.110 164.400
165.000 167.250
167.550 170.520
170.700 175.530
175.830 178.800
179.130 181.410
181.500 183.990
183.990 187.470
189.960 192.360
199.950 204.060
206.220 208.800
209.100 213.000
217.290 219.090
224.550 228.810
228.930 232.950
232.980 236.040
236.040 242.490
242.790 246.030
246.300 250.830
251.190 255.720
264.840 267.330
277.410 281.190
281.190 290.760
290.820 297.420
297.720 304.050
304.680 314.370
315.930 320.100
320.160 324.630
324.870 328.140
328.620 332.520
332.580 338.430
339.570 343.830
347.040 349.500
358.830 361.770
361.830 364.170
364.170 370.920
371.610 375.810
377.940 385.920
386.100 390.600
390.780 395.580
395.580 398.760
398.790 407.430
407.820 411.270
412.230 419.190
419.910 421.350
431.430 434.040
434.040 437.700
437.760 438.720
