0.000 4.680
8.220 9.780
9.810 13.350
13.440 18.600
19.620 23.880
30.690 41.700
44.160 49.860
55.380 57.930
62.700 65.880
66.180 70.380
77.100 80.610
80.970 88.590
88.800 92.010
92.010 99.540
99.540 102.630
102.630 110.340
111.060 115.740
116.040 118.710
120.750 124.860
124.860 131.250
132.180 137.760
137.940 142.560
142.560 147.180
155.340 168.090
178.290 181.560
183.030 185.700
185.880 191.130
191.220 193.860
193.860 197.790
200.670 204.240
204.420 215.040
215.670 225.180
225.720 229.470
230.460 235.320
235.710 241.830
242.850 245.820
248.430 255.510
257.430 260.550
273.480 281.190
