0.000 4.680
7.980 9.570
9.570 13.080
13.410 16.200
16.350 20.610
24.600 29.370
36.720 39.960
43.380 48.300
57.390 62.940
71.940 75.120
76.680 78.900
88.440 90.720
90.960 94.440
94.980 97.080
97.080 100.680
100.800 102.240
102.240 104.610
104.850 108.810
109.530 114.240
114.330 116.490
117.120 120.090
120.930 126.480
126.660 128.400
128.400 132.000
132.960 135.300
138.000 140.070
141.060 144.240
146.100 149.250
154.500 156.060
159.300 162.900
162.930 164.880
170.640 173.640
173.730 176.010
176.040 177.780
187.710 189.450
190.710 192.180
192.180 194.670
200.040 202.770
204.150 206.640
222.720 228.780
229.350 235.470
235.680 241.530
243.030 248.640
249.150 250.650
250.650 254.340
254.340 257.010
258.150 263.130
263.220 265.830
265.860 267.480
267.660 276.120
276.540 279.480
280.290 282.150
282.150 285.210
285.210 291.000
292.200 294.060
294.540 299.400
299.400 311.160
311.790 317.640
317.640 322.200
326.640 333.660
350.400 354.930
355.740 358.200
376.260 383.340
384.720 389.550
389.760 396.960
397.230 401.700
