0.000 3.360
3.750 4.380
8.070 9.660
9.660 16.680
16.830 24.510
25.590 31.590
32.100 40.650
40.950 47.160
47.580 57.840
58.050 66.660
67.110 71.520
72.000 74.160
75.600 77.280
77.430 78.720
81.870 86.580
86.850 93.330
93.330 95.310
97.200 102.750
106.380 110.190
110.730 114.780
114.810 117.210
127.320 128.700
130.080 134.040
134.040 138.300
140.880 146.520
147.300 151.860
158.100 162.150
162.480 166.560
166.560 168.450
168.930 175.110
175.560 180.300
185.100 190.320
191.670 196.350
196.350 199.950
200.010 202.980
204.780 206.130
206.130 208.260
208.260 211.380
213.900 219.150
219.420 221.400
222.090 227.490
228.420 233.070
234.360 242.760
243.270 246.450
246.600 249.990
250.770 258.090
258.660 261.900
263.490 270.750
271.590 276.660
277.050 280.320
281.010 287.250
287.430 291.720
294.840 301.980
302.730 306.510
306.510 309.540
309.570 313.350
315.480 322.680
322.680 326.010
326.430 336.090
336.150 339.960
340.560 349.170
349.440 355.890
356.760 363.720
364.230 368.820
369.030 370.050
370.050 374.490
374.490 378.210
378.600 383.940
384.420 389.640
390.420 394.290
394.470 395.100
395.310 402.360
403.140 406.950
407.700 410.910
410.910 414.270
415.380 421.230
421.710 425.400
426.570 429.720
430.080 434.400
435.780 442.200
442.830 447.300
447.630 454.080
459.750 462.360
463.410 469.770
476.430 478.560
483.840 487.200
488.310 491.010
491.520 494.460
496.620 501.420
503.100 506.040
507.030 510.330
510.570 514.380
520.890 522.690
522.690 526.950
527.550 532.110
533.220 538.440
539.610 551.880
552.420 553.680
