0.000 3.150
7.770 9.600
9.810 14.550
14.640 28.050
28.050 32.040
32.040 59.160
59.160 62.280
62.280 74.100
74.100 77.640
77.700 80.430
82.050 102.240
102.240 110.700
110.700 114.720
116.850 122.250
122.340 126.210
126.210 130.920
130.920 136.380
136.380 141.090
141.090 146.790
146.940 151.110
151.110 155.850
155.850 158.880
158.880 162.120
162.120 168.750
168.750 174.930
175.230 176.520
176.550 182.970
182.970 184.830
184.830 187.110
187.110 195.660
195.660 197.640
197.640 201.360
201.360 208.320
208.320 211.980
211.980 214.080
214.080 217.440
217.500 221.520
221.520 223.470
223.470 227.010
227.040 227.850
