0.000 3.150
7.770 8.760
8.850 10.590
10.950 19.050
19.110 24.300
24.510 30.180
30.180 32.070
32.400 36.480
36.690 41.700
41.850 45.780
45.840 49.710
49.830 55.950
56.040 57.420
61.590 67.920
68.160 79.290
79.290 84.540
84.540 89.460
89.610 91.290
91.440 94.080
94.110 98.400
98.700 102.960
107.160 110.640
110.640 115.650
115.650 117.750
117.960 122.280
122.460 127.500
127.500 132.690
132.870 137.460
137.550 140.640
140.670 143.580
143.580 147.270
147.300 148.410
148.530 151.920
152.130 155.130
155.190 158.760
159.030 163.740
164.130 167.910
167.910 170.070
174.630 176.820
176.820 179.490
179.550 184.770
184.920 187.890
187.890 190.320
190.560 193.590
193.650 197.100
199.050 203.460
203.490 205.830
206.250 208.620
208.620 218.160
218.190 220.230
220.260 238.110
238.170 245.250
245.310 257.460
257.460 261.270
261.270 266.940
266.940 273.690
273.690 275.340
275.370 282.150
282.180 286.710
287.070 291.060
291.060 295.710
297.060 301.380
301.830 305.580
305.580 310.560
310.560 312.120
312.120 317.520
317.880 323.190
323.190 325.920
326.130 331.140
331.230 337.140
337.170 340.920
340.950 344.370
344.370 358.200
358.200 359.850
359.850 365.040
365.100 367.170
367.170 370.290
370.470 371.250
