0.000 3.150
7.830 10.170
10.410 14.160
14.910 18.210
18.300 21.210
21.210 23.040
23.130 26.160
26.400 32.010
32.130 34.500
34.500 41.910
42.090 46.170
46.350 51.180
51.180 57.900
58.140 61.500
61.500 65.820
65.880 68.460
68.910 74.460
74.490 77.820
77.850 81.930
82.290 86.550
86.580 90.330
96.960 98.640
98.640 102.870
107.970 108.750
108.750 112.350
112.380 114.420
114.540 118.200
118.620 126.870
126.870 130.050
132.090 135.930
138.120 142.920
143.040 150.870
150.870 152.910
153.120 157.380
157.560 161.010
161.040 167.220
167.430 171.360
171.630 175.710
175.710 179.010
179.040 183.930
184.020 188.130
