7.080 8.220
8.220 13.560
14.520 17.610
18.210 19.920
19.920 22.890
23.160 24.660
24.660 27.390
28.050 30.810
31.290 34.890
34.890 37.440
38.130 42.630
42.630 46.380
46.680 50.280
50.280 55.080
55.680 58.020
58.020 61.110
61.110 66.540
67.140 68.340
68.340 70.530
70.620 72.720
73.440 78.780
78.780 81.420
81.870 84.450
85.230 89.130
89.460 93.960
93.990 99.780
100.110 101.610
101.610 107.340
107.340 115.500
115.830 121.320
121.320 124.170
124.170 126.480
127.110 136.770
136.770 142.560
142.560 144.510
144.570 146.700
147.090 149.160
149.160 152.400
152.400 158.520
158.580 160.590
161.100 170.640
171.150 175.740
175.920 179.850
179.850 181.470
181.620 183.120
183.120 185.700
185.820 191.100
192.210 197.400
197.490 199.530
199.530 201.600
201.930 203.340
203.400 206.220
206.220 211.980
211.980 213.150
213.270 215.160
215.220 219.690
220.020 222.900
223.110 228.990
229.500 231.870
232.650 238.770
239.190 243.150
243.570 248.910
249.060 260.430
260.640 262.890
263.760 266.370
266.430 271.350
271.860 276.150
276.150 278.700
278.700 283.740
283.950 291.420
292.140 295.260
295.260 298.860
299.400 303.600
303.600 305.880
306.660 312.480
312.540 316.950
316.950 319.230
319.830 324.030
324.420 327.720
327.720 330.510
330.720 334.290
334.890 336.390
336.630 339.450
339.600 343.050
343.080 347.880
347.940 351.690
352.050 360.030
360.150 364.470
364.830 369.450
369.450 370.500
371.580 375.570
375.570 378.000
378.090 379.200
380.490 383.670
383.730 385.770
386.700 390.060
390.510 395.520
396.030 402.090
402.090 405.030
405.030 407.250
407.640 415.740
415.830 420.870
421.950 427.860
427.860 429.090
429.090 431.130
431.250 439.380
439.770 444.660
445.440 447.360
447.480 450.600
451.380 454.980
454.980 457.230
457.770 458.880
459.150 463.380
463.800 469.170
469.230 471.240
471.240 476.160
476.190 477.450
477.750 482.790
482.970 487.440
487.500 498.030
500.220 505.260
505.800 509.580
509.640 511.470
511.470 513.720
513.720 516.390
516.390 517.440
518.130 521.490
521.700 523.260
523.530 529.680
529.680 534.330
534.480 540.330
540.330 544.200
544.200 549.630
549.630 553.830
553.830 555.480
555.600 558.720
559.080 561.960
561.960 564.780
565.020 573.240
573.840 578.280
578.460 582.150
582.180 585.630
586.470 590.430
590.550 594.360
594.360 597.750
597.900 598.920
599.130 603.840
604.800 607.890
607.890 610.350
610.770 617.850
617.880 624.960
625.020 630.720
631.470 634.740
635.070 636.750
637.500 640.830
641.580 644.130
644.130 646.710
646.740 650.190
650.190 653.490
653.640 654.840
654.990 659.790
659.940 663.000
663.000 666.990
667.140 673.020
673.020 674.430
674.910 682.920
683.310 689.520
689.520 691.230
691.680 695.190
695.310 696.510
696.750 700.380
700.440 713.760
713.760 714.720
715.140 719.640
720.090 726.240
726.270 729.420
729.420 737.340
737.760 740.460
740.610 748.140
748.530 752.340
752.400 758.610
758.880 762.600
762.600 765.240
765.750 771.720
771.720 774.060
774.060 777.990
777.990 783.690
783.690 787.170
787.800 789.390
789.510 801.240
