7.080 10.440
10.710 14.250
14.250 17.370
17.430 22.410
23.580 26.550
26.580 28.710
28.710 31.140
31.140 33.300
33.510 34.830
34.830 38.220
38.220 40.590
40.620 43.140
43.290 46.140
46.770 48.930
49.050 54.540
54.540 56.940
56.970 64.800
64.860 68.250
68.700 72.360
72.360 74.640
74.670 77.880
77.880 82.020
82.710 85.980
85.980 88.920
88.920 90.600
90.600 92.310
92.310 94.260
94.740 103.170
103.590 107.250
107.250 114.540
114.540 116.700
116.700 118.590
118.890 120.450
120.630 121.650
121.770 124.170
124.380 125.520
125.550 129.000
129.210 130.320
130.380 133.020
133.170 134.160
134.160 136.470
136.860 137.910
137.940 143.790
143.790 146.610
146.610 149.790
149.790 152.220
153.600 155.760
155.910 157.140
157.140 158.670
159.420 163.230
163.230 165.120
165.450 167.700
167.700 170.700
170.700 176.970
176.970 182.700
182.850 187.320
187.590 194.790
195.030 199.620
200.100 201.780
201.900 203.310
203.370 204.780
204.810 206.490
206.490 207.600
207.630 209.310
209.670 210.930
210.930 213.090
214.020 215.340
215.340 219.570
219.570 223.200
223.530 227.730
227.940 229.260
229.260 230.970
230.970 233.220
233.220 235.860
235.920 243.120
243.600 246.360
246.360 249.330
249.720 253.890
254.190 256.980
257.040 259.170
259.170 264.120
264.180 271.290
271.290 273.180
273.240 274.920
274.920 277.170
278.070 280.680
280.680 283.200
283.200 292.620
292.620 298.590
298.860 302.940
302.940 305.370
305.460 307.080
307.080 310.560
310.560 315.540
316.200 319.380
319.590 324.540
324.540 327.000
327.000 330.420
330.570 332.910
332.910 337.920
337.920 339.480
340.200 343.290
343.290 345.210
345.210 346.500
346.500 350.790
351.360 352.650
352.650 358.530
358.950 364.980
364.980 367.140
367.260 367.860
