7.050 8.490
8.490 13.260
13.260 17.580
17.580 21.330
21.390 25.650
25.680 29.010
29.220 30.660
30.660 32.730
32.730 35.400
35.610 38.460
38.520 41.190
41.310 50.010
50.220 54.750
54.750 57.600
58.080 61.020
61.110 65.730
65.880 99.840
99.840 105.930
105.930 111.750
111.750 113.970
113.970 117.300
117.300 120.810
120.810 126.540
126.750 129.960
129.960 134.910
134.910 138.750
138.750 142.500
142.500 150.180
150.180 157.290
157.590 169.440
169.440 177.240
177.240 179.220
179.220 183.810
184.020 184.980
184.980 187.830
187.830 192.990
193.740 198.150
198.150 202.920
203.220 204.270
204.270 207.780
207.780 210.450
210.510 216.240
216.240 222.420
222.420 230.640
230.640 236.640
236.640 246.630
246.630 252.030
252.030 255.990
255.990 263.040
263.040 279.630
279.630 281.430
281.430 290.970
290.970 297.660
297.660 300.300
300.300 303.450
303.450 318.150
318.150 327.900
327.900 337.530
337.530 341.550
341.550 346.050
346.080 348.000
348.000 355.170
355.260 360.240
360.570 366.450
366.450 375.930
375.960 383.910
383.910 386.430
386.430 392.280
392.280 396.180
396.210 402.720
402.720 405.690
405.690 411.150
411.150 413.790
413.790 415.830
415.830 417.990
417.990 423.030
