7.020 11.190
11.190 17.700
17.700 23.940
23.940 28.980
28.980 32.400
32.400 35.550
35.550 37.380
37.380 46.020
46.140 59.250
59.250 70.440
70.440 78.720
78.720 93.540
93.630 98.520
98.520 99.510
99.510 108.960
108.960 118.050
118.050 123.000
123.000 126.720
126.900 136.680
136.680 141.030
141.030 147.150
147.150 155.220
155.220 158.220
158.220 164.280
164.280 182.340
182.400 185.670
185.670 189.030
189.030 197.760
197.760 201.900
201.900 205.170
205.170 216.540
216.630 218.520
218.520 224.100
224.100 234.330
234.330 248.700
248.700 263.610
263.760 264.750
264.870 270.420
270.420 276.960
277.410 278.430
278.430 283.350
283.500 285.270
285.270 289.500
289.710 294.090
294.090 306.540
306.540 309.600
309.600 311.190
311.190 313.710
313.710 315.600
