7.110 8.820
8.820 10.350
10.980 16.620
16.620 18.810
19.050 21.300
21.390 22.050
22.050 31.590
31.590 36.330
36.330 45.720
45.780 47.610
47.700 49.110
49.500 50.400
50.670 52.380
52.380 76.560
76.560 86.880
86.880 100.500
100.500 103.020
103.020 110.700
110.700 113.040
113.250 125.040
125.340 145.230
145.230 150.270
150.270 155.160
155.160 158.520
158.520 162.600
162.720 183.510
183.960 190.890
191.370 194.790
194.970 197.670
197.940 200.760
200.850 210.090
210.300 215.580
215.880 217.320
217.800 225.780
225.930 242.970
243.090 250.770
250.800 254.220
254.250 257.910
258.060 267.270
267.270 277.200
277.350 282.210
282.210 283.620
283.620 284.760
284.850 288.570
288.750 291.240
291.240 308.490
308.520 321.990
322.320 326.100
326.100 328.410
328.410 331.680
331.860 351.360
351.390 357.990
358.050 360.570
361.980 368.130
368.520 374.490
374.490 388.800
388.800 391.740
392.460 396.300
396.300 396.990
397.560 400.260
400.320 402.540
402.690 404.730
404.730 406.440
406.440 407.310
407.310 419.400
419.550 423.360
424.260 431.880
431.880 434.820
434.820 439.080
439.530 444.060
444.150 448.050
448.050 454.830
454.830 457.650
457.710 459.540
459.540 465.570
465.660 468.930
469.050 474.240
474.240 475.410
475.560 479.520
479.670 482.850
482.880 485.790
485.910 495.510
495.570 498.750
498.930 502.050
502.260 505.260
505.350 507.240
507.240 508.710
508.770 510.090
510.240 514.530
514.590 519.900
519.960 524.130
524.160 526.350
526.590 528.300
528.300 529.740
529.980 532.290
532.290 537.090
537.090 544.920
545.160 550.860
550.920 554.160
554.160 555.480
555.480 558.510
558.510 561.930
562.020 564.570
564.570 567.840
567.900 569.850
570.030 571.560
571.830 581.010
581.220 588.000
588.150 589.650
589.830 602.760
602.760 603.540
603.690 604.950
604.980 609.930
609.930 612.360
612.420 614.490
614.490 616.470
616.470 618.210
618.330 620.040
620.070 623.850
623.850 629.580
629.730 632.100
632.100 634.740
634.740 638.850
638.850 644.250
644.250 646.380
646.410 650.520
650.550 651.720
651.930 653.580
653.760 655.920
655.920 658.470
658.470 663.210
663.390 668.310
668.310 672.090
672.270 673.620
673.710 675.210
675.450 677.190
678.090 678.960
679.440 681.390
681.870 685.470
685.650 690.570
690.690 693.630
693.630 702.000
702.000 705.090
705.210 707.520
707.610 718.020
718.020 719.760
719.760 721.200
721.320 727.470
727.710 736.170
736.170 740.280
740.280 741.840
741.840 752.190
752.190 760.080
760.110 764.520
764.520 778.500
778.500 782.610
