7.110 8.640
9.090 12.570
12.570 23.820
23.820 30.810
30.810 35.220
35.640 37.680
37.770 45.930
45.930 62.130
62.130 68.790
68.790 73.230
73.230 79.290
79.380 81.510
81.690 83.820
83.910 86.310
86.700 87.510
87.510 89.940
90.030 96.840
96.840 102.150
102.240 106.860
107.010 112.890
112.890 118.290
118.620 120.600
120.750 125.610
126.450 132.060
132.060 140.250
140.280 146.100
146.130 148.710
148.770 151.860
152.130 154.950
154.950 162.030
162.060 166.950
166.980 170.940
170.970 174.210
174.210 179.430
179.430 183.390
183.390 190.200
190.200 206.400
206.430 209.040
209.040 215.040
215.100 216.720
216.720 224.070
224.070 226.200
226.380 231.090
231.090 239.550
239.550 243.660
243.870 257.970
258.060 260.490
260.490 267.600
267.600 277.830
277.890 282.360
282.750 290.190
290.190 293.070
293.070 298.020
298.230 300.300
300.300 309.090
309.270 321.630
321.630 337.290
337.350 342.450
342.540 345.240
345.240 355.320
355.320 356.730
357.000 361.710
361.710 371.160
371.160 378.390
378.540 379.680
379.710 390.510
390.510 391.920
392.220 396.690
396.690 399.030
399.030 402.900
402.900 407.280
407.670 409.620
409.950 413.550
413.760 417.870
418.170 419.670
419.670 420.930
420.930 424.590
424.590 425.640
425.640 428.640
428.700 430.440
430.440 440.640
440.640 443.880
444.300 450.000
450.000 453.660
453.960 461.130
461.250 464.160
464.250 467.610
467.610 470.310
470.460 476.040
476.040 477.450
477.450 483.750
483.930 484.530
