7.050 16.860
17.190 22.320
22.560 31.560
31.560 34.170
34.170 37.080
37.080 41.070
41.070 44.910
45.150 48.120
48.120 49.080
49.080 51.690
52.080 55.920
55.920 61.620
61.620 63.660
63.660 67.680
67.680 71.670
71.850 74.340
74.340 88.080
88.080 89.460
89.460 98.190
98.190 108.480
108.480 109.620
109.620 123.510
123.510 124.860
124.860 125.880
125.880 128.970
128.970 137.970
137.970 142.620
142.680 155.220
155.370 161.370
161.370 165.000
165.000 171.510
171.720 174.270
174.270 182.250
182.250 186.750
186.990 189.480
189.480 193.620
194.040 198.000
198.000 202.710
202.710 204.660
204.660 206.250
206.760 211.650
211.650 222.240
222.750 225.930
225.930 227.790
227.790 233.760
233.820 236.370
236.370 239.160
239.430 242.910
242.940 247.350
247.350 257.160
257.160 260.820
260.820 264.270
264.270 269.580
269.640 270.990
270.990 276.750
276.780 287.640
288.330 289.860
289.890 291.750
292.020 294.480
294.660 296.430
296.760 302.580
302.820 308.160
308.550 312.720
312.720 315.360
315.420 317.820
317.820 319.710
319.710 323.910
323.910 326.190
326.940 333.480
333.540 336.960
336.960 346.410
346.860 350.820
350.820 355.350
355.500 359.730
359.730 365.370
365.370 371.820
371.820 375.240
375.240 378.450
378.450 382.230
382.500 390.420
390.420 392.400
392.400 400.680
400.830 406.980
407.190 412.260
412.260 414.300
414.300 417.480
417.480 425.130
425.400 430.410
430.410 436.860
437.970 441.840
441.930 447.000
447.000 449.610
449.610 450.960
450.990 458.400
458.400 462.450
462.450 466.080
466.080 469.860
470.100 471.420
471.420 478.500
478.500 484.830
485.070 497.310
497.760 506.400
506.400 508.380
508.410 513.990
514.110 516.870
517.110 519.330
519.330 527.220
527.310 528.420
528.420 531.870
531.960 535.320
535.410 539.160
