7.020 8.130
8.430 13.830
14.130 16.830
16.830 20.850
21.210 27.360
27.390 29.910
29.910 34.680
35.400 38.940
39.180 40.920
40.920 42.570
42.720 44.280
44.310 45.870
46.470 49.860
50.040 57.030
57.390 60.000
60.000 64.320
64.710 66.660
66.660 69.690
69.720 73.560
73.560 78.570
78.600 83.790
83.790 86.130
86.130 87.840
87.840 89.760
89.760 91.950
92.310 94.080
94.080 97.320
97.350 102.330
102.330 105.840
105.840 107.280
107.280 110.610
110.670 116.430
116.430 118.290
118.290 120.930
120.930 122.970
122.970 124.080
124.080 128.280
128.280 130.020
130.020 132.600
132.870 134.130
134.190 136.500
136.530 139.470
139.800 141.930
141.930 143.880
143.880 148.620
148.740 152.610
152.610 156.960
156.960 162.240
162.360 167.130
167.130 170.700
170.700 171.750
171.780 177.330
177.450 181.320
181.320 186.030
186.030 190.500
190.800 193.710
193.710 205.470
205.470 212.100
212.220 217.050
217.050 218.940
218.940 223.200
223.200 224.430
224.430 226.800
226.800 229.800
229.800 231.510
231.510 233.640
234.090 237.540
237.540 240.180
240.180 243.420
243.420 246.540
246.630 247.620
248.010 252.930
253.560 257.430
257.430 259.950
259.950 264.600
264.780 266.760
266.760 271.410
271.470 274.350
274.530 278.850
278.850 279.870
279.870 282.300
282.300 285.660
285.660 289.950
290.220 295.500
295.500 297.450
297.480 299.850
299.880 303.150
303.150 306.840
306.840 310.440
310.500 312.270
312.270 315.060
315.060 316.830
316.830 319.500
319.500 322.980
322.980 326.880
327.120 335.340
335.340 339.210
339.210 344.400
344.580 348.150
348.150 349.980
349.980 355.890
356.040 358.050
358.050 360.330
360.330 361.770
361.770 365.970
366.240 370.410
370.440 373.770
373.770 377.340
377.430 381.150
381.270 383.970
383.970 385.050
385.050 387.330
387.330 392.310
392.370 394.170
394.170 398.580
398.670 399.810
399.810 404.220
404.220 406.290
406.320 409.830
409.830 417.990
418.230 419.400
419.430 422.670
422.670 424.650
424.650 426.630
426.630 429.270
429.270 432.930
433.170 435.570
435.570 437.730
437.730 439.860
439.890 440.970
440.970 445.770
445.860 451.410
451.410 453.930
454.290 456.810
456.810 458.640
458.640 462.240
