7.020 8.520
8.520 13.770
13.830 17.040
17.190 21.510
21.780 24.150
24.330 31.170
31.260 35.130
35.160 42.090
42.390 43.410
43.410 46.170
46.170 51.150
51.150 53.520
53.910 56.730
56.730 60.330
60.330 62.340
62.790 64.410
64.410 74.400
74.400 76.680
76.680 78.210
78.210 81.180
81.180 84.780
85.200 88.170
88.170 90.030
90.030 91.710
91.710 94.230
94.290 99.120
99.120 102.570
102.570 105.510
105.570 110.370
110.370 112.500
112.530 113.850
113.850 117.210
117.210 121.050
121.170 124.980
124.980 127.710
127.710 131.700
131.700 138.300
138.300 141.690
142.170 147.060
147.180 157.050
157.050 161.310
161.310 164.340
164.340 166.650
166.650 168.570
168.570 170.790
170.790 174.450
174.840 180.870
180.870 183.900
183.930 189.630
189.900 193.140
193.140 198.570
199.410 201.540
201.540 208.590
208.590 212.370
212.430 220.170
220.440 223.320
223.320 227.340
227.340 228.930
229.080 232.200
232.350 236.400
236.460 240.690
240.690 242.760
243.090 246.600
246.600 253.620
253.800 255.330
255.480 259.050
259.860 264.960
265.050 267.150
267.150 272.370
272.550 277.080
277.860 284.730
284.940 288.210
288.300 290.880
291.090 296.640
296.940 300.570
300.570 304.800
305.070 307.500
308.070 312.660
312.660 314.160
314.160 317.250
317.250 320.130
320.130 322.380
322.410 335.250
335.490 339.090
339.180 340.860
340.890 345.000
345.030 348.840
349.170 351.990
351.990 353.040
353.040 360.270
360.330 364.620
364.830 368.400
368.490 381.450
381.450 384.060
384.570 387.840
387.840 390.180
390.300 391.470
391.470 398.430
398.640 403.950
404.340 407.700
407.700 409.920
410.580 414.270
414.270 416.040
416.040 425.100
425.100 427.980
427.980 429.480
429.930 433.470
433.770 435.030
435.030 437.940
438.000 442.770
442.830 445.020
445.020 448.410
448.500 449.970
449.970 453.780
453.990 459.600
459.840 466.050
466.260 469.230
469.230 471.030
471.030 474.690
474.810 482.010
482.130 483.630
483.630 488.310
488.310 499.320
499.920 504.000
504.090 506.580
506.670 511.080
511.080 515.880
515.880 518.550
518.550 522.930
523.320 526.110
526.110 529.740
529.740 531.960
531.960 534.810
534.810 538.860
538.860 544.500
544.500 547.500
547.500 553.680
553.770 563.910
564.090 565.920
565.920 571.080
571.080 574.590
574.590 578.730
578.730 581.130
581.580 584.910
584.910 588.240
588.570 590.940
591.000 592.290
