7.050 8.790
9.000 13.650
13.800 18.570
18.750 21.690
21.690 24.300
24.300 27.900
28.080 30.660
30.870 34.230
34.230 38.700
38.910 42.510
42.630 45.270
45.270 48.570
48.570 51.030
51.030 53.340
53.400 57.780
57.930 59.760
59.760 63.870
63.870 67.830
68.160 70.470
70.470 73.440
73.440 77.340
77.700 82.260
82.380 87.090
87.420 93.510
93.510 100.560
100.560 116.220
116.220 120.390
120.390 127.620
127.620 130.290
130.350 134.400
134.460 138.990
138.990 141.570
141.690 144.330
144.330 146.310
146.310 148.470
148.470 152.850
152.850 156.570
156.810 164.190
164.190 166.920
166.920 169.560
169.560 172.800
172.980 174.540
174.540 178.710
178.710 190.470
190.650 192.840
192.840 196.350
196.530 206.790
206.790 210.120
210.120 213.990
213.990 216.420
216.540 219.750
219.750 225.090
225.090 228.240
228.240 232.320
232.320 236.760
236.820 241.980
241.980 245.490
245.850 257.730
258.000 261.690
261.690 268.650
268.650 272.430
272.550 275.160
275.160 279.240
279.360 282.870
282.870 284.010
284.010 290.610
291.000 295.860
295.860 301.230
301.410 306.210
306.210 310.800
310.890 314.610
314.790 320.820
321.150 325.620
325.860 329.160
329.160 331.530
331.890 335.460
335.520 340.770
340.950 344.040
344.100 348.090
348.180 356.640
357.330 361.950
362.190 365.730
365.730 369.030
369.030 373.080
373.350 375.150
375.150 387.630
387.630 399.360
399.360 404.850
404.850 406.890
407.070 413.760
413.760 431.220
431.220 435.300
435.360 438.960
438.990 445.560
446.100 451.890
451.980 457.830
457.830 463.410
463.410 493.410
493.500 510.960
510.960 521.640
521.640 526.260
526.290 529.470
529.470 534.180
534.180 536.940
537.120 543.510
543.570 546.600
546.600 552.780
552.840 555.720
555.720 559.470
559.470 561.480
561.480 564.150
564.150 565.590
565.590 568.170
568.170 569.880
569.880 577.500
577.830 580.920
580.920 583.470
583.470 586.560
586.680 589.890
589.920 592.080
592.080 597.720
