7.020 12.630
12.630 18.750
18.750 27.450
27.450 33.180
33.420 38.760
39.510 43.230
43.230 47.610
47.850 51.480
51.480 58.140
58.140 63.600
63.840 65.760
65.850 71.130
71.130 76.140
76.170 80.880
80.880 82.140
82.140 84.240
84.240 93.450
93.450 102.450
102.450 108.060
108.060 111.750
111.810 116.130
116.130 118.170
118.170 120.270
120.270 124.440
124.560 129.660
129.660 143.880
143.880 147.210
147.210 149.610
149.610 152.310
152.310 154.620
154.620 158.160
158.160 170.340
170.340 178.920
178.920 181.890
181.890 186.210
186.210 187.800
187.800 189.990
190.080 195.780
196.140 200.220
200.400 202.770
202.770 204.360
204.360 208.530
208.530 210.960
210.960 212.700
212.730 215.400
215.400 218.520
218.580 221.760
221.760 226.170
226.200 230.850
230.850 233.670
233.700 236.760
236.760 238.260
238.260 241.950
241.950 246.960
246.960 258.540
258.540 260.700
260.790 269.850
269.880 273.690
273.780 276.960
276.960 283.080
283.230 287.340
287.340 288.510
288.510 291.600
291.630 297.060
297.270 305.580
305.580 307.020
307.020 314.280
314.280 319.230
319.410 323.760
323.790 334.200
334.200 335.910
336.390 338.880
338.880 341.550
341.550 345.660
345.930 349.050
349.050 350.940
350.940 353.940
353.940 357.330
357.330 359.040
359.040 361.650
361.650 366.300
366.330 371.910
371.910 374.280
374.370 378.570
378.690 380.550
380.550 385.260
385.410 386.910
386.940 394.920
394.920 397.650
397.770 401.280
401.280 404.850
404.850 410.340
410.340 416.850
416.880 421.590
421.650 425.850
425.850 428.400
428.580 437.940
438.060 440.730
440.730 447.000
447.000 453.690
453.690 458.250
458.250 461.010
461.010 464.160
464.160 467.100
467.100 469.830
469.830 475.440
476.010 483.600
484.230 485.880
486.150 489.180
489.330 492.570
492.570 495.330
495.420 497.070
497.070 499.440
499.650 509.760
509.940 520.380
520.380 522.870
522.870 530.130
530.370 535.080
535.080 537.960
538.290 541.350
541.350 542.850
542.850 547.020
547.020 554.370
554.700 559.440
559.440 563.220
563.220 566.910
567.270 571.710
571.710 573.480
573.480 577.920
577.920 580.800
580.800 585.900
585.900 589.260
589.260 601.620
601.620 604.230
604.260 606.930
606.930 615.180
615.420 619.200
619.200 621.900
622.080 626.760
626.760 629.550
629.580 630.690
630.690 634.320
634.560 637.710
637.950 640.140
640.140 641.130
