7.110 10.140
10.170 13.650
13.860 18.480
18.480 21.210
21.360 27.240
27.240 35.160
35.370 41.100
41.100 50.370
50.370 52.710
52.890 61.290
61.290 62.280
62.280 71.910
71.940 73.020
73.230 77.040
77.070 94.740
94.980 104.940
104.940 120.750
120.750 129.210
129.210 130.080
130.140 131.910
131.970 136.890
136.890 142.890
142.890 143.670
143.670 148.770
148.800 152.670
152.760 158.250
158.430 160.890
161.010 167.430
167.520 178.890
179.220 186.960
187.110 205.110
205.110 210.570
210.570 215.520
215.520 217.710
217.710 219.270
219.270 224.010
224.220 225.720
225.750 226.980
226.980 228.720
229.020 234.030
234.030 241.110
241.200 243.630
243.630 250.380
250.560 256.320
256.320 261.120
261.120 263.610
263.820 271.470
271.590 273.630
273.630 279.720
279.720 283.020
283.080 300.750
301.170 305.880
305.880 307.440
307.440 312.990
312.990 323.310
323.310 327.000
327.360 344.310
344.340 349.290
349.290 354.270
354.570 357.690
357.690 358.680
358.860 361.650
362.100 363.360
363.540 365.850
365.940 367.920
367.980 369.510
369.750 371.610
372.300 373.590
373.890 375.570
375.570 377.880
378.510 380.310
380.670 382.260
382.680 383.970
383.970 385.620
385.710 387.330
387.750 389.880
391.080 392.370
393.030 395.430
395.550 396.990
397.260 398.490
398.640 400.200
400.470 404.700
404.700 406.620
406.920 412.080
412.290 415.680
415.710 417.990
417.990 421.500
421.500 423.030
423.030 424.200
424.320 427.890
428.100 429.330
429.450 431.640
431.760 432.960
432.960 437.910
437.910 440.490
440.490 444.510
444.780 446.580
446.820 449.130
449.460 451.920
452.280 452.880
453.150 456.240
456.240 462.030
462.030 470.310
470.460 479.070
479.070 481.350
481.860 486.240
486.240 487.650
487.650 491.010
491.130 494.040
494.250 505.740
505.740 509.640
509.640 518.820
519.060 520.830
520.830 529.860
530.040 535.980
536.190 544.350
544.350 545.760
545.760 546.780
547.260 548.100
548.550 555.480
556.020 561.180
561.270 563.160
563.640 568.830
568.830 574.650
574.650 580.140
580.320 583.980
583.980 586.830
587.100 597.000
597.330 599.760
599.760 602.670
603.630 607.980
608.010 611.910
612.060 618.480
619.140 621.630
621.630 629.550
629.820 630.720
630.840 641.220
641.640 643.470
643.470 646.260
647.010 652.170
652.170 653.310
653.340 655.950
656.160 658.620
658.620 660.960
661.530 662.220
662.370 669.600
669.720 673.050
673.320 675.660
675.780 685.440
685.440 686.580
686.880 688.770
688.770 690.270
690.270 691.980
692.130 693.990
694.080 698.220
698.220 700.920
701.070 703.380
703.410 705.690
705.690 707.520
707.610 712.740
713.070 713.970
714.180 719.280
719.340 721.290
721.290 722.040
722.190 723.630
723.720 726.990
727.620 730.830
730.890 733.320
733.770 734.370
734.730 736.980
736.980 739.260
739.350 742.110
742.110 747.330
747.570 752.100
752.220 759.600
759.840 761.640
761.640 763.350
763.410 769.380
769.440 773.670
773.790 774.690
774.720 783.510
783.510 785.310
785.310 790.740
790.770 792.090
792.090 793.500
793.710 797.910
798.060 802.890
803.040 804.630
804.630 806.640
807.120 809.640
810.090 811.710
811.710 814.500
814.560 816.630
816.630 823.890
824.850 826.680
827.670 831.450
831.870 837.060
837.090 843.240
843.750 844.980
844.980 847.050
847.050 848.190
848.190 849.930
850.440 855.090
855.180 855.780
