7.110 15.300
15.300 16.590
17.010 21.330
21.330 22.740
22.740 32.970
33.150 42.150
42.150 46.200
46.200 59.220
59.220 65.160
65.160 71.280
71.430 88.050
88.050 105.150
105.150 107.280
107.280 122.220
122.220 126.540
126.540 130.860
130.920 151.260
151.260 152.580
152.790 154.350
154.470 161.850
161.850 171.150
171.240 175.020
175.080 180.000
180.000 186.000
186.000 189.930
189.930 194.310
194.310 207.900
208.140 211.320
211.500 213.150
213.270 230.070
231.630 232.560
232.560 235.230
235.290 236.070
236.070 237.600
238.230 243.630
243.630 244.800
245.220 247.530
248.640 251.340
251.550 254.460
255.240 255.900
256.080 258.930
259.500 260.790
260.790 263.490
263.670 268.020
268.260 273.090
273.090 275.520
275.640 278.010
278.100 280.680
280.680 285.660
285.930 290.760
290.940 293.130
293.340 295.770
296.100 297.780
297.780 298.950
299.400 302.820
302.820 307.470
307.560 311.790
311.880 327.930
327.930 333.480
333.600 340.710
340.800 344.130
344.130 348.630
348.840 351.090
351.450 353.070
354.390 358.680
358.890 361.920
362.100 366.210
366.360 368.310
368.610 371.790
371.790 373.260
373.320 374.220
374.220 385.230
385.890 387.000
387.060 390.360
390.510 397.050
397.500 402.210
402.690 406.380
406.440 413.280
413.430 415.440
415.620 425.970
426.810 428.820
429.660 430.920
431.220 438.270
438.300 463.080
464.370 472.080
472.080 486.570
486.570 496.020
496.110 497.880
498.390 499.110
499.110 500.910
501.000 501.780
501.780 503.640
503.790 507.750
507.870 516.990
517.950 518.790
519.150 537.150
537.270 544.290
544.350 554.490
554.490 557.910
557.910 560.130
560.130 562.770
563.100 578.220
578.220 582.240
582.240 585.420
585.450 595.200
595.200 596.670
597.180 627.930
627.930 636.750
636.750 638.760
638.940 644.940
644.940 657.240
657.240 658.080
658.080 665.040
665.310 667.230
667.230 670.830
670.830 672.870
673.200 679.200
679.410 684.300
684.840 686.040
686.190 688.380
688.950 689.550
