0.000 11.610
12.000 12.600
16.050 18.030
18.120 22.620
22.860 26.850
26.850 33.540
33.660 37.290
37.830 42.030
42.480 45.390
45.390 47.370
47.550 52.470
52.560 54.750
55.170 57.720
61.680 66.750
67.380 72.960
72.960 74.550
74.940 81.750
83.910 88.200
91.440 95.580
97.110 98.760
98.760 101.580
102.120 105.600
115.110 120.960
123.270 131.250
131.490 136.140
137.340 140.130
140.640 148.170
148.740 150.930
151.830 157.920
164.400 167.610
168.420 171.810
172.350 178.350
179.640 185.490
186.810 193.950
195.780 201.060
201.240 202.200
202.350 202.890
