0.000 11.610
12.000 12.600
16.020 18.210
18.420 22.710
23.490 24.570
24.570 27.930
27.960 31.950
32.580 39.420
40.170 45.570
45.600 48.810
49.620 53.700
53.730 57.570
58.020 60.750
60.750 65.460
66.270 69.180
69.840 75.600
75.870 78.540
78.750 84.000
84.660 89.310
90.180 92.220
92.460 95.130
97.320 99.120
103.410 105.060
114.870 118.590
119.340 121.440
121.860 123.420
124.320 128.670
131.430 134.430
134.550 136.470
137.970 139.740
144.990 148.470
149.250 152.760
155.700 159.780
164.700 167.340
167.340 170.040
170.700 177.240
186.210 190.650
194.490 199.110
201.780 206.190
206.970 209.550
210.000 212.610
215.520 219.960
224.820 229.560
236.520 238.560
239.340 240.780
241.590 243.090
243.960 245.550
253.110 254.550
255.510 262.770
263.040 266.880
267.000 267.930
268.260 268.770
