0.000 11.610
12.000 12.600
16.050 17.910
17.910 22.140
22.650 24.660
25.800 28.800
30.060 31.650
33.720 36.900
39.270 42.630
43.770 47.400
48.990 51.090
56.460 59.280
66.000 67.950
71.280 74.430
74.490 75.750
75.750 76.680
77.790 80.550
80.640 84.270
85.440 90.810
91.950 94.530
95.640 97.830
99.000 101.430
106.680 108.000
108.060 110.700
111.720 113.430
113.430 115.200
115.200 120.540
121.620 123.600
123.690 125.940
128.340 129.960
135.720 140.190
141.330 145.950
147.150 150.450
150.450 152.700
153.900 155.490
155.490 156.690
157.800 159.300
160.230 167.220
167.220 171.030
172.230 176.100
184.710 188.880
190.170 193.200
193.350 198.900
204.000 205.830
205.830 208.380
208.380 211.710
212.850 214.920
215.250 217.500
221.910 224.280
231.330 233.220
234.240 239.130
240.150 242.310
244.440 247.320
248.340 249.360
250.410 253.140
254.190 258.750
262.560 264.300
264.300 265.290
269.850 272.010
278.280 280.530
281.700 283.560
290.160 291.510
296.760 303.570
303.570 304.530
304.680 305.220
