0.000 11.610
12.000 12.600
16.050 18.240
18.540 23.040
23.040 25.140
25.560 26.850
26.850 28.980
30.420 34.830
34.920 39.810
40.560 45.120
45.180 48.780
49.290 51.000
51.000 53.610
53.610 56.190
56.460 59.250
59.760 63.630
63.960 70.440
71.730 75.330
75.360 79.830
80.670 81.570
81.660 84.630
84.780 87.390
87.390 89.010
89.730 93.900
93.990 96.480
96.480 99.630
100.440 105.600
105.600 110.460
111.000 113.550
113.580 114.840
114.840 117.150
117.300 121.470
122.100 123.360
123.360 125.520
125.520 126.630
