0.000 11.610
12.000 12.600
16.020 16.860
16.860 18.330
18.600 19.530
19.530 22.560
22.800 26.640
26.820 29.550
29.640 32.250
33.030 34.590
35.100 39.480
39.870 42.090
42.090 43.590
43.590 44.250
44.520 47.220
47.820 50.250
50.910 55.410
56.130 57.270
57.270 59.550
59.550 62.880
62.880 64.650
64.920 66.930
67.140 68.640
68.820 70.200
70.980 72.090
72.090 76.650
76.980 81.000
81.420 82.980
84.000 88.260
88.530 92.310
92.430 95.460
96.060 98.970
98.970 101.160
101.160 102.990
103.620 107.490
107.880 109.050
109.140 111.390
112.320 116.580
117.360 119.220
119.220 121.110
121.470 123.270
123.270 125.460
125.760 129.420
130.050 134.430
134.430 136.680
136.680 141.210
141.720 144.540
144.870 149.460
149.940 150.870
150.870 155.820
156.480 157.680
157.680 159.900
159.900 161.100
