0.000 11.610
12.000 12.600
16.020 18.000
18.120 24.210
24.510 26.880
27.030 29.490
29.730 31.350
31.350 33.090
33.090 35.040
35.430 36.990
36.990 41.610
41.850 45.210
45.210 48.720
48.990 50.160
50.160 52.890
52.950 53.880
53.880 57.840
58.320 60.180
60.180 64.320
64.320 66.450
66.450 71.220
71.940 76.830
77.040 78.210
78.210 81.780
81.810 85.170
85.170 86.940
87.330 92.640
92.850 96.240
96.240 97.980
98.550 102.510
102.510 104.760
105.630 109.290
109.500 112.200
112.410 116.130
116.910 119.880
119.970 123.990
124.350 127.740
127.740 130.860
131.220 135.090
135.390 136.650
