0.240 5.670
5.670 43.410
43.410 51.750
51.750 55.530
55.860 59.310
59.310 64.980
64.980 68.010
68.340 85.800
86.430 90.960
90.990 95.910
96.000 99.300
99.750 105.090
105.090 108.570
108.660 122.250
122.490 145.410
145.710 152.940
153.180 160.410
160.500 162.600
162.600 164.550
164.550 166.680
166.800 172.170
172.260 174.510
174.510 177.510
177.510 184.920
185.220 214.020
214.050 224.670
224.670 232.170
232.170 234.600
234.660 238.440
238.590 244.290
244.350 256.140
256.260 257.640
257.640 261.660
261.720 263.970
263.970 279.120
279.120 284.220
