0.000 8.730
9.330 10.230
10.380 12.720
12.720 18.000
18.270 19.800
19.800 23.160
24.030 26.520
26.520 34.230
34.860 54.240
54.240 58.440
60.090 62.160
62.160 65.190
65.640 66.240
66.990 68.670
68.670 73.020
73.170 73.770
75.060 75.750
75.750 79.200
79.200 87.570
89.220 97.230
97.260 100.440
102.000 102.870
104.130 104.940
105.090 106.950
108.690 109.350
109.410 113.100
113.580 115.980
115.980 119.940
120.210 124.770
124.770 126.360
126.780 129.210
129.210 130.740
131.100 135.030
135.300 153.900
