0.030 9.180
9.360 10.920
10.920 17.130
17.340 22.140
22.890 24.420
24.720 25.320
25.650 26.250
26.340 48.090
48.120 49.920
50.130 52.140
52.350 53.340
53.340 54.060
54.150 57.510
57.510 60.030
60.030 63.000
63.000 65.370
65.370 68.520
68.520 70.770
71.400 76.920
76.920 82.440
83.010 89.400
90.060 93.570
93.570 99.330
99.330 102.450
104.130 111.420
112.230 116.190
116.190 119.670
121.230 129.150
130.530 136.260
136.260 137.970
138.930 145.380
145.740 149.940
149.940 153.210
154.350 157.920
157.920 163.020
163.110 169.230
170.760 177.480
178.140 185.280
186.150 191.130
191.130 193.440
193.800 204.150
204.840 210.090
210.120 211.860
213.330 216.780
216.780 219.690
219.690 222.660
222.660 225.390
225.390 226.770
227.550 235.980
