0.000 9.150
9.330 13.350
13.350 15.420
15.420 29.970
30.270 38.730
39.390 48.990
49.560 62.190
62.190 77.430
77.970 84.210
84.210 92.220
92.910 106.320
106.320 107.310
107.820 113.880
113.880 120.660
120.660 127.650
128.640 137.040
137.850 147.690
147.690 156.390
156.390 164.910
164.910 169.440
169.770 177.960
177.960 181.080
181.140 194.430
194.790 195.390
196.290 212.460
212.460 223.620
223.830 229.440
229.440 236.100
236.100 245.190
246.390 261.870
262.290 267.960
267.960 275.130
276.450 286.530
286.530 300.240
300.240 312.420
312.870 329.250
330.450 335.190
335.700 340.950
340.950 345.510
345.870 349.470
349.470 360.390
360.720 370.260
370.260 377.880
377.970 387.360
387.360 391.860
391.860 398.010
398.370 407.400
407.610 413.370
413.370 418.230
418.410 429.510
429.780 438.840
439.170 447.660
