0.540 8.970
9.210 9.810
10.350 23.100
23.100 36.390
37.320 37.920
38.100 39.120
39.120 47.310
47.310 48.300
48.300 56.760
56.760 58.260
58.260 60.150
61.680 69.240
71.670 80.520
81.270 85.710
87.510 91.410
91.620 92.220
92.820 99.150
99.150 102.360
106.080 116.790
118.230 132.000
133.470 134.100
136.680 145.950
148.920 149.520
149.880 164.130
165.300 170.400
172.860 184.770
184.770 187.980
188.580 189.420
190.590 201.090
202.500 218.670
218.670 219.720
221.490 224.250
224.250 234.900
236.070 236.790
237.210 246.720
247.260 253.830
253.830 258.750
260.340 267.420
267.450 275.280
275.790 276.390
276.450 282.570
284.250 286.230
286.380 290.760
290.760 296.700
297.060 299.700
299.880 304.230
305.430 313.950
313.950 319.170
319.440 322.140
322.470 323.070
324.000 325.230
325.380 328.230
328.470 338.220
340.200 341.400
341.430 347.610
347.610 349.830
349.830 357.330
358.620 359.850
359.910 361.320
361.320 364.500
364.560 365.760
365.760 368.490
368.490 370.260
370.350 377.520
378.900 380.490
380.760 382.110
382.110 391.110
391.140 393.510
393.510 401.430
401.430 404.100
404.160 404.760
405.960 408.360
408.420 412.290
412.290 415.140
415.590 420.300
420.300 420.900
421.350 432.300
432.480 435.990
435.990 437.820
440.100 442.050
442.260 443.220
443.220 452.790
454.380 465.630
465.630 468.630
470.910 482.460
483.540 494.160
494.580 511.770
512.670 526.920
527.550 534.660
536.400 549.930
552.150 566.910
569.400 573.570
574.380 582.210
584.670 590.040
591.000 603.840
607.290 620.580
621.300 627.000
627.210 628.170
628.590 637.050
