0.030 9.180
9.360 9.960
9.960 28.380
28.380 33.810
33.900 45.900
45.930 58.260
59.100 70.770
70.800 77.280
77.370 84.600
84.600 89.190
89.910 96.510
96.510 102.900
102.990 118.530
119.580 122.610
122.610 126.270
126.390 131.250
131.580 134.100
134.130 136.650
137.130 140.820
141.450 142.740
143.940 156.060
156.870 159.900
159.900 161.490
173.340 173.940
174.330 180.840
180.960 183.390
183.390 186.150
189.420 190.050
191.490 193.020
193.020 196.080
196.470 200.400
200.400 201.840
202.680 203.790
207.600 210.090
221.520 222.450
223.170 223.770
223.890 231.390
232.590 234.600
234.840 235.620
235.620 238.050
238.050 252.090
252.750 260.610
260.640 266.730
266.940 288.060
288.090 295.170
295.230 301.020
301.020 308.850
309.240 310.020
310.140 318.270
318.270 336.180
336.180 352.890
353.580 360.030
360.090 362.130
362.640 394.800
394.800 413.640
414.180 426.480
428.700 430.740
431.070 431.670
431.700 441.420
442.530 453.780
453.780 461.310
461.310 480.030
480.030 481.410
481.410 487.710
487.920 499.200
499.650 502.230
502.260 507.630
507.840 521.490
521.820 529.110
529.110 539.790
539.790 545.520
545.520 557.670
558.060 566.640
