0.000 9.150
9.330 9.930
10.140 23.310
23.700 27.570
27.810 35.670
35.700 44.850
44.850 50.820
50.850 52.980
52.980 59.940
60.600 68.880
68.910 70.950
70.950 74.250
74.250 79.950
80.340 87.930
87.930 94.620
94.650 96.330
96.330 105.480
105.690 110.280
110.760 115.410
115.410 117.270
117.420 128.070
128.070 129.270
129.270 136.110
136.560 140.430
140.430 154.560
154.560 157.980
157.980 160.830
160.830 166.980
166.980 178.710
178.710 185.490
185.610 195.180
195.450 198.480
198.480 202.080
202.080 210.240
210.660 212.010
212.010 218.130
218.130 222.330
222.330 225.630
225.630 235.830
235.950 240.720
240.720 246.570
246.570 251.370
251.580 255.930
255.930 261.030
261.030 266.400
266.520 270.180
270.930 280.140
280.620 281.400
281.400 290.580
290.580 300.450
300.540 309.090
309.180 317.310
317.340 324.420
325.020 335.460
335.460 347.790
348.000 348.600
348.930 357.000
357.270 361.710
361.710 367.590
367.620 375.390
375.390 380.670
380.880 387.000
387.330 403.740
404.070 416.490
416.520 420.960
421.590 434.760
435.120 441.420
441.480 446.070
446.190 455.790
455.790 464.430
464.760 469.980
469.980 477.360
477.360 479.490
479.490 488.220
488.340 498.150
498.240 499.410
499.410 504.150
504.150 512.430
512.820 522.900
522.900 528.900
528.900 536.370
536.880 545.100
545.100 548.400
548.820 557.850
557.850 560.250
560.730 561.390
561.390 565.680
565.680 575.910
575.970 584.760
584.760 592.290
592.290 601.020
601.110 608.010
608.550 619.020
619.050 628.980
629.580 641.100
641.100 648.990
648.990 651.900
651.900 660.300
