0.000 9.120
9.330 9.930
10.350 11.610
11.610 13.950
13.950 20.790
20.790 24.660
25.410 31.740
32.040 39.840
40.620 41.520
41.520 51.480
52.440 57.300
57.720 64.620
66.150 69.420
69.420 70.770
70.890 75.330
75.630 78.090
78.090 80.820
81.210 83.820
83.820 86.430
86.610 93.510
94.380 99.450
99.750 102.240
102.240 106.650
106.830 113.070
114.270 120.750
121.470 126.180
126.180 127.800
128.730 134.250
134.490 141.150
141.570 148.770
148.770 151.710
152.580 154.650
154.650 157.470
157.800 158.970
158.970 164.310
164.370 168.330
169.890 177.660
177.720 182.400
183.510 188.610
189.000 192.360
193.080 195.180
195.180 197.190
197.790 202.320
202.980 205.410
205.470 210.570
211.200 221.250
222.270 223.290
223.290 227.370
227.370 232.320
232.320 237.330
237.930 238.920
238.920 246.840
246.870 253.050
254.070 260.520
260.520 268.440
268.440 272.040
272.910 276.300
276.630 277.920
277.920 279.960
279.960 288.720
288.960 296.160
296.160 298.920
299.730 304.620
304.770 308.940
309.390 314.460
315.180 320.460
320.670 325.350
325.350 329.070
330.960 338.370
338.370 344.730
344.880 346.890
347.130 352.650
353.130 357.690
357.690 362.250
362.850 370.980
371.430 374.010
376.620 380.280
380.280 382.680
383.400 392.940
393.870 395.610
395.610 398.490
398.490 408.060
410.370 416.340
416.340 417.600
417.720 418.920
419.670 422.370
422.370 429.270
429.270 439.500
439.650 442.800
442.800 450.840
451.170 451.770
451.770 455.820
455.820 456.930
457.110 466.590
467.370 472.680
473.370 486.030
486.210 486.810
486.930 494.010
494.010 499.410
499.590 503.310
504.570 506.130
506.640 514.590
514.590 521.550
521.910 523.590
523.800 526.830
526.830 527.430
527.550 533.370
534.660 535.380
535.500 543.570
543.810 553.020
553.110 558.810
559.170 559.770
559.770 568.620
569.070 570.540
571.350 581.130
581.460 589.470
589.890 590.520
590.640 595.920
595.920 598.230
598.890 606.510
606.510 610.110
610.260 616.050
616.050 617.880
617.880 620.520
620.880 622.830
622.830 628.590
628.590 631.860
632.490 635.790
635.790 642.210
642.270 648.630
648.630 652.740
652.860 653.460
654.390 658.410
658.410 662.400
662.430 665.670
665.700 668.100
668.370 672.420
672.660 679.500
680.640 685.740
685.770 691.410
691.770 697.710
697.950 702.300
702.570 710.130
710.820 715.200
716.040 728.340
729.870 735.720
736.230 742.710
742.710 746.430
747.210 752.820
753.300 759.360
759.360 764.490
765.420 768.360
768.360 769.560
770.310 771.630
771.630 773.760
773.760 776.610
778.530 783.300
783.300 788.790
790.410 795.600
795.600 799.380
801.150 804.210
804.210 806.640
808.080 811.500
811.500 818.550
818.700 824.070
825.150 828.570
828.570 835.380
835.770 836.370
836.430 851.310
852.390 859.740
859.740 861.960
862.710 867.300
867.300 871.320
871.710 876.390
877.380 884.190
884.190 886.980
887.190 891.480
892.050 895.470
895.470 897.750
898.380 904.320
904.320 908.970
909.120 912.030
913.260 921.840
923.280 929.640
929.640 935.100
935.610 944.670
945.930 948.480
948.480 956.520
957.030 964.980
965.130 969.150
969.150 972.090
972.090 978.300
979.050 993.510
994.170 1002.630
