0.000 9.060
9.060 10.290
10.320 13.350
13.350 19.380
19.380 21.000
21.150 25.230
25.830 34.350
34.770 38.940
38.940 40.890
40.890 43.380
43.380 45.720
46.350 49.200
49.230 51.660
51.660 53.520
54.000 57.540
57.570 59.400
59.460 62.790
62.790 64.050
64.830 67.380
67.380 71.880
72.420 74.880
74.880 77.220
77.220 79.920
79.920 81.810
82.620 87.420
87.420 90.480
91.530 93.840
93.870 97.080
97.080 99.720
99.720 103.860
104.610 107.970
107.970 109.860
109.950 115.890
116.490 119.160
119.160 120.750
120.750 121.500
121.500 125.850
125.850 128.850
129.660 131.640
131.640 132.450
134.130 135.000
135.120 136.560
136.560 137.280
137.280 141.540
141.570 146.820
147.240 152.940
152.940 156.120
156.600 161.340
161.700 166.140
166.140 167.760
168.030 174.120
174.120 175.050
175.050 178.200
178.200 181.290
181.290 186.870
187.500 192.600
192.630 194.670
195.180 201.630
202.770 206.040
206.040 209.460
209.850 215.850
215.970 219.570
220.770 225.420
225.570 231.150
232.290 233.610
233.610 235.980
236.010 241.950
242.880 243.840
243.840 245.700
245.700 249.870
249.900 251.190
251.190 253.950
254.760 262.080
263.190 267.630
268.650 271.320
271.920 272.970
273.180 275.250
275.250 277.560
277.560 279.840
279.900 282.600
284.100 288.150
288.180 289.050
289.050 290.580
290.970 292.560
293.220 296.490
297.720 302.730
302.730 303.450
303.450 308.520
309.420 312.960
313.770 314.670
314.790 318.090
318.090 320.010
320.370 324.840
325.740 329.520
329.520 333.390
333.930 342.360
342.570 345.900
345.900 347.790
350.400 353.310
353.310 354.630
354.630 357.630
357.660 365.940
367.500 371.340
371.340 375.840
376.170 380.340
380.970 388.260
388.350 393.690
395.220 402.930
402.930 405.510
406.560 409.110
409.110 415.650
416.790 424.320
424.500 428.640
429.030 432.840
432.870 435.240
435.990 436.590
437.250 443.310
443.520 446.490
447.300 450.120
450.120 451.590
451.590 456.390
456.690 461.220
461.430 464.610
464.790 468.840
470.070 474.360
475.740 476.640
476.640 480.060
480.180 483.300
483.300 487.110
487.620 494.250
494.310 497.460
498.060 503.790
503.880 506.850
506.880 508.260
510.510 516.810
516.810 520.800
521.460 522.840
522.840 525.660
525.870 532.530
533.400 534.840
534.840 541.020
541.200 550.380
552.180 555.840
557.370 558.300
558.300 561.780
561.780 569.430
569.460 573.810
574.200 582.780
