0.030 19.440
19.890 20.970
20.970 26.100
26.190 30.150
31.200 35.640
35.760 37.500
37.530 42.810
43.650 46.830
46.860 52.200
52.770 57.900
57.900 59.520
59.850 62.310
62.790 65.340
65.340 66.360
67.350 71.940
72.840 77.730
77.730 79.800
79.830 81.480
81.780 84.360
84.870 88.680
89.820 94.140
94.530 97.800
97.830 101.820
101.820 103.470
103.470 106.590
107.310 108.660
108.660 111.480
111.480 113.490
113.490 116.160
116.220 120.180
120.510 124.530
124.530 126.900
127.080 131.250
131.310 133.290
133.290 134.910
135.330 139.860
139.890 145.350
145.350 148.500
149.190 152.400
152.400 158.340
158.340 160.050
160.350 166.080
166.230 172.200
172.800 182.520
182.550 185.580
186.900 191.340
191.370 196.890
