0.000 6.360
6.510 8.070
8.070 12.990
13.080 15.690
16.140 18.090
18.150 21.510
21.780 23.400
23.400 28.290
28.380 34.620
35.130 39.150
40.020 43.950
43.950 47.280
47.280 51.120
51.720 55.260
55.260 59.460
59.730 64.260
64.350 68.940
69.240 71.340
73.110 77.280
77.280 88.890
88.890 94.020
94.020 96.930
98.160 103.680
103.740 105.690
105.690 107.820
108.000 111.540
112.080 118.440
122.190 140.130
140.340 148.950
148.950 150.900
151.380 152.460
152.460 161.850
162.180 169.800
175.260 180.480
180.480 183.630
183.960 187.200
187.200 190.440
190.890 194.130
194.160 199.080
199.080 203.280
203.280 207.120
207.900 213.210
213.240 216.360
217.290 222.870
222.990 230.940
231.480 238.110
238.320 242.940
242.940 247.860
247.860 252.750
255.480 260.520
260.520 263.520
263.550 267.210
267.270 268.200
268.380 272.370
272.370 276.000
276.000 279.510
279.600 283.560
283.980 285.150
285.150 288.090
288.090 292.080
292.080 295.050
295.050 298.110
298.350 305.820
305.940 310.050
310.050 317.130
317.700 320.490
320.490 329.190
329.730 337.080
337.560 341.370
341.370 343.740
344.880 353.550
353.550 358.080
358.080 362.040
362.790 366.720
366.720 369.300
369.390 373.230
373.350 377.400
377.790 378.600
378.750 381.930
382.230 383.220
383.220 387.000
387.060 388.950
388.950 394.890
396.630 399.540
399.540 404.010
404.040 408.210
408.240 413.880
414.270 416.880
416.940 420.960
421.140 424.560
424.680 431.850
432.450 436.050
436.170 441.930
442.020 445.530
446.160 452.160
452.160 454.980
455.310 458.430
458.430 460.260
460.260 461.910
462.330 466.740
466.860 469.740
469.740 474.000
474.000 477.960
478.950 479.550
479.730 485.460
485.790 487.800
487.800 493.590
493.590 497.580
498.390 504.870
504.870 510.180
510.270 513.750
515.520 519.630
519.690 528.450
528.810 530.430
531.150 538.170
538.170 539.640
539.640 544.200
544.200 547.500
547.500 550.020
550.650 553.740
553.890 554.910
554.940 558.450
558.450 561.090
561.210 564.540
565.050 567.330
567.450 571.350
571.350 573.960
574.020 576.000
576.870 580.050
580.740 584.700
585.120 588.630
588.630 591.300
591.840 592.800
593.130 596.580
596.610 603.900
604.560 608.580
608.610 612.330
612.480 613.380
613.380 617.580
618.540 623.520
626.010 630.930
630.930 633.150
633.180 634.740
634.890 639.300
639.480 640.710
640.710 645.660
646.110 647.010
647.520 648.750
648.750 650.730
650.760 654.810
654.840 656.910
657.060 663.750
663.990 666.420
666.750 670.620
670.710 673.890
673.980 678.180
678.870 685.020
685.290 690.390
690.870 695.580
695.580 700.530
700.530 703.380
703.410 706.500
706.950 711.540
711.540 715.950
716.340 723.330
723.690 730.350
730.860 731.850
732.300 742.230
742.230 744.390
744.780 750.540
750.540 754.020
754.020 757.620
757.980 760.980
760.980 763.440
763.740 767.520
767.520 771.390
771.420 773.550
774.480 780.660
780.660 783.390
783.540 786.510
786.960 793.200
793.590 800.760
801.150 802.770
802.770 807.480
807.480 812.010
812.250 816.720
