0.690 11.130
11.640 28.080
28.230 34.860
34.920 46.290
47.010 51.600
51.600 53.670
53.670 60.120
60.120 61.260
61.350 62.100
62.460 66.450
66.690 73.950
73.950 81.210
81.210 83.670
86.070 92.340
92.340 99.780
99.930 103.530
106.230 108.840
108.840 112.590
113.070 118.740
118.740 120.390
123.750 129.810
132.540 140.040
140.160 150.720
150.870 151.470
154.230 160.200
160.200 165.060
165.180 178.950
178.950 179.910
180.180 182.430
182.580 197.460
197.760 208.770
210.330 216.390
216.420 222.750
223.740 231.450
231.450 240.630
240.630 246.390
246.600 253.170
253.170 258.480
