0.240 18.750
18.750 22.740
23.100 37.740
37.740 47.640
47.910 48.570
48.960 60.990
61.140 63.480
63.600 64.470
66.510 84.300
84.600 85.590
85.590 89.850
89.850 95.790
95.880 99.780
99.810 106.470
107.220 116.490
116.730 130.920
131.160 138.570
138.570 148.020
148.170 159.150
159.150 180.300
180.420 182.070
182.220 191.040
191.040 200.460
200.460 211.500
212.460 218.460
218.460 240.060
240.240 244.440
244.440 246.060
246.360 253.200
253.200 256.740
256.950 262.890
263.100 263.700
263.700 280.830
280.890 290.580
290.670 296.340
296.340 309.000
309.000 315.570
315.600 321.840
321.840 322.530
322.740 328.740
329.970 335.490
335.730 341.790
342.420 349.560
349.560 355.440
355.470 356.280
358.830 391.680
391.680 411.210
411.210 424.470
