0.120 7.020
8.100 13.470
13.470 16.950
17.040 20.370
20.910 27.720
27.720 31.260
31.260 34.590
35.040 36.690
36.690 43.110
43.140 49.620
49.920 54.780
54.780 58.860
59.310 67.110
67.620 72.270
72.300 74.940
74.940 76.830
77.460 79.920
79.920 82.440
82.440 91.740
92.790 102.300
102.390 112.170
112.200 117.300
118.620 124.470
124.470 131.910
132.030 136.560
136.560 138.870
138.870 143.580
144.780 146.070
146.310 153.450
153.450 158.220
158.520 161.220
161.370 164.250
164.250 169.560
169.560 174.870
174.870 176.550
176.820 182.160
182.190 186.990
187.110 193.440
194.520 198.450
198.600 202.680
202.710 206.850
206.850 214.950
216.450 222.420
222.420 231.510
232.140 243.330
243.330 245.190
245.610 258.360
259.200 262.650
263.700 268.920
269.460 275.820
