1.200 11.610
11.910 18.330
19.140 23.430
23.760 27.480
27.870 30.390
30.600 35.220
35.940 37.020
37.020 42.810
42.810 49.020
49.020 54.480
54.870 58.800
58.980 60.930
61.140 64.920
65.010 71.490
71.970 76.230
76.230 78.120
78.120 83.520
84.300 88.950
88.980 92.490
92.520 96.960
96.960 98.820
98.970 100.710
101.640 106.680
106.770 109.410
109.590 111.990
112.920 116.220
116.220 119.430
119.610 123.450
123.630 128.040
128.250 130.050
130.050 134.430
135.330 141.210
141.210 143.100
143.100 145.560
145.560 149.760
150.750 156.810
156.810 158.670
162.090 166.830
166.830 168.870
168.870 170.790
170.790 172.800
172.800 175.770
177.270 179.250
179.250 185.820
186.030 189.900
191.820 199.350
199.410 204.720
204.720 206.670
207.660 217.590
219.960 225.000
225.510 228.090
228.180 229.380
229.380 235.740
235.950 240.960
241.470 249.060
249.180 250.440
250.440 256.500
256.530 261.810
262.560 263.790
263.790 265.950
266.220 270.000
270.120 275.940
276.780 281.940
283.140 293.130
293.130 298.620
300.060 304.110
304.110 311.340
311.940 317.670
317.670 324.240
324.720 331.740
331.740 337.950
