0.600 9.930
11.580 17.580
17.610 19.440
24.300 27.990
28.020 32.160
32.160 37.290
37.860 42.630
42.690 49.590
49.950 63.750
65.760 69.720
69.720 71.760
71.760 74.520
74.610 75.540
76.800 82.380
82.650 86.580
86.580 90.360
95.460 100.470
104.700 106.050
106.050 110.550
110.550 114.390
114.720 117.570
120.660 126.630
126.840 131.580
131.640 135.570
135.870 137.910
138.150 140.430
140.520 145.830
146.040 146.970
147.690 148.860
148.860 154.920
156.000 160.860
160.860 162.780
163.680 176.220
176.760 180.870
181.230 188.310
188.310 191.160
192.180 195.360
195.630 204.180
204.180 205.350
205.350 211.980
212.520 214.170
214.170 217.140
217.140 218.040
218.040 220.200
220.860 222.390
222.390 224.520
224.730 227.550
227.550 230.040
230.280 232.830
232.920 235.980
237.900 239.370
239.370 245.880
246.090 253.020
253.140 257.610
257.610 259.830
259.830 269.640
270.540 271.920
272.160 277.620
277.860 281.550
282.180 287.010
287.130 293.010
293.010 295.590
296.070 304.050
304.140 306.720
306.720 308.400
