0.000 1.020
1.020 8.760
8.760 17.010
17.580 21.600
21.660 29.250
30.120 35.160
35.160 37.080
41.790 45.960
45.960 48.870
48.930 53.130
53.280 55.740
56.100 58.380
58.380 61.350
62.460 69.120
69.150 72.870
73.020 74.820
75.060 78.960
78.990 80.190
80.190 82.350
83.520 84.780
84.780 90.390
90.600 93.870
93.870 94.590
94.830 96.720
96.990 101.700
102.390 107.790
107.790 111.420
112.080 118.350
118.350 122.340
122.550 124.320
124.320 128.340
130.800 136.260
136.260 139.080
139.170 142.890
143.610 149.790
149.790 158.430
159.000 163.650
163.650 172.320
172.920 181.230
181.230 182.670
182.670 189.210
