1.110 2.220
2.220 9.240
9.240 10.980
10.980 13.170
13.380 20.430
20.430 24.330
24.330 25.950
26.220 32.940
33.330 41.130
41.130 43.950
44.490 49.350
49.380 52.050
53.640 58.860
58.920 64.140
64.860 77.520
77.820 83.490
83.490 85.500
86.430 93.210
93.210 95.310
96.690 102.090
102.780 106.470
106.470 108.960
108.990 113.820
113.850 116.880
116.880 120.510
120.540 125.670
127.470 132.030
132.060 135.810
135.990 148.020
148.410 152.190
152.280 153.930
153.930 158.880
158.880 163.650
163.650 165.660
166.560 170.370
170.370 175.500
175.770 179.850
179.850 182.940
183.720 189.330
189.330 192.270
192.390 194.040
194.040 201.060
