0.750 1.740
1.770 9.000
9.150 12.330
12.630 19.230
19.260 22.500
23.670 25.140
25.140 32.040
32.100 35.640
35.640 36.780
38.700 41.670
41.670 42.990
43.020 50.400
50.940 51.540
52.650 60.450
60.450 62.070
63.750 68.820
69.000 77.640
78.600 81.150
81.150 83.640
83.640 88.500
88.860 93.840
93.840 100.290
100.680 105.150
105.150 112.380
112.950 117.750
117.750 122.610
122.610 125.700
125.700 128.100
130.020 136.890
137.430 138.660
138.660 141.630
141.660 145.290
145.350 146.400
146.400 147.540
147.570 151.740
152.310 156.270
156.270 157.740
157.740 161.190
161.190 162.720
162.720 166.410
166.410 168.420
169.020 174.150
174.840 179.340
179.340 181.650
181.650 185.820
186.300 191.130
191.130 193.410
193.410 196.170
196.170 200.700
201.090 202.260
202.260 205.380
205.380 209.790
210.210 214.080
214.110 216.540
216.750 220.740
221.070 230.970
230.970 232.590
232.620 234.090
234.210 237.420
237.750 239.310
