0.720 1.770
1.890 5.280
5.280 9.360
9.360 18.690
19.320 26.610
26.760 28.500
28.650 31.680
32.520 35.490
35.490 41.730
41.730 45.420
46.140 48.210
48.210 55.890
56.040 59.970
60.330 63.750
64.350 69.420
69.420 72.390
72.390 80.880
80.880 83.310
83.310 85.170
85.170 87.840
87.840 90.270
90.270 94.770
95.490 103.200
103.380 109.800
109.800 113.190
113.220 121.320
122.520 126.900
126.900 134.190
134.250 135.150
136.710 143.280
143.820 146.100
146.400 151.980
151.980 157.620
157.800 160.200
160.200 167.190
167.490 173.010
173.010 177.000
177.000 179.670
180.450 185.610
185.610 194.280
194.850 195.450
196.110 198.180
198.180 207.630
208.530 217.200
217.200 219.330
220.440 223.770
223.770 227.640
227.640 233.010
234.030 239.250
239.250 245.670
