0.270 1.170
1.410 7.830
8.160 11.370
12.000 12.930
12.930 16.440
18.810 24.240
24.240 27.000
27.480 32.580
32.760 35.910
35.910 38.460
38.700 42.720
42.720 46.980
47.370 50.550
50.550 54.750
54.750 57.210
57.750 59.190
59.190 64.170
64.410 70.290
71.490 72.750
72.750 75.120
75.120 80.490
80.520 86.790
86.790 90.000
90.270 96.390
96.420 101.640
101.640 106.200
106.410 107.550
107.550 109.680
109.740 115.890
116.160 120.420
120.420 122.880
123.180 128.100
128.100 135.360
135.360 136.770
137.010 137.910
137.910 143.550
144.690 146.100
146.100 150.300
150.300 156.060
156.120 160.770
160.770 163.380
163.980 171.120
171.270 174.630
175.470 178.680
178.890 182.130
182.400 186.120
186.120 189.840
189.900 197.580
198.450 204.060
204.060 206.550
207.540 210.840
210.840 213.930
213.930 215.580
216.570 223.560
223.680 227.520
228.450 229.770
229.830 233.820
233.820 236.070
236.070 238.050
238.200 244.470
