0.000 10.200
10.620 14.850
14.850 19.110
19.470 20.880
20.910 25.050
25.050 28.410
28.410 34.890
35.310 39.840
40.500 48.210
48.450 51.300
51.300 53.010
53.310 59.430
59.970 63.180
63.240 66.690
66.720 75.630
75.690 79.860
80.310 84.930
85.140 88.020
88.020 91.290
91.560 98.100
98.640 103.110
103.110 105.300
105.360 107.850
108.360 113.790
114.180 116.100
116.100 117.690
118.560 121.650
121.650 125.820
125.940 130.980
131.520 135.570
136.320 145.530
145.530 150.780
151.140 154.860
154.980 159.330
160.080 161.520
161.520 164.130
164.130 167.400
167.520 170.160
170.160 171.480
171.480 175.890
175.950 177.750
178.230 183.720
183.720 186.510
186.510 187.890
187.890 190.020
190.020 193.560
194.220 199.110
199.200 201.540
201.750 202.920
202.920 207.060
207.840 209.190
209.190 211.500
211.500 213.540
213.810 219.480
220.050 227.490
228.150 234.030
234.030 235.830
235.830 237.420
237.840 246.510
246.720 251.220
251.220 255.570
