0.420 1.590
1.590 7.560
7.890 11.400
11.430 18.720
19.320 23.160
23.370 33.150
33.900 41.490
42.270 48.480
48.750 54.750
54.750 57.540
57.570 58.770
58.920 63.990
64.500 70.470
70.470 74.700
74.700 77.640
77.970 81.300
81.300 85.800
86.010 89.400
89.640 95.910
95.910 101.610
101.640 106.530
106.530 111.750
112.230 120.960
121.200 123.840
125.010 131.700
131.730 135.450
135.480 140.610
141.510 149.790
149.790 152.010
152.190 156.930
157.200 167.370
167.400 170.670
170.820 180.150
180.180 186.330
186.330 190.320
190.410 191.580
191.940 196.590
197.280 198.600
198.600 205.560
205.710 208.770
209.940 234.180
234.360 239.280
239.520 244.650
244.740 248.460
248.460 252.840
252.840 255.030
255.060 262.800
262.860 267.870
268.200 274.920
