0.000 1.530
1.650 7.710
8.340 15.000
15.090 17.940
18.960 24.210
24.450 30.030
30.450 36.570
36.930 44.580
44.580 46.680
46.680 48.540
48.540 52.740
53.640 59.130
59.130 60.180
60.180 64.230
65.310 69.000
69.000 71.490
72.000 73.170
73.170 75.210
75.210 78.750
81.240 88.350
88.350 92.160
92.160 94.380
94.380 98.250
99.060 102.210
102.210 103.740
103.740 112.500
113.250 116.040
116.040 118.860
118.860 122.970
124.860 129.090
129.180 136.830
137.160 138.210
138.210 141.900
142.230 145.710
145.710 149.250
149.370 153.450
154.350 161.370
161.460 164.010
164.550 172.590
172.770 179.910
179.910 180.690
180.930 182.970
