0.030 19.440
19.590 24.690
24.900 28.560
28.560 31.350
31.350 34.410
34.650 36.090
36.090 41.550
41.700 45.540
45.990 50.160
50.160 53.280
53.280 56.340
56.730 58.260
58.260 63.480
63.510 66.600
66.990 68.760
68.760 70.380
70.410 75.420
75.450 80.220
80.220 84.960
84.960 88.530
88.530 90.060
91.410 94.560
94.560 95.730
95.730 98.190
98.190 102.390
103.020 111.780
111.780 115.800
116.130 117.360
117.360 120.390
120.390 125.640
126.000 128.310
128.580 133.320
133.320 136.770
136.770 141.840
141.840 146.310
146.790 149.190
149.190 152.310
152.310 154.470
154.470 157.080
157.260 160.440
160.770 166.320
166.320 169.530
171.480 178.380
178.380 180.510
180.570 181.620
183.030 190.110
190.680 195.750
195.750 198.450
198.450 203.010
203.040 206.340
206.760 211.320
212.160 215.430
216.300 221.880
222.000 223.050
223.050 228.480
228.480 232.200
232.920 238.170
238.170 241.590
241.590 248.100
248.610 254.940
255.210 258.270
258.270 261.990
262.050 265.440
266.880 272.520
