1.470 2.520
2.520 9.240
9.390 12.600
12.960 14.640
14.700 17.670
17.670 22.800
22.890 26.550
26.580 27.780
27.900 31.770
31.770 33.720
34.320 38.310
38.310 42.270
42.390 43.470
43.470 45.240
45.300 48.960
49.140 57.960
57.960 62.040
62.430 63.720
63.720 66.630
66.690 73.140
74.310 77.220
77.340 81.390
81.390 82.380
82.380 92.370
92.790 98.400
99.150 101.700
101.700 109.740
110.040 113.160
113.250 118.950
119.010 122.580
123.330 130.890
130.890 133.110
133.110 134.130
134.130 136.800
136.800 141.870
141.930 148.080
148.080 150.660
150.900 154.860
154.920 157.980
158.190 161.880
161.880 164.940
166.830 171.330
171.540 177.000
177.210 181.860
181.860 183.390
183.390 187.380
187.800 193.350
193.380 197.340
197.340 203.670
205.050 210.780
210.960 211.980
211.980 216.960
216.960 218.760
219.720 225.090
225.090 228.330
228.450 231.540
231.540 234.840
235.020 237.720
237.720 242.160
242.250 245.340
245.700 251.280
251.280 255.630
255.840 257.310
257.370 264.210
