0.990 2.070
2.100 7.140
7.140 10.380
11.340 16.860
16.860 21.480
21.480 25.140
25.200 28.290
29.190 35.550
35.850 42.750
42.750 50.430
51.060 52.320
52.320 58.230
58.230 62.550
62.850 64.530
64.710 68.010
68.070 73.020
73.020 75.660
76.020 80.700
80.700 85.230
85.830 90.720
90.720 96.690
97.380 103.500
103.500 106.470
107.460 113.550
113.550 116.490
116.880 123.540
123.960 128.760
129.420 134.820
136.830 138.210
138.210 143.100
143.100 146.580
146.580 150.660
150.990 157.020
157.080 161.340
161.460 165.150
166.080 170.190
170.190 173.580
173.580 175.920
175.920 178.440
178.770 179.970
180.000 184.470
186.390 192.210
192.210 193.950
193.950 195.810
195.810 198.960
198.960 200.280
200.280 205.380
205.410 209.580
209.730 216.210
216.510 220.770
220.770 226.200
228.150 237.450
237.450 239.460
240.120 245.100
245.370 251.160
251.160 254.130
254.310 255.900
255.900 259.080
