0.840 1.890
2.400 6.060
6.060 11.790
12.600 17.160
17.160 19.680
20.160 25.230
25.260 27.630
27.630 32.250
33.300 36.570
36.660 40.020
40.020 41.160
41.550 46.320
46.650 51.120
51.120 53.850
54.780 57.390
57.570 63.540
64.230 67.800
67.800 69.690
69.690 70.620
71.250 75.720
75.780 80.250
80.400 83.550
84.420 87.390
87.390 93.420
94.110 98.880
98.910 100.980
100.980 106.380
106.380 109.320
109.320 110.730
110.850 117.030
117.030 119.820
119.820 124.260
124.260 129.210
129.360 130.890
130.890 135.300
135.540 136.560
136.560 140.490
140.640 142.530
142.680 147.690
148.530 149.760
149.760 151.170
151.170 160.050
160.410 163.320
163.440 165.570
165.570 169.170
169.170 173.940
174.420 183.660
183.750 189.990
190.530 192.990
193.350 198.990
199.050 201.180
201.180 205.800
205.800 209.460
209.460 214.890
215.310 218.220
218.220 222.750
223.170 224.400
224.460 226.950
227.280 229.890
229.920 231.720
231.720 233.880
233.940 235.650
235.680 238.350
238.650 240.960
240.960 245.520
246.750 247.950
247.950 255.570
255.690 257.430
258.450 265.320
265.770 275.910
276.360 284.550
284.550 286.140
286.140 289.050
