1.020 2.040
2.280 8.130
8.130 9.390
9.660 12.210
12.210 17.460
17.850 25.050
25.050 35.490
36.240 42.390
42.390 45.300
46.560 56.520
56.520 62.880
63.180 70.470
70.530 76.650
77.910 82.770
82.920 85.920
85.950 92.790
93.300 99.180
99.300 105.300
106.080 112.050
112.050 119.220
120.960 128.820
128.970 133.500
133.500 142.260
142.260 147.570
147.750 162.270
162.660 176.790
176.940 185.400
185.400 189.540
189.870 196.740
196.800 199.770
200.370 207.480
208.470 211.320
211.320 214.950
214.950 223.290
223.290 225.930
225.930 230.760
231.210 236.100
236.100 240.960
240.960 243.240
243.240 248.280
249.300 259.110
259.380 270.150
270.390 285.870
286.530 297.510
297.720 306.630
307.050 315.300
317.250 329.550
329.970 337.350
337.470 343.440
345.930 358.980
