1.140 5.460
5.460 10.470
10.500 15.570
15.870 21.690
22.560 24.120
24.300 27.600
27.870 30.690
30.750 35.760
36.780 39.570
39.570 42.720
42.720 45.690
46.050 48.000
48.150 53.880
55.080 63.810
64.020 73.560
74.850 80.730
80.730 85.020
85.200 89.550
89.550 94.620
94.740 102.120
103.500 108.780
108.780 113.040
113.040 117.870
117.900 126.330
126.330 128.010
129.120 139.230
139.230 140.220
140.220 144.510
144.510 153.030
153.030 156.000
157.170 162.240
162.240 167.250
167.520 170.340
170.340 174.030
174.030 179.460
179.460 182.160
182.700 183.720
185.790 193.050
193.050 196.620
196.620 200.430
200.610 210.030
210.030 213.630
215.340 217.380
217.410 220.770
220.800 226.380
226.380 229.170
229.170 231.960
232.020 234.720
235.680 242.070
242.220 248.790
249.660 262.500
264.300 278.550
278.820 279.810
279.810 283.530
284.310 291.330
291.330 294.150
294.330 298.860
300.090 303.000
303.180 304.800
304.800 309.690
309.690 312.750
