1.020 2.100
2.100 9.000
9.000 12.090
12.420 17.790
17.790 19.560
21.090 27.240
27.810 30.810
30.810 36.960
37.050 39.210
40.530 43.290
43.290 49.350
50.010 53.400
53.400 55.980
55.980 58.380
59.400 63.000
63.000 66.060
66.060 68.010
68.220 71.040
71.040 76.500
76.710 79.860
79.860 82.770
82.860 87.690
88.110 92.160
92.220 94.920
95.100 99.210
100.020 105.270
105.270 109.290
109.650 118.950
121.440 127.020
127.020 133.530
134.220 137.100
137.790 148.200
148.440 154.110
154.290 157.410
157.530 159.180
159.180 159.990
159.990 162.540
162.540 163.350
163.680 164.880
