1.140 2.310
2.310 6.540
6.750 11.670
12.270 16.740
16.740 19.050
19.950 21.150
21.150 28.920
29.610 35.190
35.190 39.150
39.150 41.700
41.790 45.960
46.020 47.820
47.820 51.210
51.990 53.550
53.550 58.050
58.050 59.760
60.090 63.690
63.690 69.360
70.110 74.820
74.940 81.300
82.260 83.910
83.910 84.900
84.900 90.510
90.720 91.800
91.800 95.370
96.120 99.630
99.630 100.860
100.860 104.220
104.220 108.060
108.060 109.680
111.330 113.550
113.550 117.690
117.690 118.800
118.800 122.580
122.940 127.320
127.320 130.350
130.920 135.750
136.770 138.000
138.090 142.830
143.160 149.340
149.340 151.680
151.890 158.100
158.100 162.780
162.930 166.560
167.940 169.200
169.200 174.120
174.810 184.170
185.220 188.580
188.610 197.520
197.550 198.480
198.720 201.360
201.360 207.060
207.060 210.390
210.780 213.240
213.420 214.710
214.710 224.640
225.300 231.420
231.420 240.690
241.680 259.350
259.500 260.640
260.640 268.020
268.260 269.190
269.250 278.550
278.970 287.130
287.550 290.550
290.610 293.550
293.550 296.010
296.010 298.980
298.980 300.960
300.960 305.010
306.990 308.100
308.130 311.520
311.520 320.130
320.190 331.590
332.340 334.200
334.380 342.870
343.320 346.410
346.470 349.500
349.500 355.260
358.230 366.300
366.780 367.890
368.340 376.380
377.430 379.560
379.560 381.390
381.600 389.490
390.630 395.490
395.490 397.440
397.680 399.390
399.480 401.730
401.970 407.490
407.910 410.640
410.790 420.840
420.840 423.450
423.930 430.290
430.650 434.190
435.330 439.590
439.590 442.290
442.290 446.670
446.670 448.230
448.500 452.880
452.940 455.880
456.420 457.710
457.770 463.020
463.020 466.770
466.770 470.190
472.050 482.160
482.400 486.330
486.840 488.190
488.190 497.820
498.270 505.140
505.170 507.480
507.960 516.000
