1.110 2.190
2.370 5.580
5.640 8.310
8.310 14.130
14.190 18.360
18.360 20.490
21.810 26.310
26.400 34.800
36.000 41.640
41.640 44.040
45.570 51.690
51.780 56.100
56.490 57.510
57.840 64.200
64.200 70.080
71.640 76.320
76.320 81.300
81.300 82.890
84.150 88.620
88.620 93.780
93.780 97.560
97.650 100.410
100.920 109.440
109.440 114.270
114.270 115.890
115.890 122.970
123.990 126.090
126.150 131.100
131.100 135.090
135.180 136.920
137.250 144.360
144.360 146.820
146.820 150.000
150.090 152.010
152.940 158.790
158.790 164.190
164.550 165.630
165.630 173.970
173.970 176.400
176.490 181.320
181.320 184.740
184.770 185.730
185.730 187.800
189.330 191.010
191.220 195.000
195.030 202.410
202.980 204.000
204.150 207.420
207.630 213.720
213.720 215.580
215.850 218.190
218.190 221.460
221.460 222.420
222.480 226.170
226.740 231.690
231.690 234.210
234.210 236.100
236.160 238.890
239.100 239.970
240.930 244.590
244.590 248.070
248.220 255.540
255.900 264.030
264.390 271.470
271.800 277.050
277.320 282.210
282.270 285.600
285.930 293.370
293.970 295.890
295.890 300.930
301.140 303.510
304.230 307.440
307.440 310.350
310.410 316.770
317.340 323.040
323.520 330.570
330.570 336.240
