1.200 2.310
2.310 8.910
8.910 11.610
12.300 17.880
18.300 23.160
23.220 24.900
24.930 31.110
31.890 35.280
35.280 38.130
38.250 42.000
42.270 43.500
43.500 53.160
54.360 61.530
64.560 65.760
65.760 68.820
68.820 72.630
73.110 74.280
74.280 79.800
79.980 81.270
81.270 84.180
84.540 85.680
85.680 88.650
89.160 93.210
93.480 97.440
97.590 101.490
101.850 111.300
111.300 112.410
113.520 118.470
118.500 123.060
123.150 126.060
126.150 130.170
130.710 135.450
135.450 138.810
138.840 145.440
145.470 149.370
149.640 153.570
154.020 156.780
157.110 164.790
164.790 166.860
167.880 174.150
174.150 179.160
179.400 179.790
