0.810 1.890
1.890 8.970
8.970 12.390
13.080 19.260
19.260 24.660
25.110 30.840
30.960 36.180
36.420 39.600
40.830 41.820
41.820 50.940
51.750 57.180
57.270 59.490
59.490 63.390
63.390 65.730
66.060 69.600
69.990 74.730
74.730 78.000
78.240 83.370
83.370 86.160
87.210 89.580
89.580 93.960
93.990 98.640
98.730 99.990
100.650 104.130
104.250 110.130
110.400 111.390
112.590 113.730
113.730 120.180
120.180 121.110
121.110 123.360
123.510 127.890
128.250 130.560
130.680 133.860
133.860 140.040
140.040 141.990
141.990 144.510
