0.000 26.310
27.420 31.260
31.410 41.640
41.700 50.070
50.070 55.980
56.220 63.300
63.390 66.300
66.390 73.710
73.800 81.000
81.000 87.750
87.870 98.190
98.250 106.050
106.620 111.120
111.120 118.950
119.310 123.390
123.420 125.580
125.760 134.910
135.000 146.160
146.250 153.240
153.240 156.690
156.840 160.230
160.230 168.000
168.180 174.660
175.230 184.650
184.800 193.890
194.040 197.220
198.000 207.960
207.960 211.950
212.520 214.950
214.950 223.050
223.260 228.150
228.450 234.810
235.260 246.060
246.210 255.390
255.570 266.070
266.070 269.850
271.170 272.190
272.190 276.510
276.510 282.870
283.650 286.020
286.020 293.700
293.700 295.800
295.800 303.090
303.420 312.480
312.510 321.690
321.780 326.940
327.210 328.830
328.830 330.060
