1.260 2.160
2.160 13.050
13.470 21.480
21.480 29.160
29.550 36.900
37.260 38.940
39.360 41.460
41.460 46.530
46.950 52.290
52.410 56.250
56.250 57.720
58.260 62.760
63.510 72.360
72.510 78.210
78.210 81.570
81.720 87.780
87.840 96.510
97.500 102.600
102.630 103.980
104.100 105.870
106.020 108.000
108.030 109.980
110.550 121.260
121.320 128.400
128.700 137.850
138.030 145.800
145.920 149.580
149.670 154.350
154.350 169.140
169.650 175.050
176.340 184.380
184.380 185.280
185.280 187.050
187.200 197.220
197.220 199.170
200.130 205.200
205.200 206.130
206.640 212.010
212.130 218.250
218.790 229.230
229.230 236.520
236.610 243.360
