0.000 7.050
7.050 7.770
7.770 13.560
13.680 16.980
16.980 22.380
22.410 30.870
30.900 36.810
36.810 38.610
38.940 43.800
43.800 48.150
48.150 50.130
50.130 64.590
64.590 68.340
68.370 71.070
71.370 73.020
73.140 76.980
76.980 81.360
81.360 84.270
84.810 93.690
93.690 100.830
100.920 103.860
103.890 107.520
107.520 108.390
108.510 114.300
114.390 119.430
119.430 124.590
124.830 125.490
125.550 130.740
130.770 135.060
135.060 137.040
137.070 139.290
139.290 140.640
140.640 142.770
142.770 147.750
148.050 156.720
156.720 162.570
162.780 165.180
165.180 167.910
167.910 180.900
180.990 181.920
181.980 195.960
195.990 199.080
199.080 201.750
201.840 207.330
207.540 211.500
211.500 215.160
215.220 223.230
223.230 224.550
224.550 227.250
227.280 230.580
230.640 236.190
236.190 239.520
239.970 260.010
260.100 269.610
269.610 270.810
270.810 272.790
272.790 274.530
274.710 276.180
276.810 284.940
284.970 294.000
294.000 299.070
299.610 302.430
302.430 304.620
304.620 310.710
310.830 315.840
316.320 321.930
321.930 332.430
