0.000 1.230
1.380 7.260
7.260 9.660
9.660 19.800
19.830 26.700
26.700 34.560
34.770 42.150
42.450 45.090
45.240 48.990
49.050 53.790
53.790 58.230
58.440 61.740
61.740 67.020
67.020 70.050
70.320 80.430
80.610 97.470
97.470 101.430
101.490 107.460
107.460 112.260
112.260 116.340
116.580 123.480
123.510 130.500
130.560 134.070
134.070 135.960
135.960 142.770
142.800 150.450
150.510 152.130
152.130 154.080
154.080 158.400
158.400 161.670
161.760 167.550
167.550 169.170
169.560 172.320
172.320 174.120
174.300 177.180
177.180 181.710
181.710 185.880
186.000 188.820
188.820 192.270
192.300 195.360
195.360 197.100
197.160 200.670
200.820 203.460
203.460 207.570
207.570 211.680
211.680 214.410
214.410 222.390
222.450 233.760
233.970 241.950
241.980 244.740
244.740 247.710
247.710 250.680
250.860 256.560
256.560 260.700
260.700 263.040
263.070 267.510
267.720 271.440
271.440 274.110
274.110 276.720
276.930 280.500
280.500 282.570
282.570 285.030
285.060 289.410
289.410 292.530
293.040 295.920
295.920 304.230
304.950 316.620
316.620 322.710
322.740 325.230
325.260 331.530
331.530 336.030
336.030 337.410
337.410 346.410
346.410 348.210
348.270 358.080
358.320 363.300
363.300 370.680
370.680 373.920
373.920 378.090
378.090 384.930
384.930 387.390
387.390 389.670
389.670 394.320
394.860 398.730
398.730 404.040
404.040 406.080
406.080 411.810
411.810 417.150
417.180 424.410
424.410 427.740
427.740 433.980
433.980 438.060
438.240 441.390
441.390 444.270
444.330 456.750
456.780 460.620
460.620 466.620
466.860 469.800
469.980 480.270
480.480 485.370
485.370 485.970
486.030 492.060
492.240 498.030
498.240 500.910
500.910 503.490
504.240 511.740
511.800 515.220
515.220 519.660
519.870 520.980
521.100 527.340
527.340 537.060
537.060 538.350
538.350 540.600
540.600 544.530
544.710 549.150
549.150 558.030
558.030 564.420
564.420 568.950
