0.330 9.210
9.210 24.180
24.180 48.750
48.750 79.440
79.620 104.640
104.640 112.440
112.440 143.580
143.580 155.310
155.460 161.430
161.430 164.700
164.700 166.950
166.980 172.500
172.890 179.280
179.280 186.000
186.300 208.410
208.410 216.900
217.080 219.840
219.840 253.290
253.290 272.280
272.340 282.180
282.210 285.690
285.690 288.150
288.390 313.290
313.290 317.610
317.610 324.630
324.720 347.430
347.430 358.680
358.830 369.000
369.270 372.960
372.960 377.880
377.880 378.900
378.900 385.980
386.100 388.260
388.350 409.410
409.410 421.200
421.290 442.290
442.290 450.630
450.630 456.030
456.030 461.310
461.310 462.660
462.900 473.880
473.880 485.400
485.520 491.520
491.520 515.370
515.370 527.310
527.310 546.450
546.690 572.640
572.640 589.170
589.170 598.440
598.440 605.970
606.060 607.200
607.200 612.510
612.690 629.760
629.760 643.350
643.350 647.460
647.580 648.840
648.840 653.430
653.610 662.610
662.610 666.600
666.600 677.640
678.030 685.590
685.590 693.780
694.020 700.290
700.440 702.690
702.690 708.330
708.330 717.810
717.990 737.400
737.400 746.340
746.340 753.690
