0.000 26.340
26.790 40.650
40.650 45.990
45.990 53.160
53.160 58.950
59.400 85.680
85.680 89.580
89.580 100.050
100.170 109.560
109.560 120.420
120.420 123.000
123.030 130.350
130.350 147.720
147.870 167.190
167.190 170.580
170.580 180.480
180.570 197.520
197.520 213.180
213.240 220.860
220.860 227.250
227.310 236.460
236.550 243.390
243.420 250.320
250.350 258.960
258.990 270.270
270.330 279.510
279.990 286.170
286.470 289.800
290.130 298.860
298.950 304.170
304.170 308.520
308.670 318.090
318.090 321.390
321.750 324.510
324.510 330.090
330.300 332.910
332.910 344.790
345.390 359.130
359.400 365.820
365.820 374.880
