0.300 84.750
84.750 88.170
88.170 93.750
93.750 123.600
123.600 175.920
175.920 183.780
183.960 190.050
190.050 196.140
196.140 211.980
211.980 252.300
252.300 260.040
260.040 262.860
262.860 287.850
287.910 302.790
302.790 308.310
308.310 310.440
310.440 317.670
317.670 331.770
331.800 348.090
348.090 360.330
360.330 376.140
376.140 380.610
380.610 404.010
404.010 410.850
411.030 414.030
414.180 457.440
457.440 475.260
475.260 480.720
480.720 510.060
510.150 527.970
527.970 529.050
529.050 544.200
544.350 549.900
549.900 566.880
566.880 580.320
580.320 609.570
609.570 630.660
630.960 701.310
701.310 705.120
705.120 717.540
