0.000 23.580
23.580 27.570
27.570 31.770
31.830 34.620
34.620 37.440
37.620 39.030
39.090 43.410
43.500 44.220
44.370 45.750
45.750 52.860
52.860 54.810
55.080 56.970
56.970 60.120
60.120 64.530
64.530 66.960
67.020 76.890
76.890 84.150
84.150 89.010
89.010 95.670
95.670 98.760
98.760 102.450
103.560 105.420
105.510 108.300
108.300 111.690
111.690 116.340
116.340 123.150
123.150 148.590
148.590 152.040
152.160 157.770
157.770 164.730
164.730 169.440
169.560 170.430
170.610 174.930
174.930 176.880
176.880 178.680
178.680 180.600
180.900 182.670
183.030 189.870
190.170 196.320
196.320 203.220
203.340 204.900
204.900 212.640
212.760 231.720
231.720 233.520
234.120 236.040
236.070 243.660
243.660 244.620
244.800 260.550
260.550 275.490
275.520 278.610
278.610 279.810
280.320 281.010
281.010 289.650
289.680 294.960
295.020 298.290
298.290 299.850
299.850 305.700
305.700 308.070
308.280 316.980
316.980 327.210
327.210 336.210
336.330 351.690
351.690 356.190
356.190 360.420
360.420 368.400
368.550 370.290
370.350 374.700
374.850 383.970
383.970 396.720
396.810 405.960
406.470 412.170
412.290 423.210
423.210 429.090
