0.000 16.140
16.140 20.730
20.730 33.420
33.420 36.840
36.900 37.680
37.710 42.840
42.930 45.030
45.030 48.180
48.480 50.670
50.670 53.880
53.940 59.910
59.940 62.010
62.070 63.630
63.660 66.570
66.570 69.390
69.630 72.270
72.630 75.810
75.810 77.940
78.120 83.580
83.850 84.570
84.720 95.070
95.070 99.030
99.030 100.470
100.590 104.160
104.160 109.260
109.680 115.350
115.500 122.370
122.940 125.040
125.040 126.210
126.240 127.800
128.580 131.070
131.580 141.990
142.140 145.350
145.470 155.190
155.520 170.760
170.910 187.680
187.680 189.660
190.200 191.850
191.850 196.920
196.920 198.480
198.720 201.000
201.000 203.370
203.370 206.730
206.730 214.800
214.800 216.180
216.180 217.860
217.860 221.760
221.760 229.890
229.980 240.180
240.180 241.950
241.950 256.260
256.260 275.100
275.100 276.120
276.120 280.740
280.740 288.270
288.270 292.740
292.740 306.450
306.840 310.290
310.590 312.930
313.020 315.720
315.720 322.830
322.830 325.920
325.920 332.220
332.220 335.040
335.250 337.290
337.290 339.180
339.180 341.490
341.580 343.200
343.260 351.990
351.990 354.750
354.930 358.710
358.710 376.080
376.080 391.170
391.260 395.610
395.640 401.880
401.910 407.250
407.250 410.550
410.640 442.830
443.130 447.210
447.750 466.620
466.800 471.840
472.350 479.340
479.340 487.770
487.890 489.990
490.140 500.310
500.640 501.300
501.300 507.060
507.090 510.300
510.330 511.440
511.440 525.120
525.120 530.640
530.700 540.720
540.720 543.840
543.840 553.350
553.440 560.370
560.370 561.960
562.170 577.290
577.290 577.890
578.700 579.750
579.750 588.270
588.270 593.610
593.610 607.290
608.970 613.440
613.830 614.580
615.420 624.060
624.540 626.340
626.340 641.490
641.490 659.100
659.100 668.490
668.520 679.530
679.530 685.890
685.890 691.560
691.560 702.360
702.360 706.470
706.470 709.620
709.620 715.320
715.320 718.290
718.290 724.500
724.560 725.520
726.270 730.410
730.620 734.520
734.520 737.250
737.250 738.540
738.540 742.680
742.740 759.210
759.540 766.200
766.380 768.570
768.570 771.330
771.330 778.170
778.170 780.420
780.420 783.570
783.570 798.120
798.120 821.130
821.130 822.030
822.030 824.850
824.850 838.860
839.130 868.020
868.020 869.040
869.040 870.420
870.780 881.790
881.790 889.920
890.040 900.420
