0.000 11.760
11.760 14.370
14.370 19.950
20.070 26.310
26.310 28.980
28.980 42.330
42.330 47.190
51.090 53.700
57.810 63.510
63.510 70.080
70.080 71.070
71.370 73.500
73.890 79.320
79.530 82.050
82.770 83.670
87.060 90.750
96.210 97.110
97.380 110.130
110.400 111.570
112.020 116.670
116.970 125.340
125.520 126.330
126.540 128.670
130.140 134.280
134.280 140.700
143.040 143.790
144.150 160.740
161.370 162.150
162.210 164.460
164.460 165.540
166.920 169.260
174.390 185.040
185.100 186.270
186.270 189.270
189.270 192.960
193.860 195.390
195.540 198.060
200.850 213.870
213.960 215.220
215.220 222.270
222.270 230.880
231.390 235.260
235.830 238.410
238.470 241.410
241.410 245.130
245.790 247.110
247.200 252.900
253.860 255.030
255.390 263.070
263.070 263.820
264.000 265.020
265.020 267.480
267.750 272.460
275.370 279.960
280.020 282.060
283.380 287.910
287.910 292.770
293.310 295.560
296.190 297.600
299.190 300.960
300.960 301.710
301.860 311.520
311.520 313.170
313.170 315.060
315.060 321.180
321.270 325.920
326.160 328.170
328.170 330.960
330.960 335.520
335.880 340.260
340.530 344.670
345.000 346.320
346.980 349.830
349.830 350.910
351.180 352.260
352.350 355.470
355.740 356.460
356.820 358.380
358.710 363.780
364.080 364.860
364.860 365.730
365.820 367.590
368.760 370.680
374.370 376.680
378.150 381.090
382.410 384.540
384.780 388.050
388.500 391.590
392.070 392.910
393.030 394.320
395.400 399.780
401.580 402.900
402.900 404.610
406.020 407.040
407.160 408.240
409.590 415.170
415.230 416.010
416.040 419.940
419.940 422.340
423.090 428.640
430.620 434.760
435.360 436.590
436.710 438.390
439.860 444.750
444.750 447.600
447.600 449.670
449.970 450.840
452.820 453.810
453.840 456.900
457.590 458.430
458.430 472.530
472.860 474.750
474.840 476.910
477.870 479.250
480.240 483.390
483.390 487.620
488.190 490.080
490.290 491.250
491.460 493.140
495.210 496.680
496.800 498.060
498.180 501.810
501.810 505.800
506.220 511.350
512.280 513.210
514.350 517.920
518.040 534.420
535.800 537.480
537.930 539.160
541.170 543.720
543.810 546.690
546.690 547.770
547.980 549.690
550.020 552.660
557.400 562.830
563.100 568.620
568.680 572.340
572.940 573.960
573.960 576.810
576.810 579.930
580.620 581.610
581.610 583.470
583.740 586.410
586.410 588.870
589.110 590.640
590.940 593.100
593.250 609.000
609.420 611.160
611.250 612.510
612.540 614.580
615.420 617.040
617.040 618.630
618.630 624.840
625.830 629.280
630.210 638.580
638.580 655.500
655.500 659.520
659.520 662.130
663.390 669.480
669.480 677.250
677.250 678.480
678.480 682.050
