0.000 13.470
13.650 25.620
25.620 30.720
30.720 35.580
35.970 38.700
38.730 39.330
39.510 43.500
43.770 45.870
45.990 48.330
48.900 49.800
49.800 52.410
52.410 54.120
54.300 56.250
59.070 64.170
64.290 68.250
68.490 71.010
71.010 74.550
75.660 79.200
79.740 81.180
81.720 83.070
83.820 89.340
89.580 92.610
92.940 110.910
111.120 115.110
117.060 119.070
119.280 120.060
120.900 123.060
124.320 128.670
128.670 131.190
131.370 134.220
135.570 143.370
143.700 146.910
146.910 148.710
150.660 155.790
156.390 160.650
161.490 164.700
167.280 169.590
171.480 177.360
179.190 179.970
180.360 184.860
188.850 192.030
192.900 193.980
194.550 197.130
197.130 198.450
202.710 205.380
205.920 212.040
212.400 213.120
213.120 216.240
217.800 221.070
221.190 223.380
223.380 226.170
226.170 228.030
228.420 229.170
229.980 231.120
232.560 233.460
233.820 235.260
235.380 242.790
243.630 246.450
246.450 250.680
250.710 252.150
252.150 255.240
255.300 258.420
260.190 261.450
261.450 265.590
265.590 266.220
266.790 267.900
268.290 269.700
269.700 272.610
274.050 275.070
275.250 278.640
279.090 282.390
282.660 284.370
284.880 285.660
285.840 286.590
287.040 289.950
289.950 291.780
291.930 296.400
296.670 299.250
299.430 302.250
302.310 304.440
304.440 309.690
309.750 313.110
313.170 314.460
314.820 319.440
319.770 322.080
322.080 328.680
328.770 329.970
330.990 331.740
332.130 335.850
335.850 336.450
336.600 338.100
340.290 344.400
344.430 349.260
349.440 350.760
352.530 353.610
356.040 357.330
358.890 364.830
365.160 368.760
371.640 373.050
373.320 374.730
374.730 376.560
377.160 381.750
383.700 386.220
387.900 389.550
390.810 393.150
397.230 403.110
405.900 406.560
406.560 409.830
409.830 413.820
413.820 421.110
421.320 437.970
438.360 442.200
442.410 445.380
445.500 447.330
447.540 448.920
449.190 451.470
451.500 454.830
454.830 456.390
456.390 458.640
458.640 462.360
462.840 472.080
472.320 473.100
473.100 476.100
476.910 477.690
477.990 480.570
480.720 482.370
482.640 484.290
484.320 501.180
501.690 502.440
502.980 511.050
511.050 515.190
515.190 520.800
521.280 523.170
523.170 531.180
531.180 533.850
533.850 546.030
546.090 556.890
556.890 569.520
569.520 570.930
571.200 572.670
572.880 580.530
580.530 584.340
