0.000 12.180
12.180 15.300
15.450 18.540
19.260 26.700
26.700 28.560
28.560 30.030
30.120 31.560
31.560 34.080
34.080 37.800
37.800 39.300
39.360 40.560
40.710 42.270
42.360 43.710
44.010 45.330
45.630 50.580
50.580 54.390
54.390 55.440
55.500 59.460
59.610 62.370
62.430 63.930
63.960 65.130
65.220 66.690
66.690 71.850
72.060 74.940
74.940 75.990
76.170 77.280
77.280 79.920
79.920 83.850
84.000 88.890
88.890 90.330
90.570 93.150
93.150 97.140
97.260 100.950
101.070 103.710
103.890 105.840
105.960 108.570
108.660 110.280
110.310 116.520
116.520 119.730
119.730 121.200
121.260 126.390
126.630 130.080
130.080 131.400
131.610 135.570
135.600 137.640
138.090 140.400
140.400 143.100
143.490 145.410
145.410 147.210
147.210 158.430
158.460 164.370
164.370 165.840
165.900 168.390
168.390 172.590
172.590 176.970
176.970 181.500
181.530 185.190
185.400 188.460
188.460 189.600
189.870 192.720
192.720 194.100
194.100 198.120
198.120 203.010
203.010 208.650
208.650 210.510
210.510 215.040
215.040 217.140
217.170 224.790
224.790 227.130
227.340 231.480
231.480 236.040
236.040 242.070
242.070 245.790
245.790 251.310
251.550 256.140
256.260 262.890
263.010 267.660
267.900 280.410
280.680 283.440
283.440 285.840
285.840 289.050
289.410 294.720
294.720 299.160
299.190 303.330
303.330 305.640
305.640 306.510
306.720 309.600
309.600 313.230
313.230 316.560
316.560 321.210
321.360 325.950
325.950 330.330
330.360 335.040
335.040 348.240
348.270 349.680
349.680 359.520
359.520 365.250
365.250 368.700
368.700 372.330
372.330 375.390
375.390 378.270
378.570 380.520
380.520 382.470
382.470 388.230
388.230 389.550
389.610 394.020
394.200 398.190
398.190 399.060
399.060 402.360
402.540 407.010
407.010 408.480
408.480 413.850
413.850 415.140
415.140 419.190
419.250 422.490
422.520 424.530
424.530 428.340
428.370 430.680
432.660 434.130
434.130 436.770
436.980 439.500
439.500 442.560
442.980 448.560
448.560 449.490
450.120 451.680
451.710 453.360
453.360 457.860
457.920 459.810
459.930 460.650
460.710 461.700
462.000 464.100
464.100 466.620
466.620 469.680
469.680 472.800
472.800 477.030
477.030 479.130
479.130 484.740
484.740 492.720
492.720 501.030
501.090 502.860
502.860 505.740
505.770 513.300
513.720 517.920
517.920 519.990
520.140 521.940
521.940 526.260
526.260 527.700
527.700 530.940
531.060 533.700
533.700 538.770
538.860 541.440
541.440 550.560
550.860 552.150
552.150 554.130
554.250 564.270
564.330 566.550
566.550 571.530
571.530 580.650
