0.000 20.460
20.460 22.680
22.710 25.920
25.920 27.750
27.750 30.090
30.120 36.600
37.050 40.260
40.380 42.180
42.210 43.380
43.380 45.330
45.330 46.560
47.040 49.110
49.110 55.080
55.140 60.360
60.600 64.710
65.340 66.870
66.900 71.040
71.130 74.910
74.910 80.910
80.910 83.460
83.700 88.080
88.110 89.460
89.520 94.500
94.500 95.910
95.910 99.480
99.630 103.290
103.350 108.360
108.750 110.370
110.370 113.850
114.120 122.100
122.220 123.750
123.750 125.280
125.280 126.960
127.020 134.010
134.010 138.870
138.930 140.400
140.400 144.660
144.690 145.950
146.190 149.040
149.250 152.160
152.160 157.110
157.770 160.770
160.770 163.590
163.590 167.610
167.880 171.900
172.230 174.810
174.990 176.310
176.940 180.930
180.930 183.120
183.330 184.320
184.320 189.390
189.390 191.730
191.730 193.020
193.050 195.210
195.210 204.000
204.060 212.670
212.700 215.340
215.340 219.150
219.240 222.720
222.720 225.240
225.240 227.580
227.790 229.260
229.260 231.090
231.300 234.750
234.750 236.790
236.790 238.860
238.860 241.650
241.680 245.430
245.460 247.560
247.560 248.910
249.120 256.350
256.470 263.550
263.820 266.520
266.520 268.530
268.980 275.160
275.250 280.290
280.620 282.060
282.270 282.960
282.960 284.310
284.730 287.310
287.310 294.930
294.930 297.750
297.750 299.100
299.190 300.510
300.690 303.150
303.180 306.180
306.180 306.990
306.990 310.140
310.140 313.500
313.530 315.930
316.020 321.720
321.780 324.390
324.810 328.050
328.080 331.050
331.140 333.030
333.030 335.820
336.090 340.710
340.770 342.390
342.390 344.940
344.940 348.450
348.510 354.810
354.930 357.360
357.360 358.830
358.830 361.410
361.410 362.400
362.580 363.900
364.050 367.680
367.950 370.350
370.980 373.140
373.140 378.600
378.600 380.880
380.910 385.590
385.590 390.810
390.930 394.380
394.380 399.120
399.420 402.450
402.450 407.190
407.760 412.440
412.440 413.370
413.370 416.100
416.160 419.220
419.400 420.720
421.710 427.350
427.380 432.060
432.060 433.950
433.950 434.910
435.090 437.760
437.760 441.240
441.240 442.560
442.740 444.600
444.750 445.710
446.040 447.300
447.300 448.770
449.040 449.940
449.970 452.070
453.000 453.990
454.020 455.340
455.340 457.200
457.200 458.700
458.730 462.420
463.380 465.060
465.300 469.590
470.070 471.900
471.900 474.990
475.290 478.650
479.100 481.290
481.530 485.820
486.660 488.490
488.910 490.680
490.770 493.770
493.890 498.120
498.270 502.620
502.740 506.220
506.220 508.890
509.850 512.520
512.760 520.560
520.830 522.870
522.870 524.760
525.270 530.550
530.580 533.190
533.190 535.260
535.320 538.530
538.680 548.310
548.580 558.780
558.900 560.910
560.940 563.280
563.580 569.580
569.580 571.890
571.890 573.330
573.630 579.300
579.540 580.560
580.560 582.540
582.630 585.510
585.750 588.060
588.060 589.050
589.500 595.320
595.320 602.910
602.910 605.880
605.880 607.530
607.650 616.200
617.100 624.840
625.410 627.120
627.330 628.200
628.230 633.030
633.570 641.730
642.300 649.110
649.380 653.010
653.010 660.720
660.720 670.050
670.050 676.830
677.100 678.960
678.990 683.190
683.460 687.270
687.330 690.450
690.450 696.360
696.360 699.030
699.030 702.210
702.420 704.010
704.190 705.480
705.600 708.510
708.600 712.950
712.950 714.540
714.660 721.950
722.400 724.680
725.040 730.890
730.980 732.480
732.510 737.520
737.520 741.810
741.810 749.730
749.730 760.530
761.130 762.570
762.900 764.310
764.820 768.840
769.050 778.560
778.560 781.950
781.950 790.440
790.590 798.990
798.990 808.410
808.950 811.080
811.080 816.570
816.600 825.570
825.780 834.330
834.330 835.920
836.160 846.540
846.600 853.800
853.890 855.690
855.870 858.300
859.020 860.040
860.310 863.880
863.880 865.860
865.860 868.440
868.590 870.420
870.540 872.550
872.550 877.590
877.740 879.180
879.240 881.250
881.250 882.570
882.570 885.600
885.600 888.300
888.330 892.500
892.530 894.240
894.300 896.370
896.370 898.740
898.740 903.750
904.200 905.160
905.160 908.910
