0.000 13.080
13.080 20.190
20.190 22.920
22.920 31.290
31.290 36.600
36.870 38.910
38.910 40.830
40.950 52.050
52.110 54.180
54.180 62.520
62.850 65.280
65.310 68.970
69.360 73.410
73.410 74.460
74.610 76.920
76.920 80.580
80.730 83.580
83.670 86.370
86.370 89.430
89.520 100.530
100.530 103.110
103.260 105.840
106.140 108.060
108.150 110.580
110.580 113.910
114.270 116.580
116.580 120.150
120.210 122.730
122.820 127.680
127.680 128.820
128.880 132.780
133.290 135.180
135.240 139.800
139.980 141.330
141.330 142.800
143.130 146.940
147.030 158.790
159.150 161.130
161.130 163.620
164.010 168.000
168.090 169.530
169.920 174.390
174.750 178.230
178.710 182.010
182.250 183.480
183.480 185.490
185.490 187.410
187.410 188.700
188.760 193.200
193.320 194.790
194.820 202.800
203.160 205.140
205.890 207.090
207.540 209.700
209.730 210.600
211.410 214.320
214.350 215.580
215.580 217.860
218.010 219.840
219.840 222.060
222.060 224.400
224.400 229.410
229.440 235.290
235.320 239.010
239.010 242.880
242.880 249.930
250.020 253.290
253.290 254.640
254.640 260.610
260.610 265.350
265.350 267.600
267.600 269.940
270.000 273.540
273.540 281.970
282.300 288.060
288.060 290.490
290.490 293.700
294.090 296.340
296.370 297.330
297.930 303.960
304.080 306.570
306.720 313.980
313.980 314.790
314.790 318.900
318.900 320.490
320.700 326.820
326.820 327.960
327.960 330.180
330.630 332.850
332.970 335.850
336.390 341.970
342.120 344.490
344.490 345.900
345.960 350.160
350.160 353.580
353.610 355.890
356.160 357.360
357.360 358.350
358.440 369.690
369.690 372.900
373.110 378.660
378.660 387.750
387.750 390.900
391.020 396.360
396.360 398.250
398.250 406.440
406.440 408.300
408.360 414.810
414.870 424.680
424.680 429.030
429.030 440.010
440.010 445.920
445.920 452.640
452.640 460.920
460.920 461.820
461.880 469.050
469.140 471.240
471.240 486.510
486.510 490.890
490.890 493.140
493.260 500.220
500.220 504.810
504.870 507.720
507.720 509.250
509.250 510.960
510.960 511.770
511.770 517.350
517.350 522.300
522.300 530.550
530.670 539.280
539.280 543.240
543.240 544.650
544.860 546.060
546.300 550.620
550.620 555.390
555.390 558.240
558.240 563.010
563.190 564.600
564.600 567.690
567.750 574.230
574.260 580.380
580.470 582.960
582.960 584.190
584.400 585.990
586.080 592.080
592.140 594.630
594.810 603.660
603.660 604.920
605.100 606.090
606.090 610.290
610.290 613.590
613.830 630.750
631.110 639.330
639.390 642.030
642.150 643.890
643.890 650.370
650.400 662.730
662.850 667.830
667.830 673.830
674.250 678.330
678.330 681.000
681.090 683.760
683.760 687.150
687.210 688.260
688.260 691.650
691.650 699.990
700.290 704.370
704.370 705.660
705.660 707.910
707.940 711.150
711.300 718.260
718.260 719.490
720.000 727.890
728.010 736.140
736.140 739.020
739.050 744.360
744.360 747.030
747.120 748.320
748.680 749.850
750.090 755.100
755.250 756.180
756.180 765.450
765.450 773.760
774.030 778.200
778.410 782.700
783.000 784.140
784.140 787.860
788.190 789.750
789.810 793.890
793.890 797.580
797.580 801.090
801.810 805.590
806.040 809.760
809.760 811.710
812.130 825.000
825.750 829.590
829.650 833.790
833.790 842.010
842.130 843.450
843.600 850.140
850.890 854.700
854.790 856.620
857.070 858.960
858.960 872.370
872.370 873.210
873.210 884.850
885.060 889.980
889.980 894.630
894.630 899.190
899.280 903.090
903.090 908.640
908.670 922.650
922.650 923.730
923.760 926.580
926.580 928.380
928.470 934.200
934.200 939.060
939.060 944.160
944.160 948.690
948.690 950.490
950.490 955.470
955.680 960.840
960.900 964.230
964.350 966.330
966.360 973.110
973.110 978.150
978.210 982.050
982.050 984.510
984.930 986.250
986.280 994.590
994.590 998.880
998.910 1008.840
1009.050 1009.980
1009.980 1013.700
