0.000 18.330
18.540 20.730
20.790 22.440
22.440 29.970
30.120 33.660
33.840 38.040
38.130 44.760
44.850 46.170
46.170 49.590
49.590 53.460
53.460 56.310
56.310 57.630
57.630 63.930
64.110 65.070
65.190 68.520
68.520 78.690
78.690 87.210
87.390 88.500
88.500 93.870
93.900 95.550
95.580 98.370
98.370 100.740
100.740 102.630
102.630 105.870
105.870 120.840
120.840 124.830
124.830 140.070
140.160 161.580
161.610 164.670
164.940 171.240
171.240 175.890
176.340 180.180
180.240 183.390
183.600 186.630
186.660 187.680
187.680 189.180
189.180 190.560
190.620 192.000
192.030 193.890
193.890 195.480
195.630 202.350
202.350 206.700
206.700 211.740
211.740 215.880
215.880 219.240
219.240 220.650
220.650 225.300
225.420 229.650
229.740 231.900
231.900 233.820
233.880 252.570
252.660 258.420
258.420 261.270
261.270 262.650
262.740 275.430
275.430 278.250
278.250 285.930
285.930 289.530
289.530 294.450
294.540 295.770
296.040 305.760
305.760 308.610
308.730 310.500
310.500 316.740
316.740 330.840
330.840 332.160
332.160 335.580
335.580 342.870
342.870 345.060
345.060 348.330
348.330 350.610
350.610 352.890
352.890 364.470
364.470 367.080
367.080 373.980
374.040 375.870
375.870 377.430
377.430 383.370
383.370 386.850
386.850 390.300
390.300 400.980
400.980 407.820
407.910 413.940
413.940 415.020
415.020 416.550
416.550 417.240
417.240 430.500
430.500 442.800
443.010 453.450
453.480 455.550
455.550 458.400
458.400 464.820
464.820 468.750
468.870 473.520
473.520 478.800
478.800 481.050
481.050 491.670
491.670 503.040
503.040 505.740
505.740 517.260
517.260 523.230
523.260 526.080
526.080 537.510
537.600 543.930
543.930 545.190
545.610 553.590
553.770 554.730
554.730 558.570
558.780 562.740
562.770 564.900
564.930 568.860
568.890 570.840
571.020 574.200
574.440 580.590
580.590 583.980
584.040 597.270
597.270 603.780
603.780 607.530
607.680 610.260
610.260 611.580
611.580 618.000
618.210 619.500
619.950 625.440
625.440 628.170
628.170 630.810
631.050 632.250
632.400 637.080
637.320 638.880
638.880 640.080
640.080 643.080
643.380 645.540
645.570 649.890
649.920 653.550
653.610 657.090
657.180 663.090
663.090 664.500
664.590 666.960
667.200 668.940
668.970 675.990
675.990 677.850
677.850 684.690
684.690 689.010
689.010 692.160
692.400 702.150
702.450 716.160
716.160 722.730
722.730 730.050
730.170 732.150
732.210 735.150
735.300 738.240
738.240 740.280
740.580 743.310
743.400 748.260
748.380 752.040
752.040 754.050
754.080 760.620
760.620 763.290
763.500 768.960
768.960 783.810
784.200 788.550
788.580 795.180
795.240 798.990
799.080 803.400
803.400 806.580
806.730 812.310
812.430 814.740
814.920 817.800
817.860 819.450
819.630 824.760
824.880 827.190
827.190 830.700
830.790 849.600
849.660 850.560
850.770 853.740
853.740 855.420
855.420 858.630
858.870 864.000
864.330 869.010
