0.000 12.060
12.120 14.610
14.820 16.620
16.650 23.070
23.070 24.630
24.630 30.330
30.330 59.190
59.820 63.960
64.020 66.960
67.650 70.650
72.240 73.050
73.350 74.910
74.970 75.690
76.170 80.340
80.640 83.490
83.610 87.420
87.420 90.780
91.200 93.060
94.410 97.560
97.560 103.320
103.830 105.990
105.990 108.060
108.870 110.400
114.000 116.010
120.840 125.910
125.910 129.120
129.600 136.650
137.040 138.120
138.120 141.660
141.900 143.970
144.330 145.500
145.830 147.990
148.290 150.390
150.720 152.670
152.850 154.560
154.740 156.210
157.110 158.130
160.080 164.670
164.760 165.480
165.480 169.020
170.580 172.260
172.380 173.670
174.060 175.920
176.940 177.690
178.200 180.240
181.770 184.890
185.010 190.470
191.910 195.900
196.500 197.310
197.310 198.840
199.260 202.170
202.830 205.350
206.340 207.390
207.420 208.500
211.770 214.800
214.800 216.600
216.990 218.910
219.540 220.650
221.550 224.310
224.460 227.310
227.490 231.000
231.000 232.680
232.680 234.150
238.410 240.450
243.300 248.520
248.520 257.970
258.000 262.380
262.680 265.530
268.800 270.630
271.230 273.510
274.830 275.820
275.880 278.430
278.430 279.750
280.290 287.580
287.610 289.710
291.090 304.410
305.670 307.110
308.370 309.930
309.930 313.740
313.920 315.660
319.410 320.610
320.610 323.790
324.360 325.170
325.710 328.050
331.680 334.530
334.680 340.200
340.230 342.480
343.200 348.540
348.540 349.380
350.220 351.210
352.500 353.430
354.300 355.440
358.080 359.190
360.180 361.500
361.830 365.340
365.820 367.020
367.020 370.020
370.440 373.140
373.320 379.230
379.380 380.670
380.730 386.970
387.780 388.530
388.620 390.480
390.750 392.250
396.600 398.280
400.320 403.080
403.530 405.090
405.150 407.160
407.400 412.530
412.530 416.040
416.040 418.590
421.470 423.090
427.620 428.640
428.700 430.650
432.900 437.040
437.100 440.040
440.040 442.500
442.680 443.790
444.060 444.810
444.840 445.590
446.220 449.130
449.250 452.700
452.700 459.450
459.630 462.720
462.720 467.910
470.400 475.200
480.210 481.440
481.770 492.540
492.540 494.610
495.030 498.060
498.510 499.530
499.530 500.760
500.760 503.130
506.640 507.630
507.900 510.090
511.140 514.860
514.860 517.800
523.980 528.210
530.730 532.230
533.070 534.420
534.660 537.090
537.420 543.990
544.680 547.020
547.740 550.980
550.980 552.720
553.110 555.480
555.480 557.460
557.790 559.170
559.530 560.580
563.550 564.510
564.840 566.790
567.120 572.010
572.010 574.800
574.800 577.080
577.170 585.540
585.540 588.120
588.360 589.860
590.010 591.780
591.930 593.040
593.250 597.060
597.330 599.160
600.030 602.130
602.760 607.020
607.020 609.360
610.440 612.150
614.070 614.970
615.390 616.830
618.510 619.950
621.600 625.500
625.500 628.080
628.560 643.260
643.260 646.050
646.200 648.180
648.840 658.050
658.050 661.860
