0.000 12.510
12.510 18.090
18.090 31.470
31.500 39.570
39.780 45.150
45.990 50.130
50.670 52.680
53.610 56.100
57.450 58.770
59.730 61.830
62.070 63.120
63.900 64.650
65.250 67.200
67.230 68.100
69.360 70.350
72.150 73.470
74.310 75.240
76.020 76.980
76.980 78.210
78.390 88.260
88.290 89.430
89.460 90.540
90.570 92.250
92.310 93.840
96.240 100.740
100.740 101.730
101.730 103.050
104.790 121.380
121.950 128.580
128.580 133.200
133.680 135.780
135.810 143.490
143.820 145.050
145.050 146.850
146.850 148.980
149.310 150.330
150.450 151.590
151.800 153.150
153.270 161.070
161.070 162.690
162.960 166.800
167.580 168.390
169.320 173.760
174.570 175.890
175.980 176.580
176.910 180.000
180.000 181.230
181.650 183.420
184.260 186.510
189.150 190.740
191.250 193.740
194.280 196.320
196.560 198.060
198.060 200.640
202.620 205.110
205.800 208.080
209.910 211.650
213.360 214.650
216.450 219.060
221.640 226.410
227.100 230.730
231.120 232.920
233.940 238.710
239.070 240.660
240.660 241.500
242.430 243.900
246.870 252.900
252.900 255.270
255.570 258.720
260.550 261.960
266.880 268.950
270.090 271.380
271.440 276.630
276.840 278.040
278.040 278.940
279.120 288.120
288.120 289.620
289.680 291.150
291.150 297.690
297.810 299.760
300.960 306.960
307.710 308.460
308.640 312.300
312.330 316.380
317.070 322.200
322.260 325.830
326.190 331.890
332.370 339.390
339.450 342.000
342.030 343.920
344.700 345.450
345.450 348.630
348.840 350.160
350.340 352.290
354.900 355.800
355.860 356.940
357.150 358.350
359.250 362.130
362.730 366.330
368.010 373.200
373.380 376.620
376.950 381.030
381.360 386.010
386.760 391.200
392.160 397.080
398.520 401.340
401.340 407.850
407.850 410.010
410.370 411.120
411.300 412.080
412.950 416.940
416.940 420.900
421.920 427.500
427.740 428.760
430.350 432.150
432.210 436.140
