0.000 15.240
15.720 18.570
18.600 29.700
30.030 32.460
32.850 38.520
38.520 42.780
42.990 43.860
43.860 44.940
45.930 46.530
46.530 47.550
47.760 50.400
50.820 51.630
51.900 53.190
53.280 58.560
59.130 60.570
60.720 62.070
65.010 65.970
67.230 67.980
68.280 70.440
71.130 73.680
73.680 74.730
75.420 77.340
77.550 78.630
81.090 84.150
84.240 86.190
86.250 101.460
101.460 107.220
107.850 111.990
112.350 115.230
115.440 119.610
120.030 121.980
123.480 125.310
128.340 129.660
129.990 136.830
136.830 138.480
138.870 142.680
142.830 151.890
152.520 154.230
154.260 159.240
159.270 161.130
162.540 163.710
164.760 166.830
168.270 173.760
175.170 177.420
178.200 182.100
182.460 184.560
185.910 188.550
190.050 191.430
193.560 194.340
194.430 196.020
196.230 197.730
198.600 200.070
200.460 202.620
206.400 207.270
211.410 213.300
213.600 214.860
217.020 218.100
218.220 219.660
219.780 221.820
222.090 247.950
247.950 262.440
262.440 283.170
283.170 288.720
289.110 290.010
292.470 293.730
294.120 308.340
308.700 309.480
309.810 310.740
310.950 313.740
316.500 317.820
318.870 320.970
320.970 324.060
327.660 329.580
329.790 332.490
333.780 360.300
360.300 361.680
361.680 363.930
364.050 365.520
366.210 367.530
368.520 369.660
370.410 371.550
371.640 373.050
373.260 374.460
376.140 376.950
377.340 378.360
378.360 381.270
381.270 383.340
383.640 384.450
384.900 386.610
387.450 388.560
388.560 390.060
391.050 393.750
393.750 394.800
394.950 396.870
397.590 400.920
401.340 402.930
403.200 405.870
409.830 410.730
410.730 413.490
413.850 414.750
416.730 417.690
418.830 419.670
420.030 423.420
424.740 425.820
426.600 428.250
428.250 438.060
438.120 441.630
442.110 444.180
445.020 447.390
447.630 449.280
449.280 471.660
471.660 475.410
475.410 481.140
481.230 492.750
493.290 496.800
496.800 499.560
499.560 500.160
500.760 502.350
502.710 503.370
504.060 506.940
507.000 508.140
508.470 510.660
513.060 516.240
516.240 518.910
518.940 521.880
521.880 525.000
525.210 526.710
526.710 530.640
531.990 535.230
535.230 536.580
539.520 541.080
541.170 542.610
545.130 553.110
553.140 555.120
555.210 556.890
557.970 565.320
565.590 566.520
566.580 567.660
567.780 569.970
569.970 572.910
573.510 576.540
576.930 578.400
580.920 583.350
583.830 587.310
592.140 593.550
593.550 596.010
597.360 600.840
600.840 602.130
610.500 614.610
614.790 615.990
615.990 617.310
617.670 619.740
619.950 626.130
626.130 629.970
630.270 633.180
633.630 636.390
636.900 644.280
644.580 648.090
648.090 649.950
650.160 651.390
653.610 654.360
654.540 655.800
656.010 658.080
658.080 660.030
660.150 678.510
678.510 689.700
689.730 691.350
691.350 700.380
700.380 701.580
701.580 705.300
