0.000 9.990
9.990 12.390
12.390 14.670
14.670 17.010
17.010 20.910
20.910 49.200
49.200 68.160
68.160 74.610
74.790 75.510
75.510 76.830
76.830 78.510
78.570 80.760
81.150 83.520
83.760 85.650
85.680 87.810
87.810 88.710
88.710 89.730
89.730 91.500
91.500 93.270
96.480 97.350
97.350 101.220
101.730 102.840
109.290 110.400
111.600 113.070
113.610 117.150
118.440 120.300
120.300 121.650
122.160 128.970
129.300 130.410
131.160 132.210
132.810 139.620
139.650 141.240
142.290 144.510
144.630 146.040
146.670 147.630
147.630 149.250
150.900 151.860
152.640 154.350
155.670 156.990
157.320 159.870
160.200 161.790
161.790 162.480
162.480 164.640
165.000 165.690
165.690 168.750
169.020 174.420
174.840 184.500
184.500 192.240
192.840 196.200
196.680 199.710
201.150 201.900
201.900 204.090
204.840 206.610
208.500 209.400
210.870 211.860
212.400 213.780
214.380 215.070
215.370 216.180
216.450 219.840
220.920 221.970
223.020 224.520
225.030 226.140
226.140 229.830
230.220 230.910
230.910 232.770
233.280 234.000
234.150 238.830
238.860 241.500
242.490 245.430
245.430 247.050
247.050 247.800
247.800 250.950
251.370 254.910
255.270 256.230
257.040 259.140
260.310 263.370
264.390 268.440
269.100 272.550
273.420 274.830
275.250 277.230
279.390 280.710
281.010 282.360
282.810 283.920
285.660 289.260
289.440 291.270
292.380 295.440
296.250 297.810
299.070 302.070
302.190 313.230
313.320 316.350
316.620 323.580
323.850 330.300
330.300 331.380
331.380 333.900
335.490 336.270
336.480 339.690
339.780 341.370
342.000 343.260
346.080 349.920
350.040 352.500
352.620 354.150
354.240 355.950
355.950 360.900
360.930 369.270
369.270 379.830
379.830 405.000
405.000 417.390
417.390 426.030
