0.000 19.320
19.320 39.180
39.180 44.430
44.460 46.440
47.160 65.550
65.550 69.060
69.060 69.780
69.870 71.220
73.080 75.120
75.240 76.590
76.650 88.530
88.530 94.860
94.860 95.520
95.520 98.550
98.550 102.660
102.660 104.850
104.850 112.260
112.620 113.400
113.430 114.390
115.380 127.590
127.590 136.050
136.470 157.680
157.680 158.640
158.640 175.050
175.050 187.620
187.620 211.650
211.650 228.840
229.170 229.920
229.950 233.580
233.700 235.800
235.800 237.210
237.390 239.400
239.400 245.970
245.970 249.060
249.420 250.380
250.830 252.630
252.630 255.090
255.270 256.710
257.400 258.090
258.330 280.230
280.230 317.970
317.970 325.920
326.010 326.700
327.600 331.890
331.890 344.460
344.460 349.380
349.530 354.300
354.330 357.120
357.120 360.570
360.570 373.230
373.230 380.730
381.210 386.550
386.550 390.120
390.120 405.870
405.870 408.780
408.840 418.290
418.350 420.480
420.480 445.470
445.680 449.460
449.490 454.080
454.080 467.520
467.520 484.020
484.020 485.970
486.540 495.150
495.150 505.860
506.220 511.740
511.740 512.370
512.370 522.330
522.330 530.910
531.210 535.470
536.010 538.710
538.830 544.230
544.230 548.580
548.670 560.430
560.430 572.130
572.130 572.940
573.480 600.120
600.570 605.610
605.820 611.580
611.580 615.180
615.480 622.440
622.680 625.920
625.920 634.740
634.740 637.140
637.140 663.480
664.710 665.580
665.580 666.690
666.690 672.510
672.540 673.800
674.220 676.530
676.560 682.680
682.800 684.900
685.680 691.260
691.470 695.910
696.000 713.910
713.910 737.760
737.760 741.150
741.150 801.780
802.290 803.250
803.310 826.710
826.710 829.500
829.500 835.830
835.830 882.540
882.540 909.210
909.210 929.370
929.370 938.670
938.670 947.160
