0.000 14.010
14.010 17.790
18.150 21.300
21.570 26.640
27.240 30.240
30.240 31.440
31.530 34.440
34.440 38.730
38.730 44.370
44.670 46.680
46.800 48.120
48.120 52.530
53.070 55.320
55.800 59.400
59.490 64.620
64.620 68.790
68.880 78.120
78.270 86.370
86.370 91.590
91.770 93.510
93.510 98.340
98.550 105.450
105.750 107.820
107.820 116.550
116.700 118.290
118.350 124.380
124.740 127.890
127.890 129.780
129.840 134.250
134.250 139.800
140.430 146.730
147.090 154.380
154.710 157.020
157.050 159.450
159.690 170.040
170.040 172.650
172.650 179.760
179.760 186.180
186.180 188.250
188.250 191.010
191.160 192.240
192.240 194.130
194.400 196.950
196.950 198.960
198.960 203.580
203.790 208.530
208.800 212.880
212.910 217.080
217.080 221.100
221.100 226.080
226.200 228.540
228.540 232.470
232.470 235.350
235.410 237.120
237.120 240.930
241.050 244.140
244.140 247.920
248.070 250.140
250.140 253.230
253.230 255.030
255.150 257.190
257.190 262.140
262.140 266.340
266.340 272.100
272.100 278.640
278.700 284.430
284.760 287.130
287.130 290.850
290.850 292.770
292.830 297.930
298.170 299.490
299.490 300.480
300.480 306.180
306.180 311.340
311.370 315.510
315.510 316.380
316.380 318.660
318.930 323.850
323.850 325.560
325.560 328.320
328.320 332.220
332.220 340.680
340.890 342.300
342.480 347.670
347.670 357.420
357.420 363.360
363.360 372.870
372.870 376.170
376.200 378.240
378.240 379.170
379.170 389.190
389.220 397.890
398.040 400.020
400.020 403.710
403.710 408.600
408.600 412.020
412.020 420.210
420.210 421.410
421.680 425.400
425.460 432.960
432.960 435.450
435.450 443.220
443.400 446.610
446.610 451.590
451.590 452.550
452.550 459.810
459.810 462.030
462.120 467.760
467.760 470.790
470.790 473.310
473.490 479.490
479.550 480.810
480.840 485.760
485.760 487.680
487.680 490.230
490.290 498.720
498.780 500.580
500.730 501.660
501.900 505.470
505.710 506.760
506.760 510.930
510.990 525.300
525.300 528.600
528.750 531.420
531.750 538.710
538.710 548.370
548.370 558.120
558.120 563.610
563.610 566.700
566.700 571.770
571.770 577.470
577.680 578.970
579.420 584.430
584.520 587.010
587.010 588.900
589.260 592.140
592.140 593.760
593.910 595.170
595.170 599.700
599.700 603.930
603.930 609.120
609.120 616.200
616.230 619.860
620.340 622.350
622.350 626.130
626.370 634.800
634.860 638.760
638.760 642.780
642.960 650.580
650.580 653.790
653.790 656.400
656.400 659.700
659.700 661.800
661.800 671.160
671.160 673.440
673.440 688.080
688.080 691.890
