0.000 14.820
14.820 25.260
25.380 28.290
28.440 54.480
54.780 57.630
57.780 67.950
67.950 73.980
73.980 76.860
76.860 82.680
82.680 84.990
85.020 87.540
87.570 93.420
93.450 109.230
109.230 117.870
117.990 126.630
126.630 129.330
129.330 132.120
132.300 135.510
135.570 158.430
158.850 162.480
162.690 168.150
168.150 171.960
171.990 176.580
176.580 178.950
178.980 183.690
183.690 185.970
186.240 188.490
188.490 191.220
191.220 192.630
192.810 197.460
197.670 213.450
222.600 224.400
224.400 228.480
228.480 229.950
229.950 230.910
230.910 232.740
232.740 237.780
237.780 239.940
240.180 243.300
243.390 247.740
247.920 249.780
250.140 251.670
251.670 261.090
261.090 266.190
271.710 273.720
273.720 275.190
275.340 278.040
278.310 280.500
280.500 285.060
285.060 287.010
287.010 291.900
291.900 292.770
292.770 294.450
294.450 300.810
300.900 307.830
307.830 311.640
311.640 315.720
315.780 317.520
317.670 318.990
324.570 329.250
329.850 333.360
333.360 335.160
335.190 338.850
338.880 344.250
344.430 345.690
345.690 348.330
348.360 353.970
354.180 355.530
355.560 358.890
358.890 360.780
361.110 364.410
364.740 365.730
365.730 368.460
368.520 372.420
372.420 379.320
379.410 386.070
386.130 391.560
392.040 394.140
394.140 401.070
401.130 402.120
402.390 405.180
411.180 414.450
414.450 420.840
420.990 422.190
422.190 423.180
423.210 432.990
433.410 434.700
434.700 436.350
436.470 442.470
448.470 456.090
456.300 463.590
463.830 472.440
472.440 478.440
478.440 480.810
480.810 483.930
483.930 488.130
488.130 491.340
491.340 496.740
496.770 498.960
498.960 499.860
500.010 502.980
503.250 506.430
506.610 510.840
510.990 514.980
514.980 521.700
521.700 525.240
525.330 533.610
533.700 536.820
536.820 540.570
540.570 546.120
546.120 549.750
549.990 553.500
553.890 563.160
563.220 567.540
567.720 569.370
569.370 573.150
