0.000 15.480
15.540 18.750
18.960 23.250
23.430 29.730
29.790 31.500
31.560 45.660
45.660 49.500
49.500 50.940
50.940 53.580
53.580 57.570
57.570 58.170
58.170 61.710
61.740 66.990
66.990 69.900
69.930 75.180
75.210 79.290
79.290 83.400
83.640 87.060
87.270 91.470
91.500 95.280
95.400 102.840
102.840 104.490
104.940 111.000
111.000 113.190
113.190 116.040
116.220 117.630
117.660 121.080
121.380 123.240
123.510 128.760
128.790 130.380
130.650 134.070
134.070 140.010
140.010 144.180
144.180 147.090
147.090 150.690
150.690 162.450
162.450 176.190
176.490 180.780
180.900 185.370
185.610 189.180
189.240 195.690
195.690 197.610
197.970 202.290
202.350 207.930
207.930 211.770
211.770 212.610
212.610 217.320
217.410 220.890
220.890 226.410
226.410 228.570
228.750 232.650
232.680 244.830
245.400 249.060
249.060 250.530
250.560 252.600
252.870 258.930
258.960 263.220
263.430 276.720
276.720 284.100
284.370 292.020
292.110 296.730
296.730 301.740
301.830 307.020
307.020 311.190
311.520 316.230
316.380 320.940
321.090 325.050
325.290 327.570
327.810 329.790
330.270 336.090
336.150 342.990
342.990 345.510
345.510 349.290
349.290 351.450
351.630 354.330
354.690 359.790
359.790 360.540
360.660 368.400
368.400 372.000
372.420 377.160
377.250 377.970
378.390 379.560
379.680 385.440
385.770 392.610
