0.000 13.140
13.140 16.260
16.260 18.720
18.870 25.620
25.770 34.650
34.650 38.100
38.220 43.680
43.710 45.000
45.000 46.320
46.380 48.420
48.480 49.320
49.350 57.990
58.140 63.840
63.840 66.030
66.030 69.000
69.060 72.030
72.150 75.510
75.510 78.360
78.360 80.340
80.610 81.900
81.900 85.650
85.650 88.740
88.740 91.620
91.620 93.540
93.540 97.530
97.530 100.230
100.290 102.540
102.540 112.950
112.980 115.830
115.830 117.270
117.270 122.340
122.460 127.380
127.380 131.370
131.400 135.480
135.600 136.560
136.560 138.120
138.150 144.450
144.450 154.260
154.470 156.690
156.840 158.700
158.910 160.710
160.890 165.330
165.330 169.140
169.410 170.940
170.940 172.500
172.530 175.620
175.620 178.980
179.100 181.830
181.830 183.300
183.300 184.200
184.230 186.660
186.660 190.110
190.200 191.910
191.910 195.270
195.480 199.500
199.500 201.600
201.900 207.840
207.840 209.550
209.550 222.900
223.020 226.530
226.530 234.480
234.480 235.410
235.410 243.090
243.270 246.210
246.240 248.100
248.100 252.750
252.840 254.910
255.240 256.320
256.410 264.090
264.090 265.350
265.350 268.950
269.070 272.610
272.760 277.890
277.890 283.920
283.950 290.910
290.910 297.270
297.750 304.950
304.950 311.160
311.160 313.290
313.320 317.220
317.310 337.860
337.860 349.320
349.680 352.500
352.590 357.720
357.930 361.680
361.710 364.710
364.950 374.340
374.460 376.350
376.530 377.640
377.820 383.310
383.310 386.400
386.400 389.640
389.640 393.570
393.720 395.490
395.520 396.780
396.780 397.830
397.830 400.470
400.470 403.410
403.410 404.610
405.420 409.830
410.130 413.370
413.460 415.680
415.710 420.480
420.480 426.690
426.690 437.310
437.310 440.100
440.100 443.730
443.730 449.910
449.910 451.440
451.500 452.970
453.120 454.470
454.470 464.820
464.820 466.860
466.860 470.370
470.640 472.350
472.560 478.710
478.710 480.750
480.750 484.830
484.830 486.750
486.750 489.420
489.900 492.780
492.780 496.380
496.500 511.830
511.830 516.150
516.210 525.330
525.330 536.160
536.160 539.670
539.790 541.530
541.530 542.760
542.760 546.150
546.150 549.960
