0.000 20.190
20.190 34.470
34.650 37.860
38.040 44.940
44.940 49.110
49.950 50.580
51.180 63.810
63.930 64.980
65.550 95.970
96.030 110.370
110.730 124.260
125.100 130.590
130.590 162.870
162.900 163.830
164.010 165.390
166.170 167.820
167.820 175.380
175.680 209.130
209.130 224.400
224.400 232.080
232.080 237.720
237.720 241.080
241.200 247.110
247.110 247.890
247.890 252.540
252.540 256.980
257.010 271.380
271.770 275.970
275.970 293.190
293.340 315.600
315.630 332.130
332.130 337.530
337.980 355.470
355.470 370.050
370.560 376.410
376.770 391.200
391.410 393.450
394.380 403.020
403.020 410.760
410.790 416.400
416.430 418.980
419.160 426.960
427.410 434.910
434.910 436.530
436.530 446.100
446.100 447.540
447.540 461.280
461.280 471.240
471.240 475.290
475.290 516.960
517.020 533.010
533.010 556.290
556.290 563.310
563.910 565.260
565.260 568.200
568.200 569.070
569.070 580.560
580.830 597.510
