0.000 17.520
17.520 19.470
19.470 37.830
37.830 38.580
38.580 41.430
41.490 47.430
47.430 48.840
49.230 52.350
52.350 56.040
56.040 61.140
61.140 62.280
62.280 72.750
72.900 94.620
94.830 99.480
99.600 102.630
102.720 115.470
115.470 123.510
123.510 124.200
124.620 126.090
126.090 132.120
132.120 135.780
135.810 142.020
142.080 153.600
153.600 157.200
157.380 158.340
158.730 174.810
174.870 180.900
180.960 185.430
185.430 195.150
195.150 197.250
197.250 198.000
198.000 202.200
202.200 209.160
209.340 211.080
211.110 224.970
225.030 228.630
229.380 234.210
234.480 235.380
236.430 244.500
244.500 254.430
254.430 258.300
258.300 272.160
272.160 274.770
274.770 276.660
276.660 278.820
280.260 287.160
287.160 290.280
290.460 297.750
298.650 311.100
311.100 320.430
320.430 324.870
324.870 327.660
327.660 331.200
331.200 334.680
334.890 339.570
339.690 345.240
345.240 348.540
349.410 353.760
353.760 360.540
360.540 367.350
367.350 382.110
382.110 385.590
385.590 386.340
386.400 394.890
394.890 409.380
409.620 412.800
412.800 414.840
414.840 420.330
420.450 427.140
427.140 432.300
432.300 434.640
434.700 439.320
439.320 444.660
444.660 461.040
461.160 463.080
463.380 465.180
465.270 468.240
468.240 482.400
482.400 501.750
501.780 504.270
504.270 510.210
510.240 514.110
514.110 516.690
516.690 519.030
519.030 522.060
522.060 524.430
524.460 526.890
527.250 529.290
529.320 535.710
535.740 539.490
539.550 549.390
