0.000 11.370
11.370 55.950
56.250 67.980
68.100 70.710
71.520 111.330
111.390 126.030
126.030 139.770
139.860 144.210
144.660 151.680
152.640 153.270
153.360 167.700
167.700 173.820
174.180 175.020
175.020 181.410
181.410 182.880
183.180 184.680
184.830 185.670
185.730 186.960
187.680 189.540
189.570 194.850
199.260 200.370
200.370 202.470
203.550 205.350
205.500 212.580
213.030 214.410
214.500 218.640
218.640 220.050
220.560 221.610
222.240 223.860
225.630 226.770
226.980 228.570
228.630 230.010
230.310 232.560
232.830 233.820
235.590 236.280
236.550 239.820
240.030 241.170
241.260 243.570
244.200 246.270
248.340 250.200
251.310 255.630
257.760 258.570
258.900 259.650
260.190 261.210
261.210 262.890
262.890 263.760
264.000 267.090
267.630 269.490
270.540 271.410
275.010 286.470
286.860 287.550
287.910 291.300
292.020 295.290
295.290 297.360
297.360 303.450
303.660 304.380
304.590 306.150
307.920 308.850
308.910 313.740
318.480 319.080
319.080 322.320
322.740 327.450
327.450 336.720
336.960 339.570
346.140 351.810
352.020 356.460
357.030 361.980
362.160 364.410
364.410 367.110
367.530 370.200
371.190 373.770
373.770 374.430
374.730 379.680
380.010 382.230
384.600 391.530
392.040 392.790
392.820 398.580
398.580 404.340
404.340 406.590
408.000 409.230
409.830 415.110
415.140 422.970
422.970 432.330
432.330 434.010
435.540 438.270
438.270 440.790
440.850 442.050
444.300 445.320
445.380 448.770
449.820 453.900
453.960 455.970
456.120 457.530
458.790 460.620
460.620 465.840
466.410 467.850
468.870 470.010
470.790 472.620
475.410 477.390
479.700 480.300
480.690 483.750
483.750 490.320
490.500 495.660
496.590 498.570
498.720 500.610
501.930 505.920
509.460 512.040
512.040 515.400
515.460 517.500
518.100 521.370
524.400 529.380
529.680 531.690
533.310 535.170
535.260 539.520
539.640 542.850
544.500 545.760
546.570 548.610
549.960 551.700
551.790 553.560
555.630 556.440
556.440 559.050
563.370 564.240
564.750 566.700
566.700 569.880
570.570 571.830
571.980 573.510
574.200 575.640
575.790 577.050
580.560 582.270
582.720 586.170
586.230 588.570
588.840 592.980
593.670 595.170
596.250 598.080
599.760 601.170
602.130 603.630
605.580 606.450
606.450 617.700
618.030 618.780
618.990 623.250
623.490 628.470
628.650 630.120
630.120 651.420
