0.000 18.030
18.510 36.960
36.960 50.040
50.100 58.830
58.950 61.140
62.430 64.470
64.830 67.920
67.920 70.020
70.380 71.640
71.730 72.810
73.530 75.540
75.630 78.780
79.080 79.800
79.830 82.350
84.630 89.940
90.090 94.680
95.400 99.030
99.030 108.240
108.270 109.500
110.250 111.990
112.140 113.490
113.550 114.540
114.660 117.690
117.720 118.860
118.890 120.930
122.550 124.170
124.920 126.630
127.320 132.150
132.330 134.460
134.460 144.030
144.090 146.130
146.190 149.640
150.900 151.770
151.770 154.110
154.620 155.280
156.120 158.550
159.000 160.170
160.290 161.130
161.130 170.760
170.760 171.630
171.810 173.610
173.940 176.340
177.390 181.260
181.590 185.730
186.150 187.440
187.680 189.480
190.080 193.290
194.190 197.790
199.530 200.250
200.790 201.630
201.750 203.520
203.910 208.710
210.360 211.860
213.990 214.770
216.240 224.490
225.300 227.340
227.340 239.220
239.220 245.100
245.250 246.690
246.930 248.100
248.160 250.530
251.220 252.390
252.660 256.830
257.190 264.090
264.090 268.410
268.410 269.520
270.180 270.870
271.110 272.250
272.370 292.080
292.590 301.770
302.610 304.320
304.680 306.090
306.090 307.590
309.330 311.040
311.730 318.270
319.620 324.810
327.840 329.160
329.160 334.380
334.770 335.700
337.260 339.360
340.470 341.220
341.250 342.510
342.990 349.110
349.290 352.200
352.620 353.340
353.340 357.990
358.110 361.470
361.500 373.260
374.100 381.810
382.380 390.690
390.690 392.220
392.220 403.380
404.310 408.720
408.990 410.490
410.490 414.300
