0.000 11.940
12.150 18.000
18.000 18.870
18.930 22.710
22.800 28.590
28.590 32.040
32.100 42.540
42.750 45.360
45.780 47.700
47.790 48.570
48.840 54.390
55.140 57.060
57.330 58.230
58.590 59.700
59.760 61.980
64.380 65.040
65.040 78.840
78.840 80.730
81.060 82.290
83.400 86.880
86.880 90.960
90.990 91.980
93.240 94.680
96.360 98.010
98.280 99.690
99.690 100.680
101.880 102.810
104.130 106.290
106.320 107.040
107.040 108.690
110.460 116.340
116.670 121.710
122.550 123.300
125.970 132.240
132.570 134.220
134.220 138.930
138.930 141.450
141.510 145.110
145.110 151.080
151.230 152.610
152.700 155.070
155.850 156.870
156.990 158.610
158.640 159.870
160.380 162.240
163.770 165.300
165.480 167.250
167.550 168.270
168.270 172.530
172.830 175.230
175.530 176.700
177.750 179.250
181.050 183.900
184.080 188.730
190.470 192.690
192.840 193.800
194.220 195.180
195.510 196.800
199.350 200.670
202.380 206.460
207.030 208.980
209.580 211.350
211.860 212.790
213.210 214.050
214.050 215.880
216.210 217.500
217.650 218.430
218.670 222.570
223.200 224.430
224.550 225.630
226.440 227.280
227.430 229.440
229.440 235.080
235.080 237.720
238.200 239.250
239.790 242.040
242.040 243.150
243.300 244.890
245.010 251.820
251.820 255.720
255.720 263.640
264.120 264.870
265.320 276.630
276.630 282.360
282.360 285.030
285.030 292.770
293.100 297.090
297.510 303.480
304.410 306.300
306.300 308.280
308.940 309.660
310.020 311.130
311.130 317.730
317.730 319.320
319.950 322.350
324.600 330.630
330.960 332.550
333.120 333.960
334.080 337.170
337.410 338.190
338.190 369.570
369.840 375.090
375.120 393.330
393.330 394.830
395.130 397.560
397.560 410.820
410.970 414.420
414.420 416.220
416.640 418.350
418.590 419.910
421.710 425.940
426.780 430.290
430.290 431.040
432.420 435.390
437.850 439.950
444.150 445.050
445.770 451.920
452.040 453.990
455.520 457.590
457.980 462.030
462.390 467.580
468.150 474.210
474.300 477.510
478.140 486.000
486.960 510.930
