0.000 13.590
13.650 17.310
17.490 32.520
32.520 35.340
35.340 36.870
36.870 38.430
38.430 43.350
43.350 44.760
44.970 47.100
47.400 49.560
49.560 51.870
52.170 54.150
54.150 57.990
58.110 65.070
65.130 69.300
69.300 72.420
72.510 80.910
81.090 96.180
96.180 103.230
103.500 105.600
105.720 110.430
110.430 112.770
112.770 119.010
119.010 121.530
121.530 131.700
131.850 138.720
138.840 142.650
142.650 144.600
144.600 151.170
151.170 162.360
162.360 166.200
166.320 174.930
174.960 179.010
179.040 186.000
186.060 191.250
191.370 202.500
202.500 204.390
204.390 207.390
207.390 208.860
209.220 210.630
210.630 214.860
214.920 219.990
220.230 221.460
221.460 222.780
222.840 224.280
224.700 229.110
229.260 236.400
236.550 240.030
240.090 245.190
245.370 251.040
251.310 254.970
254.970 267.300
267.330 268.620
268.620 272.310
272.310 273.990
274.080 275.340
275.340 280.500
280.500 286.770
286.770 287.610
287.760 291.450
291.480 292.710
292.830 297.270
297.270 300.930
300.930 301.800
301.860 303.150
303.180 310.980
310.980 313.950
313.950 317.340
317.340 320.790
320.820 323.190
323.190 328.560
328.860 332.850
332.850 336.510
336.540 339.270
339.270 346.050
346.050 348.840
348.840 351.240
351.270 353.670
353.670 358.920
358.920 365.010
365.070 368.250
368.250 370.440
370.710 376.170
376.200 378.660
378.690 379.290
379.290 384.750
384.750 387.930
388.140 393.450
393.570 394.830
394.920 402.630
402.630 406.170
406.170 409.290
409.290 418.890
418.890 421.200
421.440 425.880
426.360 427.980
428.280 430.680
431.010 433.230
433.320 435.600
435.600 436.740
436.800 440.100
440.100 441.720
442.200 446.670
446.670 459.930
459.930 463.560
463.590 466.650
466.680 468.330
468.330 470.130
470.250 472.020
472.020 474.000
474.090 480.930
480.990 484.050
484.050 485.070
485.310 487.620
488.100 491.130
491.130 491.730
491.730 496.620
496.620 497.640
497.640 500.130
500.130 503.700
503.700 505.770
505.770 506.610
506.610 512.160
512.430 514.020
514.020 517.290
517.290 519.510
519.720 521.670
521.910 523.410
523.560 529.050
529.050 530.430
530.580 532.170
532.290 534.930
534.930 536.190
536.280 539.010
539.040 541.560
541.560 543.120
543.120 558.360
558.360 561.060
561.060 569.970
570.000 577.020
577.050 579.630
579.720 585.570
585.570 586.560
586.560 589.590
589.890 591.780
591.780 595.380
595.380 596.760
596.760 599.160
599.220 601.170
601.170 606.870
606.900 617.220
617.430 618.990
618.990 619.950
620.490 623.100
623.100 627.390
627.390 628.380
628.530 633.660
633.690 636.780
636.780 642.660
642.660 648.450
648.450 652.110
652.110 664.200
664.290 667.770
667.770 672.750
672.750 674.490
674.490 687.990
688.050 689.610
689.640 696.300
696.300 701.640
701.640 705.120
705.120 707.520
707.520 709.680
709.680 711.450
711.450 712.710
712.830 713.910
714.150 722.070
722.280 723.390
723.390 727.440
727.710 733.110
733.170 734.250
734.250 736.590
736.650 741.780
741.780 749.160
749.220 750.570
750.630 753.390
753.660 757.890
758.220 768.960
769.320 774.180
774.180 776.580
776.580 778.110
778.110 780.750
780.780 783.120
783.120 790.500
790.620 794.820
795.180 796.230
796.230 800.520
800.610 803.970
804.030 805.710
805.770 809.010
809.010 813.750
814.320 818.010
818.340 819.900
820.470 827.550
827.550 829.620
829.620 831.840
831.840 833.520
833.520 840.840
840.840 842.640
842.700 844.650
844.950 846.420
847.200 849.870
849.900 855.930
855.930 874.770
874.980 880.800
880.920 891.420
891.420 896.310
896.310 898.890
898.890 900.690
900.780 903.180
903.180 913.680
913.680 925.110
925.380 928.020
928.020 931.740
931.950 935.640
935.640 937.080
937.080 940.170
940.320 943.080
943.200 944.880
944.880 950.460
950.550 955.230
955.410 963.180
963.180 969.300
969.300 971.010
971.010 981.300
981.300 982.470
982.470 986.040
986.040 987.000
987.180 989.490
989.490 992.670
992.760 994.830
994.980 1000.830
1000.830 1003.140
1003.230 1008.240
1008.240 1009.650
1009.650 1011.930
1011.930 1016.880
1017.210 1020.240
1020.240 1024.680
1025.370 1028.910
1029.150 1031.790
1032.180 1037.010
