0.000 14.430
14.820 16.470
16.470 18.360
18.600 19.680
19.890 21.930
22.080 23.700
23.760 27.300
27.570 31.620
32.460 35.520
35.970 38.700
39.240 41.370
42.480 51.900
51.900 57.690
57.810 59.880
60.090 62.820
62.970 65.040
65.040 69.360
69.390 72.300
72.300 73.770
73.770 75.060
75.360 76.140
76.200 80.340
80.340 83.580
83.580 84.960
84.960 86.250
86.250 87.360
87.360 89.130
89.220 90.030
90.030 92.310
92.490 93.150
93.150 93.900
94.680 97.020
97.350 102.510
102.510 103.440
103.440 104.790
105.180 109.560
109.980 110.580
110.580 112.260
112.380 115.440
116.520 120.330
120.480 121.980
122.520 124.650
124.830 125.670
126.390 130.920
131.280 134.040
135.030 135.840
136.260 137.760
137.760 141.420
142.050 147.630
147.630 151.950
152.040 153.540
153.630 158.940
159.390 162.240
162.570 163.710
164.040 167.160
167.280 174.990
175.530 177.750
177.750 178.350
178.410 181.710
182.250 183.750
183.750 184.920
185.730 188.070
188.070 190.620
190.680 192.450
192.510 196.290
196.380 200.850
200.910 201.690
201.750 204.930
204.930 206.730
206.790 207.750
207.930 209.580
209.580 212.490
212.490 213.240
214.020 217.290
217.620 218.970
218.970 220.020
220.020 224.340
224.580 226.890
227.130 231.090
231.090 231.870
231.870 233.490
234.210 236.610
236.670 238.650
238.740 239.520
239.520 240.210
240.210 242.130
242.250 243.780
243.780 247.560
247.860 250.830
250.830 254.460
254.460 257.640
257.670 261.480
261.780 269.070
269.310 270.630
270.630 272.310
272.460 274.050
274.050 275.760
276.030 279.900
279.900 284.640
285.210 287.310
287.460 289.470
290.190 297.180
297.180 298.260
298.260 304.950
305.130 307.080
307.110 308.430
308.790 312.030
312.030 314.040
314.250 315.900
315.900 318.600
318.930 319.680
320.250 321.480
321.480 322.680
322.680 323.730
323.970 325.620
325.650 326.250
326.250 330.540
331.230 334.890
334.890 339.900
340.050 341.280
341.670 344.940
345.060 346.410
346.470 347.940
348.990 349.590
349.590 350.820
350.820 352.680
352.680 353.460
353.460 357.900
358.200 363.750
364.380 370.020
370.020 371.730
371.760 372.510
372.510 373.170
373.620 378.390
378.690 379.680
379.680 381.570
381.600 383.700
383.940 387.750
387.750 389.040
389.040 391.680
391.830 393.510
393.810 401.220
401.460 403.410
404.070 405.570
405.570 409.020
409.650 414.030
414.030 416.100
416.100 419.070
419.100 424.230
424.440 425.160
425.280 426.600
426.990 428.370
428.550 430.140
430.140 431.430
431.550 434.370
434.640 436.770
437.070 437.940
438.990 440.280
440.280 440.880
441.240 442.860
442.860 445.980
446.070 449.100
449.100 450.900
450.990 452.730
452.790 456.030
456.210 456.930
457.140 459.570
459.630 460.620
460.620 461.670
461.730 465.150
465.720 467.370
467.550 469.320
469.800 470.640
470.700 474.780
475.350 478.980
479.040 479.760
479.760 481.380
481.380 483.810
483.840 484.530
484.530 486.270
486.270 487.740
488.160 490.800
490.980 492.330
492.390 493.140
493.530 496.260
496.260 496.950
497.790 500.880
500.880 504.150
504.150 504.900
505.020 507.360
507.750 509.910
510.360 511.260
511.260 512.850
512.850 514.710
514.920 520.260
520.290 525.540
525.900 528.390
528.390 533.370
533.490 534.660
534.660 535.680
535.740 538.800
539.040 541.140
541.140 542.340
542.400 544.290
544.290 547.170
548.010 548.850
549.390 551.400
551.400 558.090
558.090 561.390
561.390 564.780
564.840 567.240
567.240 568.080
568.080 570.600
570.600 574.830
574.890 584.400
584.400 586.020
586.050 588.750
588.750 598.080
598.410 599.310
599.310 604.500
604.560 608.550
608.760 610.440
610.440 614.760
614.760 616.080
616.080 617.730
617.730 623.220
623.490 630.060
630.060 633.000
633.090 634.140
634.170 638.190
638.190 641.280
641.280 644.130
644.280 647.160
647.190 656.070
657.030 664.470
664.470 669.060
669.060 678.060
678.360 679.350
679.350 682.590
682.590 688.890
688.890 692.760
692.790 705.060
705.060 714.630
714.660 721.980
722.850 726.450
726.510 729.900
730.080 736.020
736.110 737.130
737.130 740.880
