0.000 14.940
15.060 17.220
17.220 25.260
25.680 31.080
31.080 35.040
35.130 38.730
38.730 46.260
46.320 49.770
50.070 53.220
53.220 54.870
55.140 59.010
59.310 63.510
63.750 67.500
67.500 68.490
68.790 69.540
69.930 71.400
71.580 77.400
77.550 81.480
81.510 84.090
84.450 85.440
85.440 87.090
87.090 87.810
88.140 90.990
90.990 92.340
92.340 94.590
94.680 98.310
98.310 101.550
101.580 105.060
105.060 107.820
107.820 109.770
109.800 113.550
113.730 115.500
115.590 117.960
118.230 122.070
122.220 123.600
123.600 128.850
129.120 129.870
129.870 132.870
132.870 133.530
133.530 136.980
137.250 139.380
139.500 141.510
141.600 144.390
144.780 151.320
151.320 153.000
153.060 156.180
156.300 158.760
158.790 170.520
170.550 172.140
172.230 174.720
174.720 177.690
177.810 182.970
183.360 191.700
191.700 195.750
195.810 196.500
196.500 198.960
198.960 201.330
201.450 205.680
205.740 208.200
208.380 210.510
210.600 214.200
214.200 215.340
215.520 218.910
219.240 220.830
220.890 225.150
225.150 227.670
227.670 229.920
230.100 235.200
235.290 240.300
240.660 244.500
244.620 247.140
247.170 249.240
249.330 250.710
250.710 251.790
251.790 259.860
259.890 262.530
262.650 267.210
267.480 271.860
271.860 272.580
272.880 274.470
274.470 276.720
276.720 278.700
278.730 285.960
286.230 286.950
287.700 288.960
288.960 294.390
294.630 299.130
299.130 305.670
305.670 309.120
309.630 311.760
311.910 315.330
315.480 318.240
318.330 321.390
321.480 322.200
322.350 325.290
325.380 332.160
332.340 335.130
335.190 338.670
338.670 341.250
341.250 345.360
345.750 352.860
352.980 354.780
354.780 357.120
357.150 362.910
362.910 365.070
365.160 367.500
367.500 370.980
371.280 374.820
374.820 378.030
378.030 379.650
379.650 382.320
382.650 386.430
386.640 387.480
387.600 390.660
390.660 396.720
396.720 403.440
403.620 409.680
409.680 414.060
