0.000 10.800
10.800 12.330
12.330 15.570
15.930 17.820
18.360 20.880
21.210 22.680
22.800 24.600
24.600 26.130
26.130 32.580
32.940 40.170
40.980 42.930
43.680 46.320
46.590 50.640
51.990 52.650
52.650 53.580
54.030 55.020
55.020 56.370
56.670 58.380
58.380 62.430
63.300 64.560
64.560 66.120
66.150 78.030
78.480 80.940
81.030 82.500
82.500 83.310
83.310 86.880
86.880 92.190
92.430 96.750
96.990 100.620
100.800 102.720
103.230 109.950
110.010 111.990
112.020 114.780
115.140 124.170
124.200 129.810
129.870 132.270
132.270 134.940
135.000 137.370
137.670 138.450
138.930 142.290
142.770 145.140
145.290 148.260
148.260 152.250
152.640 155.370
155.370 157.620
157.800 160.950
161.220 163.440
163.860 165.630
165.630 169.050
169.050 169.710
169.710 173.520
173.760 174.690
175.320 178.020
178.230 183.600
183.630 187.170
187.320 188.370
188.730 193.290
194.310 195.870
196.800 197.790
198.030 200.400
200.400 201.090
201.150 202.470
202.500 204.360
204.480 208.380
208.680 210.420
210.420 211.440
211.440 214.980
215.010 219.270
219.270 222.270
222.540 224.010
224.190 225.180
225.180 229.590
229.620 231.840
232.140 234.360
234.630 237.660
237.750 239.100
239.100 244.260
244.890 248.430
248.700 251.760
251.760 253.860
253.860 255.240
255.360 259.530
260.160 263.940
264.180 268.710
268.830 269.850
269.910 274.050
274.590 276.930
277.110 278.880
279.060 281.550
281.670 284.550
284.550 286.500
286.950 288.420
288.420 289.770
289.890 292.530
292.530 296.550
296.550 297.870
298.020 300.390
300.840 303.390
303.540 307.230
307.530 309.900
310.200 315.150
316.020 316.710
316.710 319.290
319.830 320.850
320.910 322.860
323.010 327.840
328.260 330.330
330.330 333.570
333.570 335.460
335.460 342.750
342.750 345.000
345.000 345.750
345.750 346.920
346.920 347.850
347.970 351.480
351.480 356.490
356.490 357.690
357.690 360.510
360.630 363.570
363.570 366.900
366.900 372.930
373.020 374.550
374.550 375.450
375.900 382.800
383.130 385.230
385.230 389.040
389.130 393.420
393.660 398.160
398.160 399.090
399.150 401.100
401.100 402.930
402.930 404.220
404.220 405.600
405.780 409.050
409.050 411.300
411.600 413.880
414.270 415.230
415.260 417.780
418.200 420.120
420.570 425.910
425.970 426.840
427.200 428.940
429.240 430.110
430.110 430.830
430.830 432.840
432.870 433.860
433.860 438.570
439.260 441.660
441.750 445.680
445.800 447.150
447.780 451.770
451.830 455.520
455.520 457.200
457.230 457.950
457.980 459.630
459.900 463.080
463.320 466.080
466.320 468.180
468.510 471.960
471.960 474.450
474.480 478.140
478.500 484.020
484.170 487.320
487.350 490.680
491.220 494.640
494.820 499.470
499.740 502.950
503.190 505.470
505.650 507.690
508.380 512.220
512.460 514.140
514.410 518.700
518.700 519.540
519.750 521.160
521.250 522.300
522.300 523.200
523.770 527.760
527.820 532.050
532.050 538.620
538.710 542.070
542.220 545.100
545.220 547.350
547.920 549.630
549.690 552.270
552.420 554.220
554.220 555.930
555.930 561.330
561.330 566.610
566.610 567.420
567.930 569.970
570.000 571.050
571.440 574.170
574.170 575.160
575.160 576.630
576.960 580.080
580.530 581.850
581.940 584.550
584.970 585.780
585.780 586.980
586.980 588.030
588.030 590.610
590.970 592.170
592.380 594.690
594.690 598.080
598.740 600.450
600.450 603.120
603.930 606.270
606.630 607.890
608.040 614.730
614.910 616.260
616.530 618.570
618.990 623.880
623.880 626.550
626.640 628.890
628.980 629.670
629.760 632.520
632.520 635.490
635.490 636.300
636.420 639.150
639.240 641.970
642.060 643.260
643.290 646.140
646.140 647.310
647.550 649.680
649.680 653.970
654.210 658.140
658.260 661.350
661.440 664.050
664.140 667.500
667.710 668.670
668.670 671.820
671.820 674.310
674.490 675.390
675.450 678.360
678.390 681.270
681.270 683.760
684.000 685.230
685.380 688.710
688.710 694.290
694.290 695.130
695.160 697.830
697.920 702.750
702.750 707.280
707.490 709.470
709.470 713.010
713.430 721.500
721.620 724.740
724.920 726.060
726.060 728.790
729.000 732.810
732.810 734.610
734.760 738.060
739.050 742.530
742.620 746.070
746.070 748.230
748.230 752.670
752.940 756.150
756.150 758.280
758.280 760.710
760.860 765.750
765.780 767.790
767.790 771.510
