0.000 10.830
10.890 14.910
15.390 34.950
35.850 54.210
54.600 71.070
71.070 73.920
74.220 85.050
85.050 105.660
106.410 109.860
110.130 113.190
113.190 120.540
120.540 123.390
126.600 128.310
128.310 130.800
131.100 135.420
135.660 145.200
145.200 147.960
147.960 151.740
152.100 156.150
156.300 165.510
165.510 180.450
181.110 181.710
181.710 191.100
191.190 194.520
194.520 210.660
210.750 213.600
213.600 219.000
219.360 221.130
221.700 224.940
224.940 232.980
232.980 247.230
247.230 262.860
262.860 264.210
264.540 266.520
266.550 272.070
272.490 277.890
277.890 282.750
282.750 283.350
283.740 288.120
288.300 291.270
291.510 294.030
294.150 321.750
322.020 323.910
324.000 326.340
326.460 329.730
330.180 330.990
331.140 335.700
335.730 343.320
343.320 352.410
352.440 353.430
353.430 355.560
355.560 358.230
358.800 362.430
363.090 375.930
376.200 384.240
384.270 392.100
392.100 398.820
398.820 404.820
405.270 408.270
408.270 409.170
409.650 412.920
412.920 417.810
418.320 427.710
427.710 434.190
434.190 435.720
436.230 438.990
439.770 442.890
442.980 452.430
452.520 454.590
454.590 455.190
455.190 458.970
458.970 460.650
460.650 461.760
461.760 480.120
480.420 489.360
489.390 503.640
503.640 507.660
507.690 531.000
531.000 542.910
543.330 544.530
544.530 548.640
548.640 557.850
557.880 560.220
560.220 561.360
561.360 565.230
