0.000 12.540
12.630 14.430
14.430 28.710
28.710 33.630
33.660 35.130
35.880 43.320
43.320 45.900
45.900 47.790
47.790 50.310
50.640 52.680
52.680 58.440
58.950 73.320
73.710 81.390
81.780 85.200
85.560 86.370
87.000 89.190
89.640 92.490
92.700 94.800
94.800 131.400
131.490 132.720
132.720 134.460
135.030 137.760
137.790 144.150
144.150 148.290
148.380 150.150
150.180 151.470
151.470 152.970
155.310 156.000
157.830 160.680
160.950 168.630
168.900 173.850
173.850 175.740
175.860 178.650
179.160 180.240
180.240 184.860
185.400 187.200
187.830 188.610
188.880 191.730
193.260 194.610
197.010 199.620
200.280 201.780
203.010 207.540
207.600 219.930
220.110 222.270
222.330 225.510
226.020 227.130
227.130 232.620
232.980 235.320
235.320 250.080
250.230 252.540
252.810 255.540
255.960 260.070
260.340 262.830
262.980 267.990
268.260 272.100
272.490 273.240
273.300 277.080
277.230 279.180
279.390 280.080
280.080 281.790
281.940 282.810
282.810 286.470
287.550 288.570
288.960 289.890
290.760 293.610
294.480 300.090
300.090 302.430
302.640 306.240
306.510 307.170
308.040 311.760
312.150 319.410
319.470 321.780
321.780 323.730
323.730 325.350
325.350 328.740
328.740 329.670
329.670 332.610
332.610 333.630
333.840 335.040
336.360 343.650
343.950 345.270
345.870 347.010
347.550 348.600
350.370 351.660
353.100 359.850
359.910 361.740
361.770 363.450
363.570 370.650
370.710 372.300
372.300 378.990
378.990 383.310
383.730 386.130
386.220 390.270
390.300 401.190
401.340 405.120
405.270 406.800
406.800 410.250
410.250 416.790
416.790 418.530
418.740 423.810
423.810 426.270
426.570 431.430
431.580 435.600
435.600 437.610
437.790 451.950
452.040 452.640
452.640 453.990
453.990 458.460
459.120 459.810
460.860 466.410
466.830 468.690
468.810 469.950
470.520 479.610
479.760 482.370
482.700 484.560
485.070 486.720
489.030 490.800
490.800 494.280
495.840 496.650
496.710 498.840
499.500 500.880
501.300 503.100
503.430 504.120
504.120 505.800
505.800 508.200
508.440 511.920
511.920 518.850
519.240 519.930
519.990 526.200
526.320 530.220
530.220 530.910
531.570 532.380
533.640 537.330
537.840 544.530
544.590 547.080
548.010 552.990
553.050 563.220
563.250 567.090
