0.000 20.460
20.460 21.720
21.720 26.370
26.580 34.590
34.590 38.460
38.610 48.750
48.750 54.390
54.390 55.980
55.980 57.540
57.600 60.390
60.570 61.380
61.380 62.250
62.550 64.020
64.320 74.160
74.310 76.320
76.380 103.200
103.200 104.550
104.790 106.020
106.950 110.220
110.220 112.920
113.460 115.890
116.190 117.720
118.830 120.870
121.140 122.370
122.490 123.450
123.960 126.450
127.350 131.310
133.800 139.350
139.350 140.520
140.670 143.730
144.090 145.740
146.730 148.410
149.040 149.910
150.090 150.810
150.810 154.920
155.700 156.390
157.050 161.250
161.250 163.500
163.500 166.440
166.440 167.040
168.150 173.700
173.880 176.730
176.730 179.580
179.580 183.840
184.080 187.800
188.160 188.850
189.090 190.830
190.980 222.510
222.510 232.710
232.710 235.740
236.040 238.320
240.270 248.670
250.980 254.520
255.480 258.150
258.150 260.190
260.190 262.710
263.250 265.230
266.490 269.820
269.820 271.530
271.740 274.920
275.400 279.840
279.930 281.670
284.790 285.810
285.810 290.070
290.940 291.810
292.500 293.190
293.250 294.600
294.720 299.160
299.370 300.090
300.090 304.350
304.830 309.870
310.950 314.250
314.250 316.230
316.230 317.940
319.050 321.810
322.500 326.880
326.880 334.470
334.950 337.380
337.530 338.280
340.170 342.960
343.140 344.190
344.190 347.490
347.670 348.420
348.840 350.160
351.030 352.110
355.080 358.440
358.710 363.150
363.240 366.870
367.020 368.850
369.930 372.480
372.900 375.330
375.450 376.710
378.330 379.230
380.640 381.930
382.140 383.520
383.850 384.930
385.110 389.400
389.610 392.310
392.610 396.510
396.660 397.320
398.520 399.570
399.630 400.530
400.920 408.450
408.900 412.710
412.800 413.490
413.490 414.900
416.730 417.750
418.020 420.570
424.860 426.450
427.680 428.700
428.760 431.940
432.180 433.080
433.620 434.550
435.660 437.850
437.910 441.510
441.510 443.010
443.340 447.120
447.210 449.130
449.430 450.090
450.090 452.160
453.960 455.940
455.940 457.500
457.920 460.290
460.290 470.550
470.970 472.350
472.410 474.360
474.720 476.370
476.370 480.150
480.450 481.350
482.340 484.530
485.280 487.470
492.600 494.580
494.730 496.080
496.350 498.540
498.600 499.920
500.670 501.510
501.750 503.010
503.100 504.180
504.180 510.300
511.980 512.700
512.850 517.710
518.700 519.450
519.570 522.150
522.420 524.010
524.160 528.120
528.150 529.170
529.380 530.550
531.690 536.670
537.210 537.990
538.110 540.990
543.750 544.620
545.160 546.300
546.480 556.650
556.650 567.840
568.200 571.980
572.130 574.050
574.260 575.100
575.340 576.930
576.930 579.090
579.390 582.120
582.780 586.290
587.220 589.290
593.340 595.200
595.500 597.810
598.470 602.460
602.610 605.520
605.580 607.740
607.740 615.330
615.330 616.920
617.070 624.060
624.060 624.660
624.660 626.340
626.340 627.870
627.930 632.940
633.330 633.990
635.370 639.330
639.600 644.670
644.910 651.780
652.350 655.590
657.420 658.200
661.260 662.730
664.950 667.110
667.110 668.460
668.760 671.550
672.630 673.590
674.940 681.600
682.020 685.200
685.590 686.640
686.700 689.160
689.460 691.860
697.230 699.450
699.750 703.380
703.410 705.900
707.550 711.330
711.420 715.770
716.160 718.530
719.490 720.270
720.480 725.010
725.820 726.570
728.460 731.220
731.400 734.310
738.120 742.440
742.440 748.650
748.650 757.200
757.380 770.790
770.880 773.190
773.760 778.200
778.800 780.240
780.570 781.860
782.730 785.520
787.350 788.700
789.420 790.800
792.810 794.160
794.160 795.210
795.300 799.050
803.040 806.460
806.550 808.320
809.190 812.280
813.660 814.380
814.440 818.100
818.400 819.990
819.990 823.140
823.380 824.160
824.160 825.570
825.570 828.300
831.090 832.200
832.680 836.550
838.050 839.760
842.100 844.980
844.980 845.970
846.450 849.660
849.870 851.820
851.820 852.960
853.020 854.580
855.870 857.040
857.190 858.660
860.280 862.890
864.840 865.890
868.590 871.290
871.860 874.500
875.760 879.210
880.710 881.760
882.360 883.740
883.950 885.420
886.620 889.350
889.950 891.990
892.350 896.190
897.630 899.820
899.820 901.350
902.040 903.450
905.520 906.450
906.720 917.010
917.040 918.870
918.870 921.540
922.440 923.190
923.190 924.540
925.890 931.710
931.920 932.700
934.920 935.940
936.090 939.360
940.350 941.760
945.990 948.300
948.510 953.010
953.940 954.690
954.720 958.560
961.620 962.490
963.510 965.880
967.260 968.190
968.190 969.090
969.450 970.950
971.370 978.360
978.360 981.300
981.390 990.270
991.050 991.770
991.770 994.290
995.790 1001.670
1002.480 1003.560
1004.700 1009.110
1009.560 1011.780
1011.870 1026.870
1026.960 1027.830
1027.830 1030.680
1030.770 1034.070
1034.070 1037.730
1037.970 1040.910
1040.910 1054.920
1055.070 1058.610
1059.270 1063.080
1063.500 1071.960
1072.770 1073.790
1073.790 1088.220
1088.970 1099.050
1099.050 1112.730
1112.730 1115.430
1115.430 1118.430
1118.430 1132.800
1132.920 1137.030
1137.030 1138.620
1138.710 1152.240
1152.240 1158.030
1158.030 1161.840
