0.000 44.010
44.040 47.790
47.790 50.970
50.970 53.010
53.130 59.550
59.580 61.650
61.800 64.110
64.290 65.760
65.910 66.540
66.780 69.750
70.410 76.950
76.950 85.680
85.980 90.630
90.690 92.250
92.340 104.160
104.610 106.350
107.280 109.530
109.620 111.480
113.010 116.490
116.490 122.670
123.330 124.050
124.740 127.110
127.200 128.760
128.910 130.710
131.040 133.560
134.190 137.670
137.670 145.080
145.290 146.580
147.030 148.410
149.340 152.010
152.190 157.470
157.680 158.640
158.640 161.850
162.420 163.890
164.970 166.830
169.020 171.450
171.450 180.420
180.870 182.790
183.180 191.250
191.250 191.910
192.570 195.480
195.480 198.690
198.810 202.830
204.030 205.590
206.550 210.360
210.480 211.890
216.150 219.000
219.030 223.980
224.010 226.230
226.560 228.690
229.530 230.250
230.250 235.110
235.110 240.990
242.130 250.830
251.070 255.780
255.930 257.220
257.700 259.050
259.470 260.670
261.000 262.260
264.750 274.980
275.130 277.440
278.100 278.940
278.970 281.250
281.490 283.590
288.600 289.470
289.770 302.370
302.460 305.130
306.210 306.960
308.460 310.680
310.680 312.180
312.450 319.770
319.830 326.100
326.280 327.210
327.600 328.290
329.430 330.480
330.480 341.700
341.700 346.650
346.890 352.230
352.740 354.330
354.390 358.380
358.920 362.130
362.130 365.910
365.910 367.410
367.590 368.550
368.550 372.960
372.960 375.600
375.600 376.980
376.980 397.800
397.800 409.620
409.620 440.550
440.550 441.180
441.780 452.700
452.730 462.060
462.060 463.440
463.470 465.930
466.080 466.890
466.890 469.380
469.380 472.170
472.170 476.250
477.000 477.750
480.480 482.340
482.340 497.700
497.700 500.130
500.130 503.340
503.340 504.660
504.780 509.820
510.420 514.380
514.890 517.080
517.200 520.950
521.280 525.270
525.330 526.860
526.980 531.150
532.050 534.300
536.130 543.000
544.740 547.800
548.130 549.990
550.050 551.670
554.670 558.660
560.160 563.700
566.280 567.360
567.360 568.890
569.310 589.590
589.770 590.580
590.730 596.280
596.490 603.030
603.030 604.500
606.000 608.490
608.580 609.300
609.420 617.700
617.700 618.960
618.960 631.530
631.530 637.230
637.320 650.280
650.280 654.570
654.570 665.310
665.310 667.290
667.380 695.130
695.130 698.520
698.550 706.530
706.530 715.170
715.560 733.710
733.710 738.840
739.110 743.130
