0.000 15.420
15.660 17.910
17.910 20.760
20.940 27.150
27.150 30.510
30.510 32.130
32.400 34.500
34.620 42.960
42.960 43.920
43.920 45.540
45.570 50.070
50.070 52.890
52.890 55.140
55.140 59.520
59.580 64.350
64.350 66.000
66.000 69.720
69.720 76.350
76.350 82.080
82.110 85.140
85.230 95.790
95.820 98.040
98.040 102.420
102.420 106.980
106.980 110.490
110.490 116.190
116.190 117.930
118.350 119.880
119.880 121.200
121.350 125.400
125.580 128.790
128.940 135.240
135.420 144.090
144.090 145.950
145.950 153.570
153.570 160.620
160.620 165.030
165.060 166.470
166.800 171.330
171.360 172.740
172.740 179.820
179.910 181.770
181.770 186.300
186.360 193.440
193.440 204.120
204.120 209.820
209.820 213.690
213.780 217.710
217.950 218.790
218.790 220.800
220.800 221.760
221.760 225.060
225.210 229.050
229.140 232.050
232.320 243.690
243.690 246.000
246.000 248.640
248.790 250.710
250.710 252.390
252.390 254.250
254.280 256.920
257.040 259.320
259.320 263.880
263.970 266.370
266.430 270.330
270.330 271.530
271.530 274.770
274.950 277.140
277.140 278.550
278.550 282.210
282.210 286.860
286.860 291.870
291.870 302.820
302.940 307.050
307.620 310.140
310.140 314.100
315.060 317.910
317.910 319.890
319.890 327.630
327.660 335.130
335.190 338.640
338.730 343.710
343.740 344.760
344.760 349.200
349.200 354.150
354.330 355.800
355.800 362.160
362.160 363.900
363.900 365.700
365.700 366.810
366.930 369.330
369.510 371.370
371.370 372.660
372.660 374.340
374.340 377.700
377.790 379.170
