0.000 15.540
15.720 19.050
19.050 32.010
32.130 34.590
34.590 37.260
37.680 42.690
43.050 45.600
45.720 46.560
46.740 48.810
50.190 50.820
52.620 57.120
57.180 64.530
64.620 66.390
69.300 70.230
70.230 72.030
72.300 74.520
74.520 76.380
76.920 78.210
79.020 80.430
81.450 82.980
85.050 91.620
91.620 95.220
96.000 99.480
99.480 102.840
103.200 104.520
105.210 106.920
110.190 111.510
111.510 115.200
115.530 117.810
118.230 120.090
120.420 124.860
124.860 127.980
127.980 131.880
132.900 135.780
135.780 137.040
137.640 138.540
138.540 141.870
142.500 143.760
144.090 147.390
147.390 151.260
151.260 152.070
152.760 153.690
153.750 158.700
158.760 162.300
163.620 164.550
165.960 169.710
169.710 171.480
172.530 174.810
176.940 179.970
179.970 184.050
184.740 185.610
186.720 187.320
187.380 190.470
190.680 193.410
193.410 194.640
195.240 197.640
198.240 199.950
199.980 202.170
205.950 207.600
208.080 210.540
210.720 213.510
215.310 218.220
218.280 220.590
222.210 223.050
225.390 227.100
227.190 229.320
229.320 230.970
232.080 232.860
233.730 236.670
236.880 238.110
238.320 249.540
249.870 250.860
250.860 256.320
257.430 258.540
258.600 260.310
261.810 263.190
263.490 264.780
266.100 266.850
266.970 269.100
269.220 272.490
276.600 279.210
279.330 281.280
281.400 283.260
283.890 285.720
285.720 286.860
286.980 292.110
292.710 293.640
293.640 295.590
296.010 302.940
303.510 308.190
308.940 310.080
310.320 312.000
313.290 315.810
316.140 317.130
318.570 319.680
320.880 321.840
324.300 326.250
326.280 328.110
328.380 332.610
333.810 334.560
334.650 335.820
336.000 339.720
340.230 345.090
345.330 348.330
349.440 358.470
358.590 365.370
365.790 371.490
378.240 379.740
381.840 383.040
385.290 385.890
386.820 390.750
390.750 394.620
395.100 396.000
396.750 400.800
401.010 404.340
404.970 408.000
408.360 409.410
409.410 413.580
413.700 416.310
416.460 417.540
417.930 418.830
419.340 421.830
421.950 422.850
422.850 425.070
425.250 430.800
430.800 431.730
432.180 433.050
433.590 435.210
436.170 443.820
444.150 445.860
446.550 449.820
450.030 453.090
455.550 458.160
458.160 461.070
462.120 463.950
465.180 466.080
466.110 469.920
470.100 473.580
474.390 478.890
480.870 484.560
484.590 486.810
488.400 489.330
489.330 493.590
494.100 495.390
495.390 496.770
496.800 498.030
498.750 499.650
501.420 503.280
503.490 506.490
509.670 510.720
510.720 511.980
511.980 517.020
517.140 522.600
522.600 525.660
525.840 535.020
535.020 539.430
539.430 541.500
541.590 544.650
544.650 548.760
548.760 553.920
553.980 557.160
557.160 560.490
560.580 561.990
