0.030 15.090
15.090 36.570
36.630 41.490
41.490 47.730
47.730 50.190
50.190 53.970
53.970 57.270
57.270 58.650
58.680 60.960
60.960 63.960
63.960 69.180
69.240 79.140
79.140 86.790
86.790 106.470
106.470 116.790
116.790 130.410
130.560 143.640
143.670 146.850
146.850 150.270
150.300 165.360
165.360 172.980
173.220 177.120
177.120 186.180
186.270 196.860
196.920 199.350
199.380 202.680
202.680 209.340
209.340 214.830
215.010 218.070
218.070 219.420
219.450 230.580
230.580 234.120
234.120 239.040
239.070 253.680
253.740 268.500
268.500 278.220
278.220 296.160
296.370 299.790
299.790 315.570
315.570 323.610
323.610 333.990
334.020 335.400
