0.000 17.400
17.400 19.770
19.770 24.780
24.840 27.090
27.090 31.230
31.230 39.720
39.810 45.240
45.240 48.810
50.040 53.670
56.700 59.430
59.490 62.580
63.570 64.320
64.590 66.480
70.440 73.530
73.530 75.450
75.450 77.130
77.880 78.690
79.020 81.510
81.630 82.980
84.690 88.770
91.530 92.700
92.760 95.760
96.180 97.290
97.410 99.660
99.870 106.380
106.380 108.000
108.600 110.730
111.120 112.140
113.430 114.150
115.440 119.370
120.270 121.680
122.100 123.150
123.480 125.280
126.510 129.900
130.380 132.570
133.950 136.380
136.830 141.120
141.450 144.240
144.780 145.530
145.530 147.360
147.690 151.140
151.140 152.820
152.820 157.230
157.380 158.670
164.280 167.910
172.260 175.950
176.580 177.330
177.330 180.090
184.350 188.040
188.730 190.050
190.350 192.390
194.730 200.970
200.970 202.680
204.960 207.660
208.950 213.300
217.440 219.750
219.900 222.060
222.420 223.110
223.230 225.270
225.330 228.510
228.750 230.070
232.560 235.530
237.930 239.520
239.520 241.620
243.540 248.220
248.790 249.420
249.420 250.950
251.490 253.830
254.010 260.250
260.550 262.980
263.280 264.180
267.270 269.700
270.150 271.890
272.190 274.470
275.460 276.540
281.610 285.690
286.110 287.220
288.600 290.070
290.250 292.740
292.740 297.480
298.860 301.530
301.590 304.860
305.670 308.160
308.700 309.690
311.250 313.800
313.830 319.710
320.160 323.280
325.530 326.910
326.970 328.140
328.620 330.480
330.570 332.520
333.000 333.840
335.160 337.650
337.650 342.570
342.570 346.320
348.360 349.170
349.170 351.600
351.780 352.800
352.800 355.350
358.890 361.260
362.340 369.150
371.490 377.040
379.770 382.950
383.850 384.810
384.810 385.710
385.740 388.980
390.060 391.020
391.110 393.660
394.500 397.230
397.230 403.770
403.800 407.400
407.400 409.800
409.830 412.170
412.170 414.060
414.660 418.110
420.240 421.770
422.550 423.510
425.610 427.620
430.800 436.380
436.470 439.680
440.760 444.360
444.900 446.040
446.430 452.520
453.030 457.320
459.870 461.070
461.070 472.350
472.350 476.370
476.370 479.340
479.340 481.740
481.860 483.150
483.150 486.570
486.690 488.070
