0.000 15.330
15.330 22.440
22.530 47.490
47.490 48.690
48.690 52.470
52.530 56.010
56.010 60.390
60.450 62.340
62.400 66.840
66.840 68.310
68.310 111.900
112.110 114.750
114.810 115.620
115.620 118.860
119.160 123.570
123.630 128.400
128.430 147.810
147.810 185.040
185.040 186.300
186.300 194.490
194.490 197.610
197.610 246.630
246.630 251.820
251.970 258.870
258.900 267.360
267.480 272.370
272.370 279.090
279.090 290.520
290.520 310.170
310.320 313.200
313.200 317.310
317.310 326.010
326.100 331.020
331.020 339.330
339.360 348.840
348.840 360.240
360.240 370.170
370.170 390.780
391.170 406.710
406.740 437.280
437.280 445.800
445.800 451.980
451.980 456.840
456.930 462.600
462.660 470.820
470.820 475.380
475.380 477.360
477.480 487.260
487.260 489.330
489.330 502.920
502.920 508.470
508.500 509.880
