0.000 13.860
13.860 16.650
16.830 21.090
21.420 24.450
24.450 28.560
28.560 30.120
30.120 34.830
34.830 37.260
37.410 40.110
40.110 42.090
42.660 50.970
51.420 52.440
52.440 54.180
54.180 56.400
56.400 66.450
68.880 71.430
72.120 74.310
75.030 76.560
84.030 89.910
90.180 91.500
91.680 93.240
94.320 97.140
98.730 102.030
102.030 103.170
104.430 109.080
109.500 110.460
110.460 112.710
113.220 114.540
117.210 119.820
119.820 121.950
122.220 123.630
124.080 126.450
128.760 131.370
131.700 132.690
132.690 138.180
138.240 140.460
140.460 144.240
144.810 146.010
150.330 152.130
152.130 152.820
153.030 154.530
154.980 156.060
156.510 157.170
158.460 159.900
160.140 161.070
162.060 163.320
164.070 165.330
167.490 171.000
172.440 176.160
176.160 177.840
177.840 180.540
180.540 182.610
183.420 184.020
184.230 185.160
186.090 186.690
186.690 187.590
187.590 189.360
189.360 192.900
196.350 201.090
201.300 202.590
204.690 206.970
207.240 210.690
211.050 212.550
214.020 214.980
215.220 216.960
217.980 219.090
219.210 219.960
220.380 221.550
222.270 223.110
223.320 225.270
230.880 233.010
234.120 236.160
238.260 241.770
242.100 242.940
243.450 244.740
244.740 246.390
246.450 249.420
250.560 259.260
259.530 260.520
263.340 265.590
266.640 268.530
269.850 270.690
273.270 276.330
276.330 279.000
279.900 282.060
283.470 285.330
286.110 287.430
287.760 292.140
292.140 293.160
293.250 299.040
299.100 300.960
300.960 302.430
302.940 303.990
304.080 309.360
309.630 311.340
311.610 317.130
317.640 325.830
325.920 327.510
327.960 332.280
332.610 335.190
335.640 341.610
342.210 344.190
344.310 347.070
350.370 353.310
353.310 354.300
354.330 361.080
361.170 362.790
363.690 367.710
369.150 370.890
371.070 376.080
376.500 377.940
377.970 379.860
381.720 385.800
386.010 388.290
388.290 390.840
390.870 393.390
393.480 394.230
394.980 396.060
397.320 399.930
400.200 401.910
402.210 402.930
403.980 407.190
408.450 410.550
410.640 413.910
414.030 415.620
415.710 417.450
417.660 419.550
419.820 422.220
422.700 426.150
426.690 429.600
431.970 432.870
434.850 437.190
437.280 438.810
439.020 439.890
439.980 443.850
443.970 446.820
447.720 449.160
453.690 455.460
455.940 458.850
462.960 463.830
466.890 467.730
467.970 470.970
470.970 472.410
473.670 476.040
476.610 478.800
481.050 484.590
486.960 489.180
492.360 496.410
498.600 500.520
504.450 505.500
505.680 506.790
506.790 509.010
509.190 512.040
515.370 516.420
516.420 519.450
519.870 522.840
525.810 527.820
529.200 529.980
534.120 535.050
535.080 536.580
537.240 538.320
542.850 546.300
547.380 552.120
552.360 554.310
554.460 556.080
556.830 558.210
559.650 560.640
561.210 562.770
563.250 565.170
567.960 568.770
568.980 572.850
574.380 575.070
575.070 582.180
582.690 583.890
584.850 587.910
588.690 591.780
592.680 593.310
597.510 604.740
604.740 607.620
607.620 609.480
609.480 615.120
615.120 618.180
618.180 622.080
622.080 625.650
625.950 628.140
628.140 631.050
631.530 632.730
632.730 635.490
635.940 636.840
637.380 644.880
644.880 652.320
652.800 653.730
653.730 656.730
656.850 658.530
658.530 659.940
660.960 662.040
663.510 665.160
667.410 669.000
669.300 672.360
673.260 674.850
676.410 677.280
678.030 680.130
681.240 682.740
682.740 683.880
684.180 685.380
686.730 689.700
692.370 693.030
693.570 695.280
695.700 696.540
696.600 697.710
697.950 699.690
699.690 701.040
701.040 702.030
703.500 704.160
705.450 706.290
706.440 710.160
710.700 716.940
717.900 719.100
719.100 721.890
722.430 723.900
723.900 725.940
726.180 730.080
730.290 732.060
732.360 733.920
734.610 736.080
737.400 741.180
741.180 744.480
744.960 745.770
745.860 748.260
748.590 750.510
750.990 753.330
753.330 755.400
755.850 757.050
757.050 760.620
760.620 761.520
761.640 766.200
766.200 767.430
767.850 768.810
768.810 769.770
769.770 772.170
774.570 777.930
779.820 781.140
783.270 784.440
785.130 787.260
788.430 789.420
790.110 791.250
793.050 795.450
795.570 796.770
796.860 804.030
804.480 806.760
808.050 810.960
811.320 812.130
812.400 814.020
814.020 815.910
816.210 819.480
819.840 821.100
821.100 822.000
822.870 825.600
826.350 828.960
829.140 830.430
830.520 831.570
833.070 834.960
835.800 839.340
840.270 843.330
843.330 845.520
851.430 853.800
854.040 855.330
855.810 856.680
856.680 859.230
859.710 863.040
863.040 864.480
866.220 867.240
869.850 872.820
873.060 875.220
875.430 876.720
876.720 879.810
880.110 883.590
883.860 886.590
887.400 890.580
890.760 892.770
893.670 894.750
895.590 901.020
901.080 906.570
906.870 908.250
908.370 911.700
912.090 913.170
913.860 914.790
914.790 918.960
919.770 920.760
922.110 925.920
926.220 927.660
928.110 929.940
930.030 931.590
931.590 936.000
936.000 936.900
936.990 939.540
939.960 944.670
945.600 946.620
947.010 949.950
952.830 954.570
957.300 959.640
959.640 962.130
962.250 966.600
966.600 968.910
969.510 970.410
970.440 975.240
975.300 978.630
978.780 982.080
982.080 985.620
985.620 995.430
995.700 1002.270
1002.270 1004.640
1004.850 1007.490
1007.490 1013.310
1013.550 1018.350
1018.590 1022.100
1022.220 1023.600
