0.000 16.350
16.410 18.900
18.900 23.400
23.490 33.300
33.300 48.450
48.660 62.160
62.190 160.470
160.470 164.820
164.820 166.530
166.530 167.610
167.610 184.980
184.980 187.110
187.290 190.980
191.010 194.250
194.250 195.570
196.020 212.790
212.790 213.390
213.390 236.190
236.250 241.170
241.170 249.270
249.270 269.550
269.790 279.960
280.020 288.600
288.600 305.040
305.130 350.850
350.850 356.070
356.460 359.880
360.750 373.170
373.170 384.300
384.300 402.510
402.750 414.750
414.930 417.420
417.420 427.560
427.560 439.350
439.350 441.060
441.060 443.970
444.300 447.660
447.660 453.900
454.080 463.050
463.140 472.920
472.980 474.270
474.270 476.160
476.160 490.680
490.680 496.860
496.950 499.800
499.800 505.440
505.440 512.220
512.220 530.340
530.580 536.310
536.460 542.100
542.100 547.770
547.800 552.390
552.510 553.890
