0.000 24.480
24.480 26.610
26.610 32.580
32.580 40.230
40.440 45.540
45.540 49.800
49.800 54.750
54.750 57.270
57.270 70.020
70.200 79.260
79.500 95.430
95.580 108.150
108.240 122.910
122.910 136.590
136.620 140.310
140.310 156.390
156.450 174.210
174.210 181.140
181.140 204.090
204.090 229.740
229.740 233.340
233.340 277.500
277.560 287.160
287.160 290.400
290.430 294.840
294.840 303.390
303.570 313.710
313.740 319.350
319.350 323.400
323.400 332.070
332.070 340.680
340.680 345.270
345.360 354.810
354.810 367.290
367.290 372.270
372.270 374.340
374.400 394.980
394.980 398.370
398.520 406.320
406.320 412.320
412.320 414.690
414.690 431.400
431.400 446.280
446.460 450.060
450.090 451.560
451.560 469.710
469.710 472.080
472.110 473.370
473.430 475.200
475.290 477.720
477.720 482.010
482.010 489.810
489.810 514.200
514.200 523.290
523.470 529.710
529.740 538.320
538.320 546.030
546.030 551.760
551.850 554.190
554.190 561.570
561.660 567.420
567.510 568.890
