0.210 15.780
15.870 20.040
20.040 21.930
21.930 23.130
23.130 50.820
50.820 58.830
58.830 68.610
68.610 75.450
75.450 83.310
83.340 91.560
91.620 95.580
95.580 96.420
96.450 98.880
98.880 101.430
101.430 102.930
102.930 103.770
103.770 105.300
105.300 106.260
106.290 115.320
115.320 116.340
116.340 122.310
122.310 125.610
125.940 129.300
129.300 132.720
132.720 137.160
137.160 139.980
139.980 142.800
142.800 150.000
150.000 151.440
151.440 153.840
153.840 155.100
155.100 158.100
158.100 159.510
159.510 162.000
162.060 164.130
164.160 165.780
165.780 176.760
176.760 180.480
180.510 182.310
182.310 185.340
185.370 187.800
187.800 189.150
189.180 191.940
192.060 193.980
193.980 195.030
195.150 202.230
202.350 205.080
205.080 206.040
206.040 207.840
207.870 209.040
209.070 211.950
211.950 214.680
214.710 218.430
218.460 220.110
220.140 221.670
221.730 224.430
224.430 235.770
235.770 241.770
241.770 243.180
243.180 248.100
248.100 248.760
248.760 249.780
249.780 254.100
254.160 256.080
256.080 257.250
257.250 258.540
258.540 260.220
260.220 262.560
262.560 285.090
285.090 287.250
287.340 288.420
288.420 291.990
292.020 299.460
299.640 302.880
302.880 321.840
321.990 324.870
325.140 326.820
326.940 331.860
331.860 334.410
334.470 336.900
337.050 340.050
340.350 342.960
342.960 344.910
344.910 349.170
349.170 351.150
351.150 352.170
352.170 366.480
366.480 367.770
367.770 375.660
375.660 379.170
379.170 383.220
383.280 386.130
386.190 399.990
399.990 404.880
404.880 405.930
405.930 411.840
411.840 415.830
415.830 424.110
424.110 430.290
430.320 436.890
436.890 445.950
445.950 459.150
459.150 465.210
465.360 469.410
469.620 486.480
486.480 488.160
488.280 489.450
489.450 493.980
494.190 496.200
496.200 504.960
504.960 508.920
508.920 519.690
519.690 523.470
523.470 536.370
536.370 541.080
541.080 543.450
543.450 551.310
551.310 556.290
556.290 579.990
579.990 581.010
581.010 583.260
583.260 586.470
586.470 587.460
587.490 589.500
589.500 596.640
596.820 597.750
597.750 600.300
600.300 604.080
604.080 605.280
605.280 609.660
609.690 616.350
616.350 617.700
617.700 619.200
619.320 621.060
621.060 622.500
622.530 624.510
624.510 625.980
625.980 629.250
629.250 635.820
635.820 637.500
637.500 645.060
645.060 646.200
646.200 649.470
649.530 651.420
651.480 656.220
656.250 657.990
658.050 672.240
672.240 686.790
686.790 691.860
691.860 693.120
693.120 694.020
694.020 696.300
696.300 700.320
700.320 703.350
703.350 715.320
715.320 728.040
728.040 732.300
732.300 734.970
735.060 736.500
736.500 748.800
748.800 757.560
757.560 766.290
766.320 774.270
774.270 792.030
792.030 802.500
802.500 812.190
812.190 813.870
813.870 818.100
818.100 828.420
828.420 829.770
829.770 831.240
831.240 832.740
832.740 843.570
843.570 845.310
845.310 850.590
850.620 851.970
