0.000 14.670
14.670 15.870
15.870 16.920
17.010 20.490
20.490 22.590
22.590 29.700
29.700 33.630
33.630 43.140
43.200 44.430
44.490 47.580
47.580 50.400
50.430 56.520
56.550 66.480
66.480 72.150
72.150 79.470
79.620 81.900
81.900 87.900
87.930 92.610
92.700 97.980
97.980 99.060
99.090 105.270
105.300 122.190
122.190 127.980
127.980 133.710
133.770 137.910
138.000 143.760
143.790 149.280
149.280 155.550
155.550 157.320
157.320 163.530
163.590 171.840
171.840 177.420
177.660 178.680
178.680 186.930
186.930 200.190
200.220 207.990
207.990 209.730
209.730 211.770
211.830 214.230
214.230 216.870
216.870 220.050
220.140 225.210
225.300 227.430
227.430 230.220
230.310 237.900
237.900 239.100
239.100 243.000
243.030 244.470
244.470 252.600
252.780 253.680
253.680 254.880
254.880 256.200
256.260 257.130
257.130 265.740
265.920 271.680
271.860 274.260
274.260 280.020
280.050 284.280
284.280 286.710
286.710 291.060
291.060 291.840
291.840 293.370
293.370 307.080
307.110 313.800
313.800 315.750
315.960 320.400
320.400 321.270
321.270 322.770
322.860 324.840
324.840 331.950
331.950 335.010
335.040 336.900
336.990 338.970
338.970 341.040
341.040 344.520
344.520 345.990
345.990 347.700
347.730 351.270
351.480 355.020
355.140 364.890
364.890 369.360
369.360 381.000
381.000 390.420
390.420 391.890
391.950 399.870
400.230 402.510
402.510 404.820
404.820 410.460
410.520 412.470
412.590 413.670
413.970 416.250
416.430 420.510
420.570 421.740
421.830 428.100
428.130 434.730
434.820 437.130
437.130 438.540
438.540 444.960
444.960 446.850
446.850 459.450
459.600 462.930
462.930 468.480
468.480 471.060
471.060 474.780
474.780 480.450
480.450 491.190
491.190 492.090
492.090 500.190
500.190 504.390
504.390 518.280
518.370 520.080
520.200 522.870
522.870 532.290
532.290 534.630
534.720 536.040
536.130 538.230
538.410 541.050
541.050 541.920
541.920 543.690
543.690 549.120
549.120 556.620
556.620 559.650
559.680 560.910
560.910 565.110
565.110 568.740
568.740 574.950
574.950 578.700
578.730 584.910
584.910 587.040
587.040 593.130
593.130 597.390
597.450 604.650
604.740 607.020
607.200 612.030
612.090 619.080
619.080 623.190
623.190 626.640
626.670 631.200
631.230 654.510
654.570 656.430
656.430 658.140
658.140 663.360
663.360 671.100
671.130 674.070
674.070 676.260
676.350 677.040
677.190 684.270
684.270 685.800
685.800 688.320
688.320 694.080
694.080 702.720
702.720 710.520
710.520 714.900
714.900 729.600
729.600 733.260
733.260 747.150
747.150 750.060
750.060 757.080
757.080 759.330
759.480 764.520
764.580 766.410
766.500 774.960
774.960 780.120
780.120 781.260
781.260 787.890
787.890 790.530
790.530 792.420
792.420 793.950
793.950 795.000
795.000 798.840
798.840 806.250
806.250 807.750
807.750 809.250
809.250 814.770
814.770 819.480
819.510 823.560
823.560 824.820
824.820 833.670
833.730 834.960
834.960 846.780
846.780 851.100
851.100 857.820
857.820 860.580
860.580 862.290
862.770 871.350
871.470 872.850
