0.000 14.880
14.880 16.710
16.830 25.980
26.040 33.150
33.210 46.530
46.530 72.330
72.330 93.090
93.090 99.030
99.090 100.200
100.200 101.670
101.670 104.070
104.070 108.810
108.810 110.370
110.370 112.500
112.740 116.460
116.460 120.600
120.660 127.050
127.050 138.000
138.000 140.910
141.090 142.380
142.740 146.070
146.070 149.970
149.970 151.500
151.530 155.940
155.940 163.260
163.260 169.260
169.260 184.020
184.020 186.300
186.300 189.360
189.360 205.470
205.470 208.830
208.830 209.820
209.820 214.620
214.620 219.570
219.570 221.610
221.610 224.340
224.340 226.500
226.500 242.790
242.790 246.150
246.150 249.270
249.270 251.670
251.730 254.220
254.400 260.190
260.190 266.760
266.760 270.870
270.900 273.870
273.870 281.580
281.580 286.680
286.680 297.840
297.840 317.130
317.220 328.200
328.200 341.040
341.040 345.960
346.020 351.270
351.270 352.950
353.040 363.090
363.090 370.200
370.200 372.960
372.990 382.020
382.020 388.500
388.500 392.100
392.100 393.090
393.090 399.060
399.150 405.000
405.000 408.960
409.020 413.190
413.190 417.810
417.900 419.880
419.880 429.180
429.180 441.840
441.840 449.850
449.850 456.870
456.870 460.920
461.070 462.750
462.750 464.670
464.670 466.890
466.890 470.130
470.130 478.620
478.620 483.900
483.900 517.950
517.950 521.100
521.190 523.890
523.890 525.180
525.180 536.100
536.100 541.830
541.830 542.940
542.940 544.110
544.170 546.420
546.420 550.980
550.980 564.510
564.510 570.930
571.080 573.660
573.660 579.420
579.630 581.520
581.640 588.840
588.840 601.230
601.230 604.200
604.200 624.420
624.420 641.580
641.580 648.630
648.630 650.850
650.850 654.450
654.450 664.710
664.860 674.910
674.910 680.280
680.370 681.750
