0.000 28.950
28.980 37.620
37.710 40.800
40.800 44.070
44.070 47.190
47.190 50.760
50.760 59.430
59.430 74.790
74.790 87.600
87.600 91.380
91.380 97.740
97.980 130.350
130.380 135.450
135.510 136.320
136.440 139.050
139.050 142.800
142.800 147.360
147.360 149.340
149.340 150.480
150.660 152.790
152.790 154.290
154.290 155.940
155.940 160.020
160.020 161.580
161.580 162.900
162.900 170.370
170.370 179.730
179.730 185.280
185.280 202.890
202.890 205.770
205.770 211.770
211.770 214.860
214.860 225.990
225.990 232.260
232.260 235.230
235.230 239.910
239.910 252.030
252.030 254.730
254.820 260.340
260.430 268.470
268.590 273.150
273.150 273.960
274.140 307.950
307.950 319.920
319.920 343.920
343.980 345.360
345.360 346.770
346.770 349.740
349.740 353.970
353.970 380.790
380.790 404.220
404.220 405.570
405.570 407.880
407.880 409.710
409.710 413.310
413.310 418.140
418.170 425.910
426.330 435.960
435.960 443.010
443.010 447.180
447.180 452.820
452.820 468.450
468.540 474.900
474.900 475.740
475.800 477.840
477.840 489.030
489.030 493.470
493.470 494.790
494.790 505.290
505.290 507.330
507.360 512.280
512.280 515.250
515.250 518.040
518.040 534.780
534.780 540.030
540.030 550.710
550.710 561.330
561.330 598.500
598.500 605.550
605.550 625.830
625.830 636.360
636.360 637.410
637.410 642.510
642.510 644.760
644.760 653.610
653.610 654.330
654.390 664.770
664.770 670.590
670.590 677.310
677.310 683.760
683.760 718.350
718.380 722.490
722.700 725.670
725.760 728.910
728.910 739.890
739.950 741.810
741.810 746.400
746.400 748.530
748.530 752.460
752.460 756.840
756.900 760.080
760.080 773.880
773.910 779.520
779.580 800.370
800.640 804.060
804.060 812.910
812.910 817.590
817.590 824.460
824.460 827.760
827.790 828.840
828.840 837.540
837.600 844.980
844.980 850.380
850.380 860.340
860.340 865.290
865.290 867.090
867.090 878.760
878.790 882.210
882.330 884.670
884.700 887.010
887.010 888.390
888.510 896.190
896.190 900.330
900.330 903.870
903.870 905.100
905.100 910.470
910.470 915.990
916.290 920.820
920.910 922.290
