0.000 23.760
23.790 28.920
29.100 33.360
33.570 39.210
39.210 41.880
41.880 49.110
49.170 55.530
55.530 59.370
60.450 62.040
62.610 67.020
67.020 68.280
69.360 72.900
72.990 80.400
80.400 85.620
85.620 90.030
90.420 91.320
91.440 93.090
93.570 96.480
96.570 100.020
100.020 101.190
101.190 108.540
108.540 114.960
114.960 116.100
116.100 119.910
120.390 121.290
122.400 125.670
126.180 128.340
130.980 132.840
132.900 133.710
133.830 137.520
137.520 138.990
141.360 143.730
146.130 148.110
148.380 151.080
151.080 154.950
154.950 157.170
157.380 158.100
158.100 160.590
162.060 163.800
163.800 168.210
168.360 173.460
173.460 174.060
174.060 175.290
175.320 178.020
178.080 179.760
179.760 180.690
181.350 182.160
182.190 183.180
183.360 185.910
185.910 191.220
191.220 194.190
194.220 195.480
195.720 197.640
197.640 204.240
204.540 207.600
207.840 208.680
209.940 213.120
214.470 215.250
215.250 218.610
220.650 221.460
222.270 223.980
224.100 226.020
226.830 228.270
228.270 229.890
231.390 232.470
234.840 236.280
236.850 239.010
242.340 243.090
243.390 244.740
244.800 246.000
247.680 250.800
251.370 264.990
265.890 266.730
267.030 272.370
273.120 276.870
277.590 278.850
280.020 281.070
281.580 282.690
284.580 286.620
289.290 289.950
290.040 291.060
291.060 292.560
293.520 296.370
299.250 300.540
300.540 301.410
302.310 303.180
305.010 309.870
313.110 313.920
313.920 316.860
317.310 318.180
318.210 319.980
320.490 324.000
324.000 336.480
336.750 338.730
338.790 339.600
339.660 343.800
344.010 344.670
344.850 346.680
347.670 352.470
352.560 359.310
359.790 367.080
367.080 371.250
371.580 376.410
377.190 380.730
380.760 384.300
384.690 387.150
387.150 388.980
389.010 389.670
389.760 392.760
392.760 400.650
400.650 410.340
410.340 412.650
412.710 420.630
420.720 428.430
428.520 431.400
431.400 433.590
433.800 435.690
436.440 449.490
449.760 453.210
453.300 454.680
