0.000 17.670
17.670 27.840
27.900 41.430
41.490 45.120
45.360 51.150
51.210 52.230
52.260 62.430
62.460 79.110
79.290 116.760
116.820 137.280
137.280 138.540
138.540 168.930
168.930 182.820
182.820 252.090
252.120 267.870
267.870 275.190
275.190 298.260
298.380 300.540
300.630 309.000
309.000 344.220
344.220 347.970
347.970 352.170
352.170 368.130
368.130 371.790
371.790 396.540
396.540 431.430
431.460 479.460
479.460 482.040
482.040 483.060
483.060 486.570
486.570 496.470
496.470 497.550
497.550 534.480
534.480 557.640
557.640 575.130
575.130 579.750
579.840 581.220
