0.000 14.760
14.760 24.810
24.810 29.820
29.820 30.870
31.050 36.870
36.870 40.410
40.410 45.960
46.020 46.980
47.550 57.060
57.270 59.010
59.010 61.620
61.650 64.020
64.170 72.210
72.210 79.650
79.650 85.320
85.320 89.400
89.700 91.860
91.950 95.880
96.000 97.590
97.590 101.340
101.340 106.950
106.980 110.160
110.160 112.410
112.470 113.460
113.460 116.070
116.310 118.320
118.320 119.550
119.610 121.290
121.290 122.940
123.210 127.980
128.070 131.820
131.820 132.690
132.720 133.650
133.650 135.060
135.090 138.060
138.300 140.280
140.310 142.260
142.350 144.750
144.750 147.750
147.870 148.950
149.220 150.780
150.780 155.190
155.190 163.620
163.620 172.380
172.380 175.440
175.440 184.080
184.080 185.640
185.940 187.200
187.680 189.630
189.630 191.580
191.640 196.350
196.830 197.850
197.850 200.700
200.880 206.820
207.090 211.950
212.010 214.080
214.230 215.850
215.910 217.380
217.800 221.670
221.670 226.980
226.980 230.130
230.130 231.840
231.930 234.180
234.240 236.010
236.010 238.530
238.530 239.730
240.090 241.230
241.410 243.060
243.210 245.850
245.940 246.930
247.860 248.970
249.210 252.510
253.080 253.800
254.340 257.520
257.520 258.750
258.900 260.040
260.040 261.330
261.600 265.530
265.650 266.490
266.760 270.120
270.720 272.370
272.700 273.360
273.360 274.860
274.920 276.960
277.140 280.110
280.110 281.310
281.310 286.050
286.230 293.520
293.520 296.010
296.160 297.210
297.750 300.660
300.990 303.420
303.450 308.340
308.610 312.660
312.660 313.920
313.920 317.220
317.460 319.350
319.350 324.390
324.420 327.390
327.390 329.880
329.910 334.740
334.740 335.580
335.580 336.510
336.510 339.390
339.390 340.290
340.290 343.500
343.560 351.000
351.000 352.260
352.260 355.890
356.160 360.390
360.480 367.950
368.070 369.420
