0.000 15.780
15.780 22.020
22.020 36.540
36.540 41.100
41.190 42.300
42.330 48.000
48.120 50.880
51.030 54.810
54.810 57.900
58.020 63.210
63.240 65.160
65.160 69.150
69.150 70.830
70.830 77.280
77.310 82.650
82.650 85.890
85.890 87.480
87.480 113.610
113.610 115.950
115.950 119.640
119.640 125.610
125.610 128.070
128.070 132.600
132.600 134.940
134.940 135.930
135.930 137.340
137.340 141.660
141.660 146.070
146.220 147.510
148.080 150.090
150.090 151.350
151.740 153.780
153.900 156.810
157.050 159.570
159.570 171.660
171.660 176.340
176.340 180.990
181.020 186.180
186.180 190.680
190.680 191.940
191.940 197.280
197.340 199.560
199.830 204.330
204.450 207.120
207.120 208.230
208.350 210.990
211.050 212.700
212.700 215.190
215.280 217.890
217.920 220.020
220.080 222.210
222.210 223.980
224.160 226.350
226.350 231.180
231.180 236.700
236.700 241.050
241.200 246.480
246.780 248.310
248.400 250.230
250.230 255.810
255.810 257.820
257.850 259.770
259.770 260.490
260.610 263.280
263.280 266.760
266.760 268.170
268.260 269.340
269.370 270.390
270.390 275.490
275.610 279.840
279.840 283.350
283.350 285.930
285.930 289.620
289.620 295.230
295.230 297.690
297.690 299.520
299.580 304.080
304.080 305.910
305.940 313.320
313.350 314.640
314.640 315.690
315.690 317.130
317.130 320.850
320.910 323.850
324.030 325.170
325.290 327.930
327.990 329.820
329.850 332.010
332.010 334.650
334.650 338.640
338.670 340.530
340.530 342.600
342.720 347.370
347.460 350.370
350.370 351.990
351.990 353.280
353.460 357.180
357.270 359.040
359.040 360.870
360.870 362.040
362.130 370.680
370.680 384.120
384.120 384.720
384.720 386.760
386.910 396.060
396.060 398.610
398.760 411.120
411.120 412.500
412.500 419.730
419.730 422.070
422.070 424.080
424.080 424.680
424.890 426.270
426.270 428.400
428.400 429.720
429.780 431.130
431.580 436.950
436.980 438.240
438.270 443.520
443.640 447.480
447.660 450.840
450.840 452.970
453.090 475.140
475.350 477.300
477.480 479.610
479.610 480.960
481.410 483.390
483.570 485.790
485.790 487.380
487.380 489.330
489.330 490.770
490.920 494.280
494.340 496.680
496.680 498.930
498.930 500.070
500.070 504.450
504.570 507.750
507.750 511.230
511.230 514.830
514.830 517.740
517.740 519.900
520.110 521.970
522.060 524.820
524.880 525.810
525.810 529.830
529.980 530.970
530.970 533.520
533.640 534.750
534.810 538.800
538.800 542.490
542.490 544.860
544.920 545.700
545.880 547.680
547.710 550.260
550.470 551.970
552.150 553.710
553.710 554.700
554.790 556.740
