0.000 13.470
13.650 28.500
28.500 32.100
32.100 45.000
45.180 56.580
56.580 59.520
59.520 73.590
73.590 78.120
78.120 84.360
84.360 87.870
87.870 107.280
107.280 115.290
115.290 129.120
129.120 131.730
131.910 157.770
157.800 162.180
162.180 164.040
164.100 172.530
172.530 183.300
183.360 190.230
190.230 194.490
194.490 201.540
201.540 215.280
215.280 217.560
217.650 225.180
225.180 228.180
228.180 248.430
248.700 265.740
265.740 275.910
275.910 281.520
281.520 289.110
289.110 292.680
292.680 296.940
296.970 309.360
309.360 344.430
344.430 350.760
350.760 361.290
361.290 396.810
396.810 398.160
398.160 399.930
399.930 401.850
401.880 403.230
403.230 425.250
425.310 431.940
432.000 440.670
440.790 461.850
461.850 469.530
469.530 472.860
472.950 474.360
