0.000 13.620
13.620 16.560
16.620 26.940
26.940 29.760
29.760 31.020
31.050 63.990
64.080 68.100
68.100 70.260
70.260 71.580
71.580 74.520
74.520 76.350
76.350 92.280
92.280 107.550
107.730 109.740
109.740 125.310
125.460 162.600
162.600 172.170
172.170 183.630
183.630 190.170
190.170 206.430
206.430 243.120
243.360 253.530
253.530 260.430
260.430 297.360
297.360 338.370
338.370 344.640
344.640 353.640
353.640 357.630
357.630 363.540
363.570 373.830
373.830 389.520
389.520 395.220
395.400 399.720
399.720 408.810
408.810 416.430
416.430 430.800
430.800 448.230
448.230 452.400
452.400 461.250
461.340 462.720
