0.000 13.380
13.440 16.470
16.470 20.730
20.730 34.620
34.620 35.580
35.670 40.950
41.520 42.480
43.080 45.060
50.400 55.500
57.210 59.430
60.450 61.590
62.040 64.860
65.160 66.810
67.830 69.090
69.450 70.380
73.380 75.750
76.230 77.490
79.440 80.790
81.270 83.100
83.340 85.050
86.460 87.210
88.440 90.870
91.470 92.820
93.000 94.890
95.340 98.490
98.940 100.110
100.110 105.660
106.110 108.000
108.150 109.920
110.250 114.210
114.690 115.860
115.890 117.660
118.380 119.340
119.700 121.500
121.710 126.390
126.420 133.350
133.350 136.470
137.220 138.270
138.270 139.380
140.940 142.410
143.790 150.780
150.780 153.840
157.530 159.090
159.480 162.180
162.810 164.670
166.260 168.270
169.110 171.600
171.840 174.330
174.330 175.800
175.800 180.720
181.410 185.520
186.090 189.690
189.720 190.830
191.640 192.450
193.620 196.740
196.740 201.000
201.810 204.360
204.870 205.710
207.060 209.820
212.670 215.970
216.480 220.560
220.560 223.170
223.440 224.160
224.160 226.860
228.840 231.420
234.570 235.440
236.220 237.690
240.390 241.260
241.470 243.330
243.330 245.430
246.210 248.730
249.540 253.380
253.800 254.490
254.640 256.830
256.830 257.490
257.490 263.520
263.850 265.650
265.800 267.330
267.570 270.030
270.630 276.690
276.780 278.010
279.240 281.280
281.580 282.780
284.040 285.870
287.220 290.460
292.200 294.360
295.680 296.970
297.150 300.150
300.450 302.940
307.350 311.190
313.020 314.010
318.240 320.130
320.130 321.720
321.720 323.100
324.360 327.420
327.450 334.080
335.970 338.040
338.970 340.470
342.750 343.920
344.580 345.420
345.420 355.080
355.260 356.070
356.490 358.590
361.530 364.110
364.410 366.660
367.830 370.110
371.010 371.910
374.940 376.890
377.010 379.410
379.410 381.150
382.260 383.370
383.940 389.460
390.060 392.910
392.940 394.170
394.260 395.010
395.010 395.880
396.630 400.260
400.290 406.980
406.980 409.890
410.220 413.220
413.580 415.740
416.190 418.710
419.310 426.810
426.810 428.700
429.720 430.950
431.520 434.040
435.120 437.100
439.980 442.320
443.520 444.690
445.980 447.240
451.200 452.730
452.730 455.130
456.210 457.170
457.770 462.870
463.290 464.220
465.630 467.190
468.210 469.920
469.920 473.910
473.910 476.460
477.540 480.510
481.050 482.010
483.060 484.080
484.080 486.090
487.020 492.090
492.180 494.520
494.730 496.260
497.310 501.240
502.620 506.130
506.430 508.230
508.740 509.640
510.150 516.960
516.960 521.940
522.390 523.260
525.210 526.470
527.130 529.320
530.340 531.750
531.990 535.860
536.010 536.940
538.020 540.540
541.110 541.830
542.010 542.820
542.880 545.370
545.370 547.710
547.770 549.360
550.560 552.450
554.190 555.060
555.270 555.990
555.990 557.700
557.790 560.430
560.490 562.650
563.040 566.160
566.160 568.020
568.350 570.210
570.390 571.260
571.380 573.870
574.470 576.900
577.020 579.480
579.480 580.500
581.220 582.150
583.470 585.810
586.200 588.210
588.570 591.270
593.040 593.760
593.970 595.500
595.650 597.030
597.660 599.220
599.970 610.110
610.110 611.160
612.300 616.020
616.170 619.950
619.950 621.390
622.080 622.830
623.850 625.230
625.230 627.330
629.700 630.570
632.280 633.510
633.810 634.500
635.580 640.410
641.400 648.240
648.330 649.290
649.290 650.880
656.100 658.770
658.800 663.300
663.390 672.750
673.080 675.000
675.000 677.010
677.190 678.810
679.890 684.780
686.550 688.950
691.980 695.670
696.120 698.550
700.500 701.370
702.150 704.730
706.110 709.770
710.100 713.220
713.280 716.490
718.830 725.850
726.780 727.770
728.460 732.060
733.500 734.400
734.520 736.950
737.490 743.040
743.070 745.350
745.950 747.000
747.000 751.650
755.130 756.840
757.200 760.260
760.470 762.390
763.170 765.090
765.390 766.080
766.110 767.610
768.870 772.770
773.340 775.230
775.230 777.660
778.110 780.990
781.050 786.570
786.570 791.640
791.640 793.710
794.910 795.900
796.500 801.600
801.600 802.380
802.530 810.210
810.630 814.620
814.620 827.190
827.190 835.170
835.200 848.940
849.180 851.550
851.640 855.060
855.180 856.560
