0.000 15.360
15.360 17.700
17.760 42.150
42.150 43.500
43.740 44.790
44.790 46.110
46.110 52.500
52.710 53.580
53.580 55.530
55.740 58.530
59.040 59.940
62.970 68.160
68.160 68.820
69.570 73.710
74.520 75.390
76.890 79.110
79.110 82.680
83.550 84.330
84.600 87.090
87.720 91.650
92.100 94.830
95.490 96.240
96.240 100.590
101.040 102.180
103.530 104.400
104.400 106.920
107.670 108.690
108.720 110.400
110.700 111.780
113.670 116.430
116.820 117.690
117.690 120.030
120.990 121.980
122.130 124.020
124.470 125.850
126.720 130.020
130.020 130.740
131.310 133.140
134.310 136.170
136.920 138.120
139.170 139.860
140.070 146.220
146.220 149.430
149.610 151.770
152.100 154.740
154.800 160.020
160.050 161.790
162.480 164.250
164.310 165.360
168.360 169.680
169.860 170.940
171.180 172.050
172.710 173.730
173.730 175.980
179.550 181.110
181.920 182.850
182.910 184.860
186.030 187.830
189.300 190.950
191.040 192.870
194.790 195.960
197.160 198.000
199.140 207.540
208.110 210.960
211.320 214.290
214.650 218.280
218.790 220.110
221.100 222.750
223.230 224.250
224.250 230.070
231.540 234.000
234.000 236.940
238.050 238.740
241.980 243.270
243.630 247.350
248.400 249.240
250.860 253.110
254.160 255.510
256.110 258.870
261.300 265.020
271.260 272.550
272.550 273.930
274.680 275.970
276.450 277.170
278.790 283.770
285.450 288.540
288.810 294.060
299.070 303.420
303.420 306.750
307.110 308.190
308.190 312.690
312.690 318.300
318.330 320.250
320.280 321.780
322.380 323.070
323.910 326.010
326.430 329.730
330.480 331.380
331.380 332.460
332.460 333.600
333.660 334.890
338.370 342.360
342.360 347.580
347.610 349.440
349.950 352.500
352.740 355.080
355.110 361.620
362.400 363.090
364.230 365.100
365.970 369.570
369.870 370.620
370.920 374.250
374.670 378.360
379.710 380.400
380.580 384.420
385.140 386.460
387.900 388.770
389.700 393.420
393.840 397.500
399.120 400.290
400.740 403.320
403.530 410.220
410.910 416.670
416.850 425.550
425.700 427.680
428.610 432.210
433.170 436.020
436.020 440.190
440.970 445.050
445.050 447.420
447.450 449.940
451.200 454.440
454.500 455.580
455.580 460.110
460.170 461.730
461.730 469.590
469.590 474.090
474.090 480.870
480.960 482.340
