0.000 12.900
12.900 17.430
17.430 19.710
19.710 23.880
23.910 48.060
48.060 68.790
68.910 71.490
71.490 74.670
74.670 81.090
81.090 91.590
91.650 93.480
93.480 96.600
96.600 98.760
98.970 109.950
109.950 114.510
114.570 121.260
121.260 135.870
135.870 164.040
164.040 167.010
167.010 171.690
171.690 180.540
180.540 183.000
183.000 189.990
189.990 200.880
200.880 221.490
221.490 232.080
232.080 235.800
235.830 239.040
239.040 249.150
249.150 266.400
266.490 279.450
279.450 286.110
286.110 287.250
287.250 290.010
290.010 291.630
291.630 301.110
301.110 306.540
306.540 307.770
307.770 318.990
319.110 334.380
334.380 356.250
356.250 384.870
384.870 402.510
402.510 404.550
404.580 412.440
412.440 430.050
430.110 433.530
433.650 435.030
