0.000 16.590
16.590 24.450
24.540 28.590
28.650 30.480
30.480 36.420
36.570 38.520
38.520 39.990
40.170 42.690
43.230 49.680
49.890 52.470
52.680 54.810
54.810 55.680
55.980 58.380
58.680 59.640
60.390 61.170
61.200 63.960
64.500 68.760
68.760 71.820
72.090 73.050
73.080 76.740
77.280 81.690
81.690 83.550
83.760 90.540
90.810 93.060
94.170 96.030
96.030 97.380
97.560 99.300
99.480 103.320
104.370 105.660
106.260 107.160
107.880 111.060
111.120 113.280
113.490 117.540
117.570 120.300
120.330 122.880
123.570 124.440
128.970 131.010
131.670 137.880
137.880 141.540
141.540 144.210
144.870 148.110
148.110 151.290
151.290 152.790
152.970 156.900
156.990 160.500
160.620 163.080
163.650 164.370
164.370 166.200
166.230 170.610
171.210 173.340
173.580 179.190
179.190 183.660
184.110 185.640
186.810 187.620
188.670 192.330
192.330 196.530
197.280 198.120
201.990 202.710
202.950 207.210
207.780 208.440
208.440 209.910
210.270 211.680
211.680 215.610
216.060 220.140
220.140 222.900
223.680 227.640
228.150 228.840
228.930 230.790
231.120 237.660
237.870 240.330
241.500 242.610
244.650 247.770
248.250 248.970
249.030 251.310
251.340 254.790
255.120 258.330
258.750 264.300
264.480 265.290
265.890 267.480
268.200 269.700
269.970 271.260
271.560 273.990
275.460 276.360
277.560 278.430
278.430 280.980
281.010 282.780
284.670 286.050
286.110 287.670
287.730 289.530
289.530 290.730
290.940 292.830
292.830 293.580
293.580 295.440
295.440 298.620
299.040 299.880
299.880 302.490
302.490 305.880
306.630 307.260
307.260 312.810
312.870 314.610
314.610 316.080
316.530 317.940
319.800 320.970
321.810 324.960
326.250 326.970
328.320 330.990
332.490 334.440
335.010 336.600
337.950 343.320
345.120 345.930
346.860 348.780
350.160 354.600
355.050 356.820
357.210 357.990
358.260 362.250
362.400 368.550
369.060 372.690
373.590 378.270
378.270 379.680
380.550 381.330
382.110 387.180
388.110 389.370
390.720 391.590
391.590 395.160
396.480 397.260
398.040 400.230
400.890 402.510
402.720 405.630
405.810 406.980
407.820 409.890
409.890 411.090
411.900 417.090
417.090 419.160
419.160 420.450
420.570 422.040
422.460 425.880
426.240 430.080
430.530 431.520
431.520 432.630
433.290 434.040
435.570 436.620
436.620 440.340
440.550 444.900
445.200 445.860
445.860 446.790
446.850 449.010
449.190 450.990
451.260 452.940
453.240 456.270
456.390 458.160
458.190 459.600
459.600 460.830
460.830 462.420
463.050 465.270
468.360 469.440
469.830 473.160
479.790 480.600
480.600 482.700
485.820 486.630
488.280 490.110
491.040 495.810
496.470 499.020
499.230 501.210
501.210 508.140
508.500 511.050
511.050 515.490
515.490 519.450
519.450 522.840
522.960 524.340
