0.000 12.900
12.930 27.960
28.020 29.340
29.700 31.050
31.530 33.240
34.290 35.850
35.850 37.260
38.820 39.870
39.870 44.490
44.610 45.420
45.420 47.400
47.430 49.770
50.160 50.970
50.970 52.830
53.160 55.410
55.710 59.850
61.140 62.640
64.080 67.740
67.740 70.140
70.800 71.520
71.520 73.890
75.000 75.810
77.070 79.110
79.560 81.630
82.590 90.240
90.390 96.720
96.720 102.690
102.780 108.900
108.900 110.520
110.820 116.340
116.460 126.420
126.570 130.410
130.650 132.090
132.090 134.040
134.040 139.590
140.250 143.550
149.610 150.840
151.650 152.400
152.580 157.890
158.280 159.180
159.420 160.380
160.380 162.510
162.780 166.740
167.190 167.910
167.910 171.480
171.660 175.710
176.310 177.180
178.530 182.100
182.460 188.550
190.950 191.760
192.750 196.140
196.200 199.440
199.830 200.610
200.610 204.450
204.480 208.620
208.920 213.840
214.260 215.070
215.190 220.020
221.130 225.120
227.130 228.030
228.330 230.730
231.150 232.650
232.680 235.230
235.440 237.210
237.270 238.800
240.510 241.830
241.830 245.160
245.400 248.670
248.910 249.780
249.780 251.520
252.210 252.990
253.110 254.460
254.640 255.810
256.080 261.330
261.450 262.350
263.760 264.780
264.900 265.890
266.280 266.940
267.180 271.020
271.020 272.250
272.340 277.260
277.530 278.280
278.340 279.540
279.750 281.070
281.580 284.010
284.100 286.500
287.430 289.260
290.130 291.120
292.410 293.130
293.160 294.030
294.180 295.020
295.230 299.790
300.120 308.070
308.460 309.360
311.010 311.820
312.270 319.320
319.530 323.280
323.280 324.960
325.230 328.170
329.490 340.260
340.860 341.730
342.600 345.150
345.660 348.000
348.180 350.100
350.610 351.690
352.890 353.700
353.730 356.820
356.910 358.980
360.240 361.080
362.460 367.050
367.320 368.250
368.310 371.430
371.640 377.760
377.760 379.890
380.490 381.360
382.620 387.330
388.170 389.010
389.160 390.030
390.540 392.370
392.820 395.880
396.030 397.110
397.260 398.340
398.850 400.050
401.130 401.940
402.030 403.920
405.840 406.470
406.590 408.840
409.890 412.020
412.770 413.580
413.820 415.050
416.880 418.800
421.020 421.920
423.090 424.980
425.400 426.360
426.900 427.920
428.640 429.990
430.080 432.780
433.290 438.960
438.960 440.610
441.480 442.230
442.740 444.240
445.530 448.740
449.100 450.930
450.930 453.990
454.020 455.400
456.060 456.750
457.800 461.610
463.560 464.820
466.830 469.860
471.180 473.580
474.720 477.270
477.720 478.440
480.330 481.590
482.010 488.550
488.730 490.920
491.010 494.430
494.640 495.420
495.420 497.070
497.070 502.920
503.160 503.940
503.940 505.800
506.010 509.070
509.760 511.020
511.110 512.040
514.440 515.160
517.710 518.640
521.490 523.800
525.180 527.070
527.430 529.710
529.710 532.770
532.770 533.370
533.550 534.870
535.290 536.250
536.550 537.600
540.270 541.050
543.930 547.440
547.530 550.680
551.070 551.790
551.790 552.540
554.100 557.520
557.520 561.090
561.360 565.350
565.650 567.810
567.810 569.940
569.940 572.190
572.490 573.270
573.270 574.380
574.440 577.650
577.650 578.970
578.970 580.740
580.770 581.850
582.570 583.350
583.350 585.570
585.570 587.190
587.190 591.060
591.180 594.570
594.810 597.000
597.000 599.370
599.430 602.340
602.340 605.310
605.970 607.470
607.470 609.630
610.110 611.280
611.850 613.410
613.860 616.860
617.040 617.730
617.730 620.670
622.320 624.540
626.310 627.240
627.330 628.650
629.130 630.420
630.450 632.340
632.760 634.260
634.260 638.100
638.460 639.240
639.240 640.770
640.980 642.990
643.500 645.270
645.600 648.600
649.020 649.830
650.010 655.830
656.340 657.150
657.780 659.040
659.040 660.690
661.950 662.880
663.450 667.620
667.620 671.070
671.670 675.420
675.420 678.180
678.300 681.780
682.590 683.550
683.970 686.280
686.400 689.340
689.400 691.440
691.560 693.060
694.200 695.160
696.330 697.770
698.010 700.920
701.880 702.750
703.740 704.940
705.540 709.320
709.500 712.950
713.400 715.290
715.290 717.870
718.140 719.460
719.880 720.690
721.890 722.850
724.800 726.870
728.250 734.910
734.970 736.200
736.230 740.340
740.340 743.520
744.090 747.780
747.900 752.670
752.670 756.810
756.810 763.050
763.170 764.550
