0.000 15.570
15.810 16.770
16.770 37.440
37.440 41.310
41.730 49.800
49.800 56.520
56.520 57.960
57.960 70.050
70.050 73.140
73.140 76.380
76.710 80.430
80.580 81.540
81.900 82.770
87.330 93.960
93.960 98.490
98.490 100.320
100.320 103.440
103.440 105.030
105.660 110.670
111.180 113.040
113.460 115.710
117.090 118.860
120.450 121.620
121.620 125.610
126.510 127.530
127.530 129.300
129.300 130.680
130.680 132.510
132.510 134.910
135.180 135.900
135.900 137.850
138.420 139.950
141.120 144.510
144.600 145.710
146.100 147.090
147.900 151.650
151.710 156.120
156.120 161.040
161.040 162.540
163.020 163.950
164.070 164.850
165.090 169.800
170.430 171.150
171.180 173.040
173.700 175.560
175.770 179.040
180.060 180.840
181.200 183.630
185.310 189.840
190.110 190.890
190.890 194.070
194.070 197.670
198.390 199.230
202.020 205.650
205.650 208.860
209.250 213.870
213.870 214.950
215.220 219.480
219.510 221.640
221.970 223.710
224.340 225.180
226.860 229.590
230.010 231.300
231.510 234.540
235.080 239.190
239.610 242.640
244.020 246.540
246.630 247.560
248.790 249.780
250.410 252.810
252.810 254.940
254.940 258.000
258.510 259.350
260.580 261.990
262.950 264.720
265.110 265.980
266.070 270.090
271.830 272.730
272.730 274.620
275.040 276.810
277.380 280.560
281.160 282.780
283.290 286.710
286.770 288.360
288.360 290.130
291.000 294.390
294.480 299.340
299.550 300.330
300.570 301.590
302.670 304.050
305.640 308.610
308.730 309.900
310.080 311.280
311.550 315.660
315.960 316.680
316.680 319.530
319.530 320.580
320.580 325.080
325.080 328.020
328.020 329.520
329.700 330.780
330.990 332.280
332.400 334.500
334.860 335.910
335.970 337.260
337.530 338.790
338.820 343.290
344.220 353.670
354.300 357.000
357.000 361.650
361.650 362.430
363.960 372.750
372.870 375.060
375.390 377.910
378.030 381.000
382.110 387.570
387.690 390.450
391.080 392.430
392.850 394.920
394.920 397.620
399.840 400.770
401.670 403.380
403.500 410.070
410.070 412.500
412.860 415.770
416.280 417.210
417.270 419.670
419.700 422.310
423.030 425.850
426.840 427.710
427.710 428.460
428.520 429.720
431.040 433.410
433.530 434.700
435.000 435.930
436.590 439.440
439.560 445.170
445.320 446.850
447.510 451.620
451.710 455.160
455.250 456.420
456.570 458.070
459.480 460.560
463.980 467.010
467.070 468.270
468.390 470.760
471.180 471.870
472.080 472.860
473.130 478.950
480.600 481.710
481.890 483.030
483.300 484.560
484.890 486.810
487.860 489.690
489.960 491.400
491.400 493.410
493.620 506.760
506.760 512.430
513.570 517.920
518.130 518.850
519.090 522.030
522.030 524.640
524.640 527.940
528.240 529.140
533.040 533.910
535.110 538.920
538.920 543.180
543.960 546.270
546.390 547.110
547.110 550.410
554.010 555.030
555.090 556.080
556.470 558.750
561.360 562.980
563.340 571.440
571.680 572.550
572.850 573.600
574.470 580.050
580.290 582.480
582.900 584.130
584.130 592.770
592.770 601.380
601.410 603.840
604.080 607.320
607.680 610.110
610.200 612.900
613.470 614.430
615.060 621.300
622.800 624.450
627.570 636.060
636.120 639.270
639.960 640.830
640.890 644.880
644.880 649.020
649.200 650.040
650.340 652.830
653.100 657.060
658.260 661.170
661.170 662.220
662.400 663.780
664.290 665.280
665.730 673.530
673.800 677.400
678.570 679.440
680.730 683.940
684.300 685.080
685.500 690.030
690.390 696.240
697.800 698.550
699.420 701.910
703.170 704.280
704.280 707.640
710.760 713.340
714.060 715.380
715.530 717.720
717.960 721.740
724.200 725.010
725.070 727.200
727.560 728.640
728.730 731.880
734.010 739.590
739.950 743.250
744.960 748.500
748.770 751.020
751.080 751.860
751.860 753.480
753.570 757.590
757.590 764.610
764.730 766.170
766.380 768.210
768.600 771.420
771.900 776.820
777.450 780.930
781.500 782.310
782.310 783.420
783.900 784.770
786.720 787.530
788.580 790.050
793.680 798.450
798.480 800.700
800.940 801.720
803.040 804.060
805.530 806.430
806.640 808.830
810.270 814.320
814.680 815.580
816.270 820.020
820.170 824.730
824.880 827.340
827.970 831.840
833.370 835.500
837.510 838.320
838.560 841.590
842.340 843.180
843.180 846.750
846.750 857.610
857.670 878.130
878.130 892.590
892.650 907.950
907.950 909.030
909.180 913.470
913.530 919.140
919.260 921.090
921.090 924.540
924.630 926.010
