10.050 16.770
16.770 35.970
35.970 45.330
45.330 46.920
46.920 48.990
48.990 50.670
50.670 70.800
70.800 74.880
74.880 82.710
82.710 88.740
88.740 97.560
97.560 105.360
105.360 123.600
123.600 158.340
158.400 167.250
167.250 173.130
173.130 198.690
198.690 209.520
209.520 219.510
219.510 222.840
222.840 223.650
223.650 228.810
229.050 236.610
236.700 257.580
257.580 259.620
259.770 266.160
266.160 275.040
275.040 285.270
285.750 317.790
317.790 324.540
324.540 358.080
358.080 364.110
364.140 379.080
379.170 391.050
391.050 436.380
436.380 436.980
437.040 443.400
443.850 445.170
445.170 447.030
447.090 447.690
