0.000 15.960
15.960 18.780
18.780 22.290
22.500 23.430
24.660 28.680
28.680 34.620
34.770 36.270
36.270 41.460
41.700 44.880
44.910 47.790
47.850 51.150
51.930 53.160
54.060 56.430
58.410 62.130
62.970 63.810
64.680 68.070
68.070 70.260
70.890 73.590
73.830 74.850
74.850 77.370
79.770 81.750
81.750 83.520
83.670 86.940
87.180 87.900
88.350 90.930
91.110 93.090
94.860 98.640
99.600 100.560
100.710 101.580
101.580 103.350
103.650 104.970
106.080 108.150
108.150 109.710
109.710 112.140
112.410 114.600
114.600 115.860
115.860 118.920
119.220 121.560
122.580 126.120
126.120 128.400
128.850 132.510
132.510 134.250
134.520 136.410
137.100 140.220
140.430 144.510
145.680 147.960
148.230 149.760
149.760 150.750
150.990 153.510
154.080 156.150
156.270 160.920
161.190 161.910
162.450 164.550
164.610 166.920
166.950 169.410
170.130 173.700
173.700 178.740
178.740 180.390
180.390 181.890
181.890 183.750
183.750 184.650
185.610 187.410
187.410 189.900
189.960 191.250
191.280 193.230
193.380 195.120
195.960 197.370
197.850 199.230
199.920 202.140
205.080 206.250
206.880 211.350
212.310 215.400
216.060 219.450
219.510 222.600
222.870 225.270
225.480 228.150
228.420 231.570
235.440 236.610
239.580 241.110
241.260 243.510
243.510 245.070
248.430 253.140
253.770 256.320
256.710 257.550
257.550 259.860
259.860 261.720
262.560 264.420
265.200 268.860
269.490 273.420
274.830 276.300
276.690 278.550
278.970 279.840
279.960 282.240
282.870 289.020
289.020 290.610
291.300 293.220
293.910 296.400
296.940 302.640
302.880 303.600
303.600 304.440
304.920 307.620
307.740 308.460
308.970 310.620
310.620 313.950
314.160 318.090
318.330 322.470
323.070 324.210
326.850 328.950
329.160 329.850
329.850 330.840
333.030 333.750
333.810 338.430
339.000 341.490
341.490 344.340
346.320 347.100
347.760 348.480
348.510 349.740
349.980 352.020
353.490 355.200
355.200 359.400
359.490 363.660
363.660 365.790
365.880 369.930
369.960 370.590
370.590 372.330
372.390 373.710
374.550 375.750
375.780 378.090
378.090 379.950
379.950 383.880
383.880 386.280
386.280 388.170
388.770 389.550
391.620 398.520
399.360 400.380
402.360 403.320
403.320 404.850
405.600 406.350
406.920 414.660
415.020 417.510
417.510 418.800
418.890 420.210
425.550 427.560
427.560 430.890
433.470 434.280
434.790 435.390
435.390 436.260
436.260 437.370
437.430 438.570
438.690 439.950
440.100 440.790
440.790 443.040
443.250 444.690
446.640 448.830
449.250 452.760
454.710 456.390
459.210 460.770
461.250 463.530
465.300 466.020
466.530 467.310
467.370 470.850
471.420 472.170
473.940 476.040
476.370 478.800
479.130 481.170
482.910 484.890
485.460 488.760
489.120 490.350
491.640 495.960
495.960 498.780
498.870 501.090
501.090 502.590
502.710 503.700
503.850 504.450
504.450 506.280
506.280 508.440
509.760 513.840
514.170 515.520
515.520 516.210
516.210 517.080
518.580 519.690
520.170 523.500
524.700 525.420
526.320 529.050
529.350 532.050
533.340 534.180
536.610 539.790
540.870 542.340
542.340 543.930
544.860 548.700
548.760 551.130
552.510 559.680
559.860 562.290
562.290 565.380
565.680 570.060
570.150 573.000
574.350 575.130
576.720 577.740
578.430 582.270
582.300 584.580
584.940 587.310
588.360 589.980
589.980 593.160
593.160 594.390
594.390 600.900
600.900 603.030
603.690 604.440
604.440 608.130
609.180 609.960
609.990 612.000
612.840 615.120
615.180 619.080
620.100 620.970
620.970 624.930
625.140 626.280
626.280 628.740
629.610 631.110
631.200 633.330
633.720 635.730
636.000 637.290
637.290 639.060
640.020 642.750
644.310 646.020
646.020 649.950
650.100 651.090
651.150 652.500
652.920 653.790
653.790 657.000
658.350 660.210
661.620 666.450
666.630 669.960
669.960 671.790
671.790 678.750
679.920 680.970
680.970 683.940
684.240 689.910
689.910 691.500
691.560 694.110
694.200 694.920
694.920 700.410
700.410 704.310
704.310 707.220
708.300 709.230
709.230 712.230
712.530 713.490
713.550 714.780
715.230 717.510
719.040 720.690
720.750 721.500
721.500 723.090
723.210 725.190
725.190 729.270
729.420 734.910
734.910 739.380
739.890 740.490
740.790 747.420
748.200 749.250
749.250 761.760
761.760 765.900
765.960 766.830
766.980 769.440
769.470 770.730
771.450 773.250
773.250 777.570
777.690 779.070
