0.000 16.950
16.950 18.600
18.660 30.060
30.090 61.560
61.800 65.310
65.310 66.330
66.330 69.570
69.570 72.450
72.450 133.500
133.500 151.680
151.680 160.050
160.050 185.370
185.490 189.210
189.210 198.390
198.600 212.040
212.040 213.510
213.510 250.470
250.500 289.350
289.470 290.910
290.910 295.020
295.020 307.860
307.860 312.930
312.930 325.830
325.830 334.560
334.830 339.570
339.570 346.620
346.620 348.450
348.600 359.340
359.340 362.190
362.190 364.200
364.380 368.040
368.040 381.930
381.930 388.560
388.560 392.550
392.550 417.600
417.600 442.950
443.070 444.450
