0.000 18.930
18.960 21.180
21.300 22.770
22.830 25.140
25.140 31.650
31.890 37.170
37.530 40.650
40.950 41.940
42.000 51.450
51.450 55.770
55.770 60.240
60.330 65.970
66.090 76.320
76.320 82.170
82.380 85.050
85.050 92.490
92.520 93.960
93.960 96.150
96.150 99.120
99.120 103.350
103.350 106.350
106.410 108.810
108.810 110.820
110.820 112.860
113.010 117.300
117.300 118.710
118.740 126.570
126.600 129.000
129.210 132.900
133.050 135.690
135.900 138.720
138.720 140.850
140.850 143.160
143.340 145.560
145.560 161.310
161.430 165.930
165.990 167.640
167.640 170.520
170.520 172.110
172.230 174.900
174.900 184.950
184.950 193.980
194.130 196.500
196.500 198.000
198.000 202.080
202.230 206.790
206.790 208.260
208.290 215.310
215.550 220.020
220.020 221.400
221.490 230.760
230.760 236.220
236.220 243.660
243.810 246.060
246.120 247.230
247.470 250.830
250.830 251.700
251.850 253.230
253.350 255.240
255.240 278.580
278.700 280.590
280.740 284.880
284.880 286.800
286.800 288.270
288.300 291.510
291.510 301.740
301.740 306.060
306.300 310.590
311.160 311.760
311.760 315.810
315.810 321.840
321.900 328.380
328.380 332.610
332.610 334.710
334.710 336.930
336.990 342.030
342.090 345.330
345.330 348.990
348.990 355.230
355.230 356.640
356.970 363.960
363.960 370.200
370.320 371.700
371.760 375.180
375.180 377.190
377.190 381.270
381.450 385.050
385.050 386.610
386.610 397.500
397.500 398.310
398.310 408.030
408.030 409.380
409.380 412.260
412.290 414.060
414.060 418.500
418.500 425.160
425.190 446.100
446.340 451.110
451.260 456.030
456.030 457.530
457.560 459.990
460.050 461.760
462.060 463.410
463.410 464.670
464.850 468.000
468.180 469.410
469.590 471.810
471.960 473.430
473.520 474.600
474.600 476.430
476.430 478.140
478.140 481.440
481.440 494.880
494.880 501.360
501.360 507.330
507.420 510.450
510.480 522.360
522.360 526.470
526.530 534.960
535.200 540.210
540.210 542.520
542.760 545.190
545.310 547.110
547.140 555.840
556.110 557.040
557.280 558.930
559.320 566.460
566.580 571.080
571.080 577.110
577.110 581.190
581.190 583.770
583.770 590.850
590.910 602.160
602.550 606.570
606.600 610.080
610.140 613.470
613.470 619.950
619.980 622.590
622.830 628.530
628.530 632.460
632.730 634.860
634.860 636.930
636.930 637.800
638.010 639.630
639.900 642.030
642.030 643.620
643.650 649.170
649.290 651.840
651.840 653.790
653.790 657.210
657.780 661.800
661.860 666.930
666.990 669.570
669.720 672.300
672.480 680.010
680.250 684.300
684.600 688.230
688.230 693.330
693.390 696.480
696.480 699.570
699.570 701.070
701.070 705.570
705.570 708.780
708.840 712.650
712.770 716.370
716.370 718.170
718.290 723.630
723.690 725.610
725.640 727.350
727.350 730.080
730.080 740.700
740.700 744.420
744.420 746.130
746.130 748.170
748.200 750.450
750.600 752.640
752.760 754.110
754.500 760.470
760.470 761.970
761.970 765.000
765.000 766.020
766.290 767.460
767.730 769.080
769.080 770.370
770.370 772.260
772.410 773.430
774.090 777.900
777.930 781.440
781.440 784.230
784.230 785.460
785.460 787.140
787.320 788.970
789.330 792.090
792.300 794.040
794.130 801.360
801.510 803.790
803.820 805.920
805.920 808.920
809.010 811.230
811.440 814.080
814.140 815.790
815.790 817.290
817.350 819.810
819.960 821.100
821.100 823.590
823.650 824.730
824.850 829.980
829.980 832.290
832.350 835.680
835.770 839.490
839.490 843.210
843.210 845.490
846.000 848.160
848.370 851.520
851.550 852.930
852.930 856.230
856.380 860.160
860.160 863.310
863.520 866.010
866.220 869.580
870.120 872.310
872.490 873.630
873.630 876.180
876.450 878.970
879.000 881.040
881.100 882.480
882.540 885.030
885.030 892.530
892.530 894.900
894.900 907.320
907.320 915.390
915.390 916.890
916.890 919.860
919.860 921.000
921.060 925.830
926.040 927.300
927.600 929.310
929.460 933.300
933.300 935.220
935.220 938.940
939.120 941.880
941.910 945.090
945.210 956.220
956.220 957.810
957.810 961.800
961.890 963.270
