0.000 28.410
28.410 46.740
46.800 59.610
59.610 78.660
78.660 83.280
83.280 87.270
87.300 99.840
99.840 125.940
125.970 133.830
133.830 139.560
139.560 142.020
142.020 146.790
146.970 154.080
154.080 165.870
166.050 172.110
172.110 180.270
180.300 189.690
189.720 191.160
191.160 205.410
205.410 209.580
209.910 214.020
214.050 219.150
219.150 224.820
224.940 242.130
242.130 259.440
259.440 278.970
279.090 287.040
287.190 294.480
294.540 304.260
304.260 305.190
305.190 319.800
319.800 328.440
328.440 332.910
332.970 338.970
339.060 345.180
345.180 347.280
347.280 362.940
362.940 370.470
370.560 376.290
376.350 392.100
392.190 403.380
403.410 413.940
414.030 415.440
415.440 423.990
424.230 432.930
432.930 434.760
434.760 439.230
439.230 452.760
452.790 459.690
459.690 463.050
463.140 464.520
