0.000 14.430
14.490 23.040
23.040 32.190
32.190 38.070
38.100 48.870
48.870 50.490
50.490 68.580
68.580 84.570
84.570 91.560
91.770 97.950
97.950 101.400
101.520 107.670
107.700 112.410
112.590 123.420
123.450 125.790
125.850 135.300
135.300 142.080
142.080 146.310
146.310 152.610
152.610 157.170
157.170 162.330
162.330 178.440
178.440 232.320
232.560 236.880
236.880 245.220
245.220 275.310
275.370 288.960
289.110 297.570
297.570 300.240
300.360 309.360
309.360 321.300
321.300 325.590
325.650 329.820
329.820 334.650
334.650 346.560
346.560 351.720
351.720 367.020
367.170 399.150
399.270 418.620
418.620 457.080
457.080 465.930
465.960 467.820
467.820 471.720
471.720 497.820
497.940 508.560
508.620 514.080
514.080 523.350
523.350 526.680
527.070 532.650
533.100 541.170
541.170 545.160
545.250 548.610
548.610 559.770
559.770 562.050
562.110 570.240
570.240 573.720
573.810 575.190
