0.000 14.520
14.730 17.550
17.550 19.950
19.950 24.690
24.720 29.820
29.940 31.860
31.860 34.680
34.860 37.500
38.100 40.110
40.680 43.200
43.560 45.720
46.470 49.320
50.220 51.150
53.130 54.840
55.860 57.210
57.690 59.430
62.370 64.200
64.680 67.260
70.110 71.550
71.910 73.620
74.220 75.180
75.210 78.720
78.720 81.000
81.780 84.000
85.170 86.010
86.100 87.120
87.210 89.370
89.730 93.720
94.620 95.550
96.600 97.290
97.470 101.400
101.490 102.630
102.870 110.430
110.580 111.480
113.010 114.690
114.900 118.800
119.340 120.330
120.330 121.890
122.970 127.110
127.440 128.220
128.340 130.140
132.330 132.990
133.200 134.490
136.830 138.090
138.180 139.560
139.560 142.500
143.580 145.920
146.010 147.840
147.840 149.730
149.940 151.080
151.110 151.890
151.890 152.700
153.960 154.920
155.490 158.790
158.970 162.180
162.750 164.010
164.010 165.180
165.360 168.480
168.720 170.970
170.970 173.910
174.270 177.390
177.450 179.340
179.370 181.380
182.040 182.880
182.880 184.320
184.650 185.550
186.930 191.670
191.670 192.870
193.140 193.920
193.980 197.520
197.520 198.570
198.690 199.770
200.940 201.720
201.870 202.770
202.770 203.580
203.580 205.500
205.830 209.640
210.150 211.800
212.670 213.390
214.110 215.190
215.310 216.330
216.330 218.160
218.730 220.950
224.400 227.820
228.750 229.560
230.490 231.720
232.200 236.490
236.490 238.500
238.650 239.910
240.060 242.580
244.020 246.690
247.230 249.900
250.230 251.010
251.460 253.020
253.020 261.180
261.780 262.560
262.800 263.400
264.060 265.020
265.170 267.000
267.540 271.650
272.160 276.870
277.110 278.670
278.670 280.920
281.310 282.660
283.590 284.520
284.670 287.550
288.270 289.620
289.860 291.210
291.240 292.860
293.220 297.210
298.110 302.280
305.910 307.350
308.220 310.440
310.530 311.490
311.790 312.780
312.810 314.010
314.670 318.600
318.600 323.040
323.040 325.980
325.980 327.090
327.600 329.070
329.250 332.430
332.640 333.420
333.450 334.740
334.950 336.840
337.110 339.540
339.900 341.070
342.060 343.470
344.100 346.020
346.020 346.950
348.060 349.620
351.570 355.680
355.770 357.480
357.750 358.500
359.850 362.550
362.670 363.480
363.480 367.380
367.620 368.400
368.400 370.320
370.350 373.530
373.710 375.690
376.110 380.280
381.000 382.710
382.830 386.370
388.620 389.790
389.790 391.080
391.590 393.090
394.140 395.340
395.400 397.590
398.100 400.170
400.740 402.090
402.750 403.500
403.500 407.730
407.760 409.500
409.950 410.790
411.000 414.330
414.870 416.070
416.190 417.060
420.030 421.650
422.430 423.300
423.540 425.670
425.820 427.050
428.370 429.690
432.090 433.680
434.640 436.560
436.650 438.240
438.240 440.130
440.880 443.550
444.210 447.030
447.990 448.800
451.320 452.490
456.540 461.190
462.840 464.640
465.120 465.990
466.680 467.760
469.290 470.100
470.370 473.880
474.540 475.440
475.770 480.090
480.300 482.310
482.370 484.590
485.820 487.650
487.650 488.490
488.490 493.890
494.370 495.150
496.080 498.960
499.680 500.520
500.850 504.570
504.600 510.720
510.720 511.830
511.950 517.050
517.080 520.380
520.590 523.770
524.040 525.180
525.600 528.510
528.510 529.890
531.150 531.960
532.230 534.570
534.930 537.210
540.330 541.170
541.680 543.390
543.810 545.250
546.000 547.710
549.270 551.340
551.340 553.020
556.020 556.620
557.490 558.090
558.090 559.110
559.410 560.010
560.430 562.980
563.070 566.880
567.630 569.250
569.550 571.320
572.550 574.020
574.290 575.370
575.940 577.620
578.040 580.260
581.040 581.880
581.880 582.780
582.780 584.730
584.850 586.890
587.610 589.860
591.930 593.730
593.730 596.310
597.930 598.740
599.940 601.200
601.230 604.140
604.770 611.670
611.670 614.880
614.910 616.770
617.130 617.940
618.690 620.760
622.260 622.860
624.570 625.200
627.450 628.380
628.380 630.750
630.750 632.460
632.490 633.840
633.840 637.890
638.130 643.410
643.860 645.720
645.720 646.860
646.860 671.010
671.010 672.330
672.480 676.890
676.890 678.570
679.350 681.420
681.420 689.580
689.580 690.930
690.930 693.870
693.870 697.380
697.500 698.460
698.460 704.040
704.130 705.510
