0.000 14.910
15.120 17.760
17.760 22.350
22.500 28.320
28.680 29.430
29.850 36.420
36.510 38.550
38.610 40.710
40.710 42.510
42.510 45.030
45.300 47.190
47.550 53.340
53.460 59.880
59.880 61.440
61.680 63.300
63.360 70.800
70.800 72.720
73.020 74.670
74.670 76.020
76.260 78.120
78.120 79.530
83.970 84.960
85.590 89.700
89.820 92.940
93.450 94.230
94.230 100.140
100.140 104.220
104.670 106.890
107.040 108.810
109.740 111.390
111.480 112.770
112.860 114.600
114.810 117.630
119.490 120.780
120.870 122.280
124.020 126.690
126.690 127.680
128.760 132.360
132.390 135.270
136.500 140.640
140.640 141.930
142.080 142.950
143.400 144.450
146.220 147.240
147.780 148.740
148.980 151.170
151.170 155.310
155.310 158.220
158.520 160.590
160.590 162.630
162.630 164.040
164.100 164.880
165.060 168.180
168.960 169.860
169.860 171.510
171.660 180.000
180.060 185.910
185.910 186.930
187.080 190.680
190.710 193.080
193.110 200.970
201.030 207.450
208.320 214.530
214.560 218.550
218.610 220.530
220.530 224.370
225.060 226.770
226.770 229.500
229.770 233.700
235.980 239.250
239.820 242.130
242.190 244.470
244.800 245.790
245.970 250.590
251.130 252.840
252.870 259.110
259.260 260.040
260.580 262.830
263.220 264.420
264.720 266.760
267.810 268.560
268.890 273.630
274.350 275.250
275.370 276.810
276.840 277.920
279.510 284.310
284.490 287.580
287.580 293.760
294.630 295.500
296.700 297.300
297.690 298.860
299.220 301.800
301.800 303.060
306.630 309.960
310.530 312.450
313.410 314.280
314.760 317.670
317.970 320.130
320.160 321.000
321.930 324.270
324.840 325.920
325.920 326.520
326.820 329.460
329.790 330.960
335.100 336.120
336.540 337.470
338.040 343.320
343.890 344.640
344.790 345.990
349.170 351.270
351.270 356.130
356.190 358.020
358.830 359.640
360.300 362.370
362.370 363.840
363.960 364.800
365.250 366.480
367.740 369.090
369.270 370.080
370.080 372.990
377.220 378.660
379.500 381.540
381.540 385.020
385.140 386.910
386.970 389.790
389.820 394.770
395.310 399.240
399.240 406.470
407.340 409.560
409.560 411.360
411.450 412.830
412.860 414.570
415.380 421.320
421.320 437.100
437.400 440.970
440.970 444.390
444.480 445.890
