0.000 33.060
33.060 46.140
46.140 76.530
76.650 79.140
79.140 95.490
95.490 109.830
109.950 138.720
138.720 184.260
184.380 189.960
189.960 202.140
202.290 250.350
250.350 254.310
254.310 255.870
255.960 273.030
273.030 290.040
290.100 293.550
293.580 305.790
305.790 315.180
315.180 330.810
330.960 347.130
347.130 353.400
353.400 362.010
362.040 378.000
378.120 380.250
380.250 382.170
382.170 390.630
390.630 400.140
400.140 408.720
408.720 425.910
425.910 473.580
473.580 486.390
486.450 489.480
489.480 492.720
492.720 499.440
499.560 506.430
506.430 525.570
525.570 542.160
542.340 555.510
555.510 558.000
558.150 559.380
559.380 562.140
562.140 566.490
566.490 581.250
581.430 582.810
582.840 586.170
586.230 589.740
589.770 591.150
