0.000 16.800
16.830 20.640
20.640 22.140
22.230 26.610
26.760 35.490
35.490 37.980
38.460 40.200
40.440 45.360
45.690 46.560
46.860 51.690
51.810 54.540
54.990 55.710
56.760 59.940
59.940 63.750
63.960 65.820
65.820 67.230
67.560 69.450
69.720 73.740
73.800 74.730
74.760 78.060
78.060 80.550
80.730 81.690
82.350 83.130
83.970 85.080
85.800 88.200
88.860 90.510
92.670 94.590
95.850 97.590
100.770 101.580
103.680 104.400
104.550 107.340
108.330 109.410
113.190 114.810
114.960 116.880
117.030 119.730
121.350 122.400
125.400 126.360
126.360 129.510
129.900 130.740
130.830 133.380
136.050 137.340
137.670 140.070
141.720 143.190
143.190 147.570
147.570 151.050
151.290 151.980
152.550 155.610
155.730 156.600
156.780 164.310
164.430 165.570
165.600 166.290
166.290 167.790
167.790 169.290
169.290 171.060
171.840 172.710
172.740 173.550
173.820 174.690
177.030 182.340
182.340 185.160
185.160 186.270
186.420 187.560
187.950 188.880
195.210 198.060
200.640 201.960
201.960 203.130
204.690 205.560
205.560 210.810
211.350 212.130
212.160 214.830
215.400 216.720
218.790 221.010
221.580 223.830
225.300 226.170
227.850 230.460
230.580 232.830
233.340 234.870
234.870 237.690
238.800 241.080
242.190 246.690
246.810 248.040
248.190 249.900
249.900 252.600
252.660 256.050
256.290 259.740
260.280 262.860
263.100 263.760
263.940 271.410
271.620 276.150
276.270 277.620
278.070 279.000
279.150 282.780
283.440 284.760
286.380 287.400
288.450 289.440
289.560 290.820
291.720 295.860
296.880 297.990
298.170 300.720
300.720 301.380
301.380 306.240
306.660 307.320
307.320 308.130
308.250 311.970
312.360 315.510
315.840 319.440
320.850 321.690
322.590 324.990
327.900 329.850
331.500 332.820
332.910 334.830
335.520 338.190
339.420 341.160
341.730 342.600
344.580 345.750
345.960 347.520
348.240 350.100
350.820 352.830
352.860 356.460
357.000 357.810
358.140 360.450
364.830 366.930
368.130 369.270
370.050 371.850
372.450 373.590
373.800 375.270
375.360 377.790
379.080 380.970
381.480 383.010
383.430 385.470
385.920 388.110
389.340 390.270
392.040 393.690
394.080 397.350
400.680 403.440
403.440 405.450
406.680 407.670
407.730 409.230
410.040 412.050
412.410 417.270
417.390 421.050
421.530 422.340
426.420 428.940
430.260 431.790
431.790 433.680
435.660 439.020
439.230 440.760
440.790 441.390
443.130 446.520
446.610 449.580
449.700 451.590
451.920 453.570
454.950 455.760
457.050 461.670
462.240 464.130
468.210 470.580
471.180 472.020
472.200 473.460
473.760 475.830
475.920 477.480
478.140 479.580
480.030 480.870
481.260 483.810
483.810 486.390
486.480 488.490
489.750 490.590
493.530 494.580
495.060 496.530
496.920 498.420
500.010 501.660
501.660 503.430
503.910 508.830
508.830 511.770
511.890 515.190
515.190 518.040
518.760 520.200
520.380 521.100
521.100 524.100
524.100 528.450
529.410 532.440
532.470 536.700
536.700 537.990
538.290 540.300
540.300 543.210
543.840 547.230
547.500 551.160
551.280 552.810
553.530 554.340
555.210 556.020
558.270 562.530
562.740 565.380
565.680 569.190
569.670 571.530
571.740 575.220
575.880 576.600
576.630 579.450
579.780 580.590
581.640 584.490
584.790 585.780
585.780 588.210
589.200 590.100
590.280 595.890
596.070 600.180
600.450 601.230
601.440 603.540
604.140 605.670
605.910 608.970
608.970 612.060
612.090 614.430
614.430 623.100
623.100 623.970
624.030 625.320
625.320 628.050
628.350 629.460
630.150 634.260
634.260 636.060
636.060 637.500
637.500 638.820
639.360 644.250
644.250 651.840
651.900 652.530
652.770 657.660
657.780 659.160
