0.000 13.590
14.070 19.350
19.560 27.930
27.960 30.450
30.450 33.750
33.750 34.800
34.800 35.700
35.700 36.510
37.590 39.510
39.510 43.380
43.680 46.890
46.950 48.720
48.810 50.100
50.880 51.720
54.960 59.610
59.610 63.390
63.660 66.240
70.200 70.800
70.890 72.180
72.540 75.000
78.750 79.620
79.800 81.450
81.780 86.370
88.050 89.580
90.390 91.560
93.120 97.200
98.490 100.500
101.040 102.870
103.350 105.900
106.500 108.750
109.470 111.150
111.180 112.860
115.740 116.580
116.760 118.770
118.770 121.770
122.100 125.310
126.030 126.720
126.720 127.980
128.070 130.590
132.330 133.740
133.950 135.450
135.450 137.400
140.070 142.560
142.560 143.370
144.270 145.080
146.190 147.120
147.120 148.260
148.410 151.050
151.440 152.100
152.280 152.970
153.300 155.520
156.240 157.110
157.290 157.890
158.160 158.940
159.240 162.720
162.900 164.070
164.070 167.070
167.490 168.270
169.260 170.550
171.900 173.070
173.070 181.560
182.070 182.940
183.330 184.350
185.520 186.300
186.450 188.610
188.610 191.910
193.050 195.930
196.230 196.980
196.980 197.730
197.730 200.850
201.420 206.610
206.790 209.040
209.220 216.180
216.180 217.440
217.440 220.590
220.620 224.130
224.760 225.570
225.570 229.470
229.620 230.370
233.730 234.720
234.930 235.560
235.890 236.610
236.610 239.970
240.120 241.020
241.020 243.660
243.660 245.010
245.010 254.130
254.130 257.430
257.430 261.480
261.480 262.740
262.770 263.430
263.430 267.660
267.660 268.260
268.260 273.360
273.360 275.850
276.060 278.730
278.940 280.020
280.020 282.930
282.930 284.100
284.160 287.220
287.580 288.270
288.300 291.960
292.080 296.730
296.820 300.180
300.180 302.640
303.150 308.310
308.670 310.380
311.610 313.170
314.700 316.020
316.020 317.820
321.060 322.830
322.830 325.230
326.760 330.360
330.390 334.680
335.370 336.090
336.300 337.890
338.460 340.470
340.710 343.680
343.770 349.950
349.950 354.270
354.270 356.670
356.670 358.950
359.100 363.540
364.920 367.140
367.170 368.190
368.190 369.750
369.750 370.470
370.710 371.940
371.940 372.900
373.590 374.340
374.550 377.220
377.220 377.970
377.970 380.580
380.970 382.140
382.140 383.220
385.350 386.190
386.190 387.960
390.240 397.140
397.140 401.070
401.070 403.560
403.560 406.650
406.650 409.800
410.520 413.340
413.340 414.720
415.020 420.480
420.870 424.710
424.710 427.680
427.710 430.230
430.800 431.760
431.760 434.250
434.250 436.080
436.080 440.130
440.340 442.890
443.040 444.480
444.480 446.550
446.550 448.650
448.830 450.480
450.630 457.380
457.470 460.110
462.360 463.680
464.100 466.620
468.450 469.920
470.130 471.540
472.170 474.180
474.180 477.660
477.660 484.230
484.230 489.840
489.840 492.450
492.450 494.670
494.670 507.030
507.030 508.800
508.800 510.600
510.600 516.240
516.330 517.710
