0.000 14.550
14.550 18.510
18.630 21.690
21.750 23.970
24.120 25.980
26.040 35.790
35.880 39.960
39.960 44.010
44.010 48.870
48.990 55.110
55.110 57.720
57.720 62.190
62.190 68.880
68.970 69.900
69.960 73.680
73.830 80.850
80.880 95.610
95.610 106.290
106.290 109.410
109.590 110.460
110.670 114.600
114.600 122.970
122.970 124.560
124.560 129.180
129.180 135.330
135.330 143.970
143.970 147.510
147.510 152.280
152.280 160.980
160.980 162.330
162.480 166.110
166.110 170.670
170.670 174.600
174.600 176.220
176.520 178.020
178.020 189.870
190.080 191.310
191.310 193.020
193.020 196.740
197.070 206.760
206.760 211.020
211.020 212.220
212.220 220.170
220.170 223.080
223.080 223.950
223.950 242.580
243.450 244.590
244.830 246.570
246.570 256.470
256.650 260.250
260.250 263.340
263.340 271.770
271.770 280.950
280.950 283.110
283.110 322.320
322.320 325.080
325.080 326.820
326.820 328.800
328.800 336.930
336.930 350.520
350.520 352.350
352.560 357.960
357.990 368.580
368.580 371.790
372.060 377.490
377.490 383.490
383.700 387.270
387.270 391.410
391.410 394.770
394.770 409.230
409.230 419.400
419.400 427.260
427.260 432.150
432.150 433.110
433.230 434.160
434.160 436.650
436.740 440.190
440.280 441.660
