0.000 16.170
16.170 21.330
21.330 23.550
23.550 28.290
28.530 32.430
33.150 34.020
34.170 37.710
37.800 41.250
41.250 49.110
49.620 51.630
52.020 57.960
58.710 59.610
60.000 61.290
62.010 68.550
68.820 69.750
71.910 76.560
76.650 79.590
81.660 82.980
85.440 87.330
87.330 89.760
89.940 92.220
92.430 94.710
94.770 97.200
97.350 99.060
99.060 103.980
104.670 105.480
105.780 108.150
108.330 112.290
112.590 115.200
115.440 116.130
116.130 120.210
120.570 122.670
123.330 124.260
125.640 129.720
130.320 133.290
133.290 135.270
135.720 136.560
136.560 139.860
140.100 143.310
143.850 144.600
145.350 147.750
148.260 149.220
150.600 151.890
152.250 156.630
157.080 157.980
157.980 162.270
162.300 164.250
164.490 168.330
168.330 170.700
170.700 173.880
175.140 178.620
179.190 180.030
180.030 180.900
183.720 184.830
184.830 187.770
187.770 190.230
190.320 192.570
192.570 195.000
195.000 196.470
196.860 198.360
198.900 200.400
200.640 202.020
202.080 205.050
205.290 206.580
206.700 215.580
215.790 216.660
216.750 219.930
220.320 221.460
221.460 223.260
223.680 224.580
224.580 228.180
228.930 230.640
230.640 232.350
232.590 233.940
234.510 239.550
240.480 241.470
241.560 243.330
243.360 245.160
245.160 249.750
249.810 251.670
251.760 253.470
253.470 257.340
258.210 259.740
259.740 260.700
260.700 264.210
264.210 266.040
266.070 267.300
269.310 270.270
270.780 275.340
275.370 280.860
280.920 282.930
282.930 283.860
283.950 285.300
286.710 288.150
288.270 292.740
292.860 293.670
293.700 295.350
295.800 297.090
298.800 300.450
301.980 303.060
305.160 306.870
307.350 309.090
310.050 310.650
311.070 313.380
313.830 315.030
315.120 315.930
317.490 324.720
326.220 327.900
328.560 330.420
330.510 332.670
332.670 334.380
334.530 335.670
335.670 336.960
337.590 338.430
340.920 343.620
344.520 345.420
346.290 348.480
348.480 350.640
350.640 353.550
357.330 358.230
358.290 360.660
360.750 361.770
361.950 364.290
364.380 365.850
366.630 367.800
367.800 369.060
369.720 372.270
372.420 374.550
374.550 375.540
375.540 377.220
377.220 378.390
378.480 380.190
380.820 381.660
382.140 385.260
386.250 389.280
389.910 390.750
391.560 395.220
395.520 397.770
397.770 399.810
399.900 400.740
400.740 407.610
407.790 408.630
408.660 412.770
412.950 414.600
414.840 416.640
417.000 418.110
418.170 420.720
421.950 425.370
426.390 427.230
427.230 429.030
430.320 431.400
431.400 432.570
432.660 435.600
435.660 436.440
437.070 438.150
438.930 440.400
442.080 444.960
444.990 447.240
447.360 450.090
450.390 452.040
453.030 456.930
457.050 460.200
460.200 461.400
463.050 463.710
464.220 465.960
466.260 467.430
467.670 470.070
471.960 475.590
476.010 477.330
477.330 478.380
478.800 482.850
482.850 485.430
485.430 490.260
490.260 492.420
492.420 493.110
493.110 494.670
494.940 497.430
499.740 502.350
504.570 506.070
506.280 507.120
507.360 509.910
510.240 512.790
514.620 516.180
516.270 521.310
521.400 524.580
524.850 528.000
528.870 529.710
529.800 532.950
533.490 537.600
537.600 538.380
538.560 540.390
540.450 544.350
544.680 545.490
545.490 546.150
546.150 547.260
547.710 549.090
549.180 550.050
550.560 551.400
551.820 553.920
554.400 558.180
558.420 562.680
562.680 567.390
568.170 569.460
570.840 573.270
573.300 575.070
575.070 576.300
576.390 577.800
578.670 583.830
584.010 584.790
584.790 588.150
588.390 590.010
590.010 598.170
598.650 599.460
599.460 601.680
601.680 606.660
606.870 611.910
611.910 613.650
614.160 614.940
615.060 615.870
615.870 617.910
617.910 619.380
619.800 620.490
620.490 622.320
622.500 624.360
624.540 625.440
625.920 627.810
627.870 630.120
630.240 633.420
633.630 635.580
636.000 638.430
638.700 640.470
640.470 643.530
644.220 645.030
645.720 647.130
647.670 648.480
648.630 650.160
650.670 651.480
652.140 655.680
655.680 659.040
659.760 663.570
663.570 664.980
665.610 669.420
669.420 671.910
671.910 681.570
681.900 682.650
683.460 687.180
687.450 696.150
696.180 698.100
698.100 706.920
707.040 709.020
709.380 714.000
714.090 715.470
