0.000 1.290
1.290 2.670
2.880 3.870
3.870 8.010
8.640 9.870
10.530 15.060
15.300 16.920
17.760 19.980
20.040 22.890
23.070 27.360
27.630 32.850
32.850 34.800
34.950 36.480
36.570 39.120
39.660 43.680
44.190 47.130
47.400 48.990
48.990 53.640
53.970 56.550
56.940 60.270
60.720 63.900
64.320 68.310
68.460 69.210
69.270 73.440
73.650 79.410
79.500 81.870
82.140 83.250
83.460 96.690
96.960 109.710
110.280 113.010
113.370 119.550
119.550 121.260
122.220 135.060
135.120 144.180
144.330 145.590
146.370 149.070
149.190 153.930
154.020 157.410
157.650 159.060
159.060 162.390
162.390 164.940
164.940 173.160
173.160 178.230
179.220 181.500
182.070 183.930
184.110 188.610
188.940 192.450
192.450 196.740
196.740 204.300
204.570 206.430
206.430 209.670
209.850 211.710
211.770 223.710
224.130 225.600
225.720 229.710
229.710 231.510
231.690 236.190
236.400 240.210
240.210 247.200
247.200 247.950
247.950 251.940
252.870 254.820
255.480 258.690
259.350 268.590
268.770 269.760
