0.000 2.040
2.040 2.850
2.850 5.790
5.970 8.850
9.270 11.490
11.610 14.790
14.790 17.520
17.520 19.710
20.640 21.360
21.360 23.190
23.190 31.440
32.280 36.360
36.930 40.470
41.010 44.370
44.760 53.670
53.670 74.490
74.640 75.600
75.600 79.770
79.770 81.960
81.960 85.860
85.860 96.750
96.750 99.930
99.960 108.330
108.330 110.340
110.400 113.010
113.520 131.220
131.220 133.950
133.950 149.970
150.000 158.820
158.820 160.800
160.860 166.680
166.890 177.180
177.180 179.820
179.820 182.310
182.310 186.000
186.000 191.520
191.520 193.410
193.410 197.100
197.160 203.550
203.550 204.660
204.660 205.860
205.860 207.720
207.720 209.370
209.370 210.750
210.750 212.010
212.040 222.780
222.780 224.400
224.400 225.840
225.840 227.250
227.250 231.660
232.170 246.300
246.300 251.940
251.940 264.540
265.170 268.020
268.020 270.720
270.720 274.110
274.110 274.800
274.890 284.460
284.460 286.080
286.110 287.970
287.970 289.890
289.890 292.470
