0.000 0.990
1.110 1.830
2.370 7.320
7.440 9.090
9.570 12.960
13.140 15.480
15.600 30.930
30.930 32.310
32.310 35.910
35.910 40.140
40.290 43.860
45.060 46.350
46.620 47.700
47.850 48.750
49.380 57.390
57.930 69.030
69.180 74.820
74.880 84.090
84.090 90.090
90.090 92.700
92.700 96.720
97.050 104.820
104.850 108.090
108.780 110.310
110.310 114.390
114.870 115.500
115.500 116.940
117.570 122.400
122.430 128.130
128.430 130.500
133.020 136.890
137.160 139.110
139.110 145.020
145.020 148.590
149.010 157.440
157.530 165.060
165.330 168.510
168.960 169.830
169.830 177.000
177.840 181.500
181.500 196.830
196.830 214.170
214.470 215.340
215.580 220.470
220.530 222.660
222.930 225.030
227.130 232.530
232.560 235.080
235.080 237.750
237.810 239.820
239.880 241.740
241.770 244.470
244.470 247.620
247.800 248.550
248.550 257.610
257.610 259.320
259.530 260.220
260.310 261.390
