0.000 0.960
1.200 1.950
2.460 9.780
9.900 11.670
12.780 15.540
15.930 17.550
17.970 19.380
20.160 23.460
23.610 28.410
28.950 29.700
29.730 32.640
33.060 34.950
35.460 37.080
37.410 39.300
39.420 40.890
41.130 42.360
42.600 44.790
44.850 52.590
52.590 56.880
57.270 58.020
58.020 62.460
63.000 65.400
65.400 67.740
68.130 70.890
70.890 72.150
72.150 73.920
74.190 76.380
76.560 80.250
80.490 82.620
82.620 84.210
84.210 88.710
88.800 90.420
90.420 94.230
94.350 95.820
95.850 102.720
102.720 104.970
105.000 106.590
106.650 108.300
108.300 119.580
120.300 123.900
125.310 129.120
129.180 131.580
132.810 134.700
135.750 137.070
137.220 144.630
145.620 160.080
160.320 162.480
163.440 164.790
165.150 166.590
166.950 169.230
169.290 172.860
172.950 181.770
181.920 185.820
185.820 187.170
187.230 188.400
188.400 190.170
190.470 192.420
192.750 201.060
201.090 203.400
203.430 206.370
206.370 211.230
211.530 214.560
215.070 217.080
217.530 218.730
219.840 221.310
223.500 225.540
228.840 232.200
232.590 234.960
235.200 241.980
242.100 243.360
243.810 244.650
245.070 246.210
