0.000 1.680
2.100 4.650
4.650 9.330
10.890 15.240
15.780 27.900
28.260 29.280
30.120 31.800
33.210 37.200
37.770 40.830
41.070 43.650
44.280 53.100
53.100 55.980
56.880 59.430
60.690 62.760
62.820 64.410
64.800 74.640
74.760 75.690
75.810 77.820
79.170 81.420
81.660 83.010
83.340 84.330
84.570 86.070
86.160 88.200
88.890 93.150
93.330 94.560
94.980 96.360
96.900 101.610
101.610 112.800
112.800 113.910
113.910 115.830
115.830 117.510
117.510 120.090
120.090 121.650
121.770 123.810
123.810 125.820
125.820 128.370
128.550 129.960
130.080 134.100
134.400 135.270
135.780 138.960
139.170 143.520
143.520 144.510
144.570 145.620
145.620 147.480
147.480 159.300
159.600 161.160
161.790 163.230
163.590 165.510
165.540 171.150
171.420 177.300
178.290 179.100
179.250 181.800
181.800 182.850
182.850 189.390
189.600 190.860
190.950 192.540
192.600 200.160
200.160 202.440
202.440 205.080
205.080 206.010
206.010 210.750
210.750 213.540
213.870 220.380
220.800 223.470
223.590 227.430
227.880 230.520
230.910 232.650
232.650 235.440
235.440 236.520
237.450 239.730
239.820 240.690
240.840 241.860
241.890 243.150
243.150 246.900
247.050 250.350
250.380 251.730
251.730 254.880
254.880 257.040
257.070 258.000
258.000 259.590
259.890 262.650
262.650 266.940
268.290 270.390
270.390 273.540
273.660 280.830
280.950 282.210
282.210 283.740
283.740 285.840
285.840 286.860
287.040 288.930
288.930 292.590
292.830 294.990
295.200 301.980
301.980 305.400
305.640 306.870
