0.000 4.770
5.070 10.170
10.500 16.620
17.070 23.190
23.520 29.100
29.490 32.880
33.030 37.890
37.890 40.440
40.440 42.060
42.600 52.200
52.200 54.420
54.420 62.190
62.820 64.950
64.950 68.820
69.000 72.360
72.360 74.850
74.970 76.800
76.890 81.150
81.480 85.560
85.830 90.150
90.150 96.990
97.380 100.410
100.410 103.770
103.770 105.960
106.230 109.200
109.410 111.030
111.030 114.720
114.720 116.940
117.000 120.810
121.110 124.560
124.560 126.360
126.510 131.820
131.850 133.530
133.740 134.580
134.850 139.620
139.620 143.250
143.250 147.810
147.810 150.480
150.480 153.270
153.270 155.970
156.210 163.680
163.680 170.970
171.000 172.170
172.170 173.520
173.520 177.840
177.840 181.950
181.950 182.940
183.000 186.150
186.510 190.290
191.130 194.820
195.300 199.890
200.100 202.290
203.820 208.350
208.500 213.750
213.750 215.220
215.220 218.400
218.460 225.780
225.780 226.920
226.920 228.840
228.840 230.490
230.490 232.410
232.410 236.430
236.430 244.800
244.800 245.880
246.090 246.960
246.960 249.870
249.960 253.200
253.200 257.070
257.220 259.710
259.950 262.110
262.110 263.280
263.280 264.450
264.450 266.610
266.610 267.360
267.990 269.160
