0.000 0.930
0.930 4.890
5.160 9.150
9.360 11.010
11.010 13.530
13.530 15.150
15.150 18.420
18.540 33.090
33.090 35.910
37.260 38.700
39.600 40.200
41.670 42.420
42.600 43.590
46.590 47.340
47.580 54.630
54.660 60.510
60.510 65.580
65.730 68.430
68.430 83.640
84.210 87.900
88.140 93.660
93.750 96.840
97.410 106.920
106.920 111.330
111.870 120.420
120.420 122.340
122.460 125.250
125.340 127.050
127.110 128.640
128.640 129.960
129.960 132.150
132.330 136.440
136.770 152.760
152.760 157.200
157.200 162.480
162.480 169.740
169.770 171.090
171.090 172.560
172.650 173.520
174.090 176.670
176.670 181.200
181.320 195.390
195.750 198.660
198.660 200.370
200.400 201.750
201.750 211.290
211.290 214.260
214.320 214.620
