0.000 1.860
2.400 9.000
9.630 15.750
15.930 31.680
31.680 40.350
40.350 43.050
43.200 44.340
44.610 46.200
46.800 48.090
48.630 50.520
55.440 57.570
57.570 61.710
61.740 65.670
65.670 67.800
68.130 71.280
71.820 74.580
74.760 76.980
77.790 79.080
81.150 94.470
94.470 100.020
100.020 107.970
108.060 111.660
111.660 112.680
112.680 116.820
117.030 121.680
121.680 122.340
122.580 124.470
124.470 132.270
132.750 136.740
137.220 142.560
142.920 152.670
152.670 168.060
168.060 184.590
184.830 190.590
190.590 192.150
193.500 195.030
196.020 198.150
200.970 201.570
201.570 211.470
211.650 213.030
213.240 227.010
227.100 234.540
234.930 238.470
238.680 247.530
247.710 251.010
251.130 253.500
253.500 263.940
264.000 264.330
