0.000 1.260
1.470 2.310
2.310 6.930
7.050 10.620
10.710 12.420
12.750 17.040
17.400 20.700
20.880 26.730
26.730 31.170
31.350 49.200
49.950 53.250
53.340 55.080
55.920 57.180
58.710 61.380
61.380 62.100
62.850 64.080
64.140 64.950
65.130 75.750
75.750 77.550
78.120 79.980
80.490 95.880
95.880 101.220
101.220 105.330
105.360 108.210
108.210 111.180
111.180 123.900
124.260 163.680
164.370 167.310
167.310 168.090
168.090 171.600
171.750 176.880
176.880 192.060
192.240 196.230
196.260 206.490
206.760 209.310
209.610 217.230
217.230 218.970
218.970 223.560
224.130 229.950
230.010 234.630
234.720 242.160
242.190 247.440
247.440 253.050
253.140 274.950
275.640 277.590
277.680 283.200
283.410 285.750
285.750 291.180
291.300 308.100
308.160 310.740
310.740 318.780
318.900 319.710
319.710 326.070
326.070 334.410
334.410 336.420
336.420 338.040
338.040 339.690
