0.000 1.350
1.350 2.400
2.910 7.860
8.430 11.970
12.720 14.550
15.390 19.380
19.380 20.670
20.730 21.330
21.360 24.600
24.630 30.240
30.960 38.250
38.460 39.060
39.060 42.330
42.330 45.720
45.750 49.170
49.260 52.170
52.200 55.590
55.770 59.370
59.460 64.770
65.250 72.540
72.930 75.480
75.900 82.050
82.050 83.970
83.970 86.670
86.670 93.840
94.050 95.640
95.850 96.810
98.490 99.570
99.630 100.410
100.800 102.360
102.360 104.970
104.970 106.500
106.500 111.510
111.660 127.560
127.560 130.830
131.160 133.740
133.740 142.830
142.980 145.560
146.070 149.370
149.730 157.920
159.240 164.040
164.040 169.590
170.010 170.610
173.550 177.600
178.020 178.710
179.430 180.750
181.410 190.530
190.710 203.970
203.970 213.600
213.660 228.000
228.000 243.480
243.510 245.610
245.850 250.620
250.650 255.450
255.450 257.880
