0.090 22.590
22.590 27.420
27.420 109.650
109.650 114.930
115.830 119.760
119.820 125.190
125.250 132.750
133.110 134.760
135.150 138.720
138.810 140.280
140.280 143.340
143.670 148.950
148.950 151.200
151.740 156.780
156.930 160.800
160.800 164.400
164.580 166.140
166.200 169.620
169.620 174.240
174.390 176.040
176.400 179.970
179.970 181.500
181.920 197.490
197.490 198.450
198.450 203.850
203.880 208.620
208.620 210.900
210.900 216.870
217.080 221.490
221.730 224.280
224.280 227.160
227.250 233.340
233.430 238.080
238.140 247.770
248.280 250.530
250.530 257.310
257.370 261.480
261.480 268.020
268.020 273.300
273.360 274.890
275.310 276.420
276.630 277.920
278.070 281.400
281.610 284.670
284.670 289.980
289.980 295.020
295.020 296.850
296.850 300.570
300.570 307.230
307.290 309.810
309.930 311.100
311.610 313.680
313.770 315.210
315.810 320.220
320.280 322.620
322.770 323.970
324.180 334.170
334.170 336.690
336.690 343.860
343.980 346.350
346.350 352.080
352.140 355.110
355.110 359.820
359.820 362.700
362.760 365.640
365.790 367.740
367.740 369.120
369.120 373.230
373.500 379.230
379.500 380.430
380.430 384.120
384.120 386.640
386.790 390.450
390.450 392.340
392.490 398.190
398.490 400.890
401.070 406.020
406.560 450.930
450.930 456.060
