0.090 30.720
30.930 36.570
36.690 55.380
55.530 61.200
61.200 72.600
72.600 85.680
85.680 89.010
89.010 91.560
91.560 105.900
105.900 108.510
108.810 114.030
114.030 118.200
118.200 154.710
154.770 168.300
168.810 170.460
170.610 225.570
225.660 230.220
230.400 233.940
234.090 241.590
241.800 245.010
245.010 252.090
252.180 258.000
258.090 263.850
263.880 265.620
265.770 272.190
272.220 276.450
276.480 281.010
281.010 287.370
287.370 292.170
292.440 295.290
295.290 299.940
300.060 312.330
312.480 313.590
313.590 315.300
315.300 316.980
316.980 320.130
320.370 330.210
330.210 333.390
333.510 334.440
334.440 336.390
336.390 352.080
352.110 356.430
356.610 359.670
359.820 365.040
365.040 370.290
370.560 374.910
374.910 377.340
377.640 390.090
390.090 394.800
395.010 397.800
397.800 400.800
400.800 404.760
404.880 409.950
409.950 414.300
414.300 419.490
419.550 422.400
422.490 442.320
442.380 450.060
450.060 480.810
