0.540 9.750
9.750 17.250
17.250 28.170
28.410 32.190
32.190 42.660
42.660 76.590
76.590 79.620
79.620 86.220
86.220 111.150
111.150 118.440
118.440 145.530
145.530 148.650
148.650 177.810
177.810 192.240
192.240 291.930
291.930 293.550
293.550 300.990
301.020 316.830
316.830 324.090
324.210 331.500
331.800 354.960
354.960 359.520
359.700 362.700
362.700 367.710
367.740 378.720
378.990 385.530
385.530 442.860
442.860 464.880
465.000 470.910
471.090 475.080
475.080 476.340
476.460 484.620
484.620 488.640
488.760 494.340
494.430 499.170
499.170 515.250
