0.090 26.940
27.090 42.240
42.240 84.990
85.200 109.830
109.890 114.240
114.240 119.430
119.730 124.230
124.230 126.480
126.480 136.860
136.860 143.910
144.210 157.860
157.860 159.240
159.240 162.870
162.900 166.170
166.200 172.560
172.620 181.800
181.830 184.740
184.830 186.750
186.780 194.220
194.220 196.170
196.230 207.330
207.360 208.440
208.440 215.070
215.160 222.780
222.780 225.150
225.270 232.800
233.040 241.950
241.950 250.140
250.260 251.760
251.910 269.010
269.040 271.680
271.680 275.040
275.100 276.540
276.540 278.820
278.820 283.020
283.350 305.700
305.880 309.060
309.060 319.290
319.290 323.820
324.000 327.990
328.290 334.350
334.350 337.800
337.800 340.260
340.320 348.030
348.030 351.390
351.570 360.420
360.420 363.870
363.870 367.110
