0.360 22.620
22.800 26.550
26.550 28.560
28.650 56.790
57.060 60.570
60.600 63.240
63.240 68.910
68.910 74.760
74.760 78.480
78.480 82.890
82.890 88.260
88.380 89.610
89.610 102.630
103.170 108.300
108.330 131.580
131.640 143.190
143.190 151.440
151.560 155.850
156.030 171.270
171.270 174.660
174.720 177.510
177.510 187.350
187.350 189.210
189.210 200.250
200.250 209.910
210.150 214.740
214.740 221.100
221.100 235.350
235.350 243.930
244.050 252.810
252.810 256.110
256.590 261.480
261.480 270.480
270.480 273.840
273.840 282.000
282.030 285.900
285.900 300.390
