0.300 11.400
11.490 21.420
21.420 26.460
26.460 48.120
48.930 55.800
56.130 97.890
97.890 109.110
109.110 114.150
114.150 119.760
119.760 125.550
127.800 132.090
132.090 135.960
136.110 145.530
145.530 148.680
148.770 155.940
155.940 160.800
160.800 163.650
163.650 173.130
173.220 183.630
183.990 189.750
189.750 192.720
192.870 195.990
195.990 198.420
198.420 200.820
200.820 223.170
223.260 228.000
228.000 236.310
236.340 239.490
239.820 241.620
242.220 243.660
244.440 245.940
246.660 248.400
249.090 250.740
251.220 253.650
254.100 255.360
256.380 261.780
261.810 273.300
273.570 297.330
297.330 304.920
305.430 306.780
307.380 308.730
309.120 310.530
310.860 316.560
316.650 320.580
320.580 322.920
322.980 339.060
339.060 364.200
364.200 365.310
365.430 375.180
375.180 384.150
384.150 388.770
388.770 392.310
392.310 404.070
404.160 412.440
412.440 432.360
432.360 447.300
447.360 449.730
449.850 455.040
455.280 457.200
457.260 469.830
469.830 480.030
480.270 481.230
481.230 485.790
486.210 494.550
494.550 500.280
500.280 537.420
537.420 540.090
540.090 544.740
544.740 551.910
551.910 557.040
557.040 562.650
562.650 569.160
569.310 587.070
587.070 592.710
