0.060 33.450
33.450 65.190
65.190 92.070
92.100 100.680
100.710 108.570
108.570 121.710
121.860 123.780
123.780 125.850
125.850 129.420
129.660 132.870
132.960 135.660
135.660 141.780
141.780 143.790
143.790 148.800
148.800 151.170
151.170 159.120
159.120 172.230
172.230 175.470
175.470 177.270
177.270 181.050
181.050 183.720
183.720 186.090
186.270 190.890
190.890 193.050
193.050 199.110
199.110 203.520
203.520 210.120
210.360 214.290
214.320 218.730
218.850 223.890
223.890 226.890
226.890 228.600
228.600 232.380
232.530 241.500
241.560 245.130
245.130 257.370
257.370 261.750
261.750 264.060
264.060 267.000
267.000 271.560
271.560 274.980
275.100 286.620
286.620 289.110
289.110 292.140
292.140 298.650
298.650 303.720
303.720 325.110
325.110 331.710
331.710 351.960
351.960 357.360
357.360 383.670
383.670 463.050
463.050 483.210
483.390 487.050
487.050 492.030
492.030 497.400
497.430 501.450
501.450 503.850
504.000 506.550
506.550 510.210
510.270 514.050
514.230 516.660
516.660 521.460
521.460 524.430
524.430 526.620
526.620 528.690
528.690 533.340
