0.000 7.920
7.920 18.840
19.050 20.970
21.000 24.420
24.420 27.660
27.660 28.920
29.100 35.790
35.970 53.970
54.420 65.970
65.970 69.270
69.270 70.050
70.050 78.930
78.930 80.820
80.850 94.860
94.860 99.000
99.120 100.980
101.070 104.820
104.880 110.490
110.490 119.040
119.040 119.640
119.700 124.770
125.250 134.610
134.610 141.900
141.900 149.640
149.670 152.730
152.730 162.000
162.000 165.390
165.390 168.120
168.330 172.410
172.590 176.760
177.030 178.800
178.800 183.840
184.620 187.170
187.170 193.980
194.100 198.660
198.660 201.300
201.300 208.530
208.530 211.470
211.890 216.330
216.570 219.960
219.990 228.630
228.750 230.910
230.910 242.190
242.220 243.630
243.630 245.070
245.070 248.400
248.400 253.530
253.530 259.830
259.830 262.440
262.440 266.880
266.880 269.880
270.330 272.220
272.400 274.710
274.860 276.210
276.210 278.370
278.700 285.600
285.750 300.870
301.350 320.490
320.520 324.480
324.480 327.540
327.600 331.020
331.170 334.440
334.440 339.000
340.380 350.820
351.810 355.050
355.050 362.490
362.490 365.250
365.250 366.600
367.800 370.830
371.040 373.200
373.350 375.960
376.290 378.840
379.590 385.710
385.710 399.690
399.690 404.040
404.040 405.960
406.080 407.160
