0.000 8.760
8.760 16.110
16.800 23.280
23.880 27.420
27.420 31.800
31.800 39.390
39.960 46.170
46.440 64.050
64.620 74.610
75.240 76.650
76.650 82.290
82.290 86.250
87.030 92.400
92.400 94.440
95.280 97.950
97.950 101.730
102.780 108.480
108.480 110.400
110.550 112.410
112.470 116.550
116.670 121.590
121.680 123.690
123.690 126.510
126.510 129.600
130.620 135.030
135.300 140.520
140.640 145.080
146.130 151.620
151.890 157.260
158.100 166.800
167.910 176.790
176.790 179.280
179.790 181.440
181.440 184.470
185.100 191.160
