0.000 8.640
8.760 12.810
12.810 16.320
16.380 18.360
18.360 26.490
27.090 29.730
30.210 32.880
33.090 38.250
38.250 41.730
41.730 46.530
46.530 48.420
48.660 50.370
50.580 53.580
53.700 60.450
60.600 63.060
63.060 66.840
67.320 71.730
71.730 75.720
75.750 81.180
81.390 88.140
88.230 96.300
96.360 98.160
98.160 104.070
104.280 106.800
106.800 109.050
109.200 113.370
113.370 115.320
116.040 117.810
117.810 123.780
123.780 126.900
127.080 130.560
130.560 133.020
133.500 136.440
136.440 139.080
139.500 142.800
142.800 146.400
146.400 149.310
149.310 152.700
152.760 156.240
156.330 162.480
162.750 163.110
