0.060 10.110
10.620 13.800
14.040 20.400
22.290 28.170
29.340 39.360
40.410 44.760
44.970 51.600
51.600 53.910
54.450 63.360
64.830 70.680
73.290 85.290
86.100 88.740
88.890 105.060
105.150 105.750
105.840 114.930
115.080 118.020
119.220 120.210
120.210 131.940
132.030 139.170
139.950 145.830
148.650 150.300
150.300 159.930
159.930 162.600
163.980 186.270
187.200 194.610
195.180 208.350
208.680 226.590
227.610 239.400
239.790 240.390
243.030 261.810
261.900 266.190
266.400 272.790
273.510 274.920
274.920 277.800
277.800 283.530
284.040 287.610
