0.120 8.400
9.330 12.990
12.990 15.900
16.230 20.280
20.280 21.780
21.780 27.660
27.660 29.400
29.400 32.310
32.430 38.610
39.120 44.100
44.100 46.470
46.500 49.650
49.920 50.640
50.640 56.850
57.210 61.050
61.110 62.910
62.910 65.280
65.280 67.620
67.620 69.360
69.750 75.810
76.320 78.150
78.240 80.190
80.670 88.530
88.710 91.200
91.200 93.780
94.320 96.390
96.690 104.610
106.260 111.270
113.040 118.470
118.470 122.550
123.240 127.740
127.740 129.420
129.420 132.360
133.170 134.550
134.580 137.280
137.280 142.410
143.250 147.630
147.630 151.380
151.380 154.950
155.760 167.370
168.630 170.520
170.520 172.200
172.560 173.760
173.910 176.430
176.610 179.190
179.190 180.780
180.780 183.120
183.390 186.690
186.780 188.490
188.490 191.550
191.700 193.500
193.680 197.160
197.310 199.740
200.250 203.010
203.010 204.030
204.030 206.790
206.790 210.120
210.480 211.770
211.800 213.360
213.780 217.800
217.800 221.790
222.120 224.670
224.790 230.880
231.150 235.080
235.470 236.580
236.580 238.890
238.890 242.430
242.820 248.520
248.820 251.730
252.360 253.590
254.310 258.390
258.390 259.650
259.710 261.030
261.060 263.610
264.270 266.610
267.330 268.260
268.500 271.290
271.290 274.800
275.100 278.400
278.400 281.070
281.280 286.230
286.710 290.640
290.640 293.220
293.640 295.020
295.020 300.270
301.050 304.860
304.860 306.840
307.110 308.730
308.730 312.840
312.840 315.780
316.140 319.620
319.650 321.990
321.990 324.330
324.330 326.160
326.190 328.890
328.890 331.620
331.770 340.650
340.980 344.340
344.340 347.640
348.030 351.570
351.570 354.330
354.840 361.260
361.410 363.480
363.570 365.670
365.790 372.960
373.200 378.210
378.210 382.980
383.250 385.530
385.950 389.970
390.090 391.320
391.560 396.090
396.090 397.890
397.890 399.630
399.690 403.950
403.980 406.140
406.260 408.390
408.420 410.160
410.160 413.040
413.040 414.960
414.960 417.420
418.470 422.640
422.670 427.170
427.410 429.990
429.990 432.060
432.150 434.280
434.340 437.100
437.160 439.320
439.410 442.050
442.260 444.030
444.030 445.080
445.080 447.300
447.870 451.170
451.170 454.290
454.290 457.620
457.770 460.110
460.110 464.730
464.730 478.200
478.200 485.190
485.910 488.610
488.640 493.410
494.100 498.000
498.000 499.530
499.830 503.820
503.940 505.620
506.190 508.140
510.150 513.090
514.620 516.210
518.400 522.960
523.140 525.600
525.600 527.550
527.550 531.060
531.330 538.350
538.350 539.130
539.310 543.210
544.410 546.870
546.930 549.420
549.750 552.150
552.900 555.990
556.290 560.370
562.080 567.390
567.540 568.500
568.680 570.990
571.800 575.370
576.150 580.500
580.920 583.110
583.170 584.520
585.840 593.250
594.810 597.630
597.930 599.700
599.910 601.710
601.710 603.540
603.600 606.030
606.030 607.380
607.470 611.880
612.150 616.530
616.770 618.780
618.900 622.380
622.620 624.270
624.270 626.280
626.490 630.870
631.080 633.600
633.600 636.060
636.360 638.430
638.550 640.140
640.140 642.990
643.110 644.880
645.420 647.070
647.760 650.430
650.430 655.770
655.770 658.500
658.500 661.980
662.310 665.190
665.280 668.910
668.910 671.790
671.850 674.730
675.090 677.700
677.700 679.650
679.650 683.160
683.190 688.230
689.070 691.470
691.560 693.300
694.080 695.550
696.390 699.900
700.740 702.720
704.460 706.740
706.920 708.300
708.420 711.330
711.600 713.580
713.940 715.470
715.470 717.210
717.210 719.700
719.700 721.350
721.350 726.720
726.900 728.580
729.390 730.500
730.650 732.150
732.210 735.300
737.070 738.090
738.120 741.090
741.930 744.450
745.170 746.670
746.970 749.160
749.520 755.580
755.910 757.770
757.980 763.890
763.980 766.230
766.530 769.980
770.400 774.570
774.780 777.210
777.240 778.290
778.290 784.320
784.320 788.430
788.460 792.930
792.930 795.210
795.240 798.450
798.720 802.860
803.370 806.670
806.730 809.610
809.670 811.260
811.560 813.660
813.780 815.520
815.550 818.730
818.730 821.370
821.490 824.580
824.580 826.230
826.470 830.940
830.940 834.060
834.060 838.500
838.500 841.380
841.650 850.980
851.370 854.610
854.610 858.780
859.140 866.910
866.970 868.920
868.920 880.650
880.830 882.780
882.780 884.730
884.760 886.440
886.440 888.090
888.210 896.070
896.160 899.430
899.580 901.530
901.530 907.230
907.320 912.270
912.270 914.790
914.790 915.840
915.900 919.200
919.590 921.750
922.050 924.180
924.180 927.540
927.690 930.240
931.410 933.000
933.000 935.310
935.310 937.800
937.800 940.830
941.160 947.460
947.700 951.600
951.720 958.530
959.100 961.170
961.170 964.320
964.380 967.410
967.410 969.870
969.870 972.630
973.410 974.310
974.400 975.210
975.240 977.250
977.340 979.680
979.680 984.300
984.390 988.170
988.470 1002.840
1005.240 1005.660
