1.410 7.650
7.650 10.710
10.740 15.390
15.420 33.360
34.380 41.910
41.910 57.840
58.350 66.270
66.270 68.850
69.030 76.050
79.860 84.240
84.270 94.890
95.580 96.510
96.510 111.150
111.180 114.030
115.350 122.700
122.880 126.810
127.170 132.300
132.690 141.030
141.300 143.790
144.270 146.730
148.170 152.400
152.970 155.280
155.580 159.030
159.030 173.850
187.230 192.060
192.570 194.280
194.520 196.740
197.130 210.240
210.480 217.410
217.410 224.520
224.550 226.080
226.140 230.520
230.520 235.740
236.190 237.300
